model,num_irrelevant,max_allowed_features,target_feature,dataset,year_start,year_end,splitsize,max_lag,init_lag,max_forecast,mae_score,corr_score,n_total_features,selected_feature_list,feature_importances,selected_features
LinearRegression,0,10,naoPSLjfm,picntrl,1514.5,2050.5,0.8,15,1,1,15.441506165675708,0.01124473885981132,567,"['1_lag_7_median_atlSICjfm', '1_lag_9_median_stratZ50ndj01', '1_lag_8_median_amoSSTjfm', '1_lag_11_median_eurPSLjfm', '1_lag_5_median_nppc2SSTjfm', '1_lag_9_median_eapPSLjfm', '1_lag_6_median_amo2', '1_lag_10_median_AMOCann', '1_lag_9_median_stratZ50ndj02', '1_lag_11_median_naoPSLjfm']","[0.0017443066678087494, 0.3923259249743628, 0.11920368480277965, 0.11464749060413093, 0.007647667347079862, 0.007813713017144834, 0.030562359390538335, 0.05252963611732786, 0.12177652279549725, 0.10039790058849268]","1_lag_7_median_atlSICjfm, 1_lag_9_median_stratZ50ndj01, 1_lag_8_median_amoSSTjfm, 1_lag_11_median_eurPSLjfm, 1_lag_5_median_nppc2SSTjfm, 1_lag_9_median_eapPSLjfm, 1_lag_6_median_amo2, 1_lag_10_median_AMOCann, 1_lag_9_median_stratZ50ndj02, 1_lag_11_median_naoPSLjfm_567_1"
LinearRegression,1,10,naoPSLjfm,picntrl,1515.5,2050.5,0.8,16,1,1,15.268457245166852,0.10922546201893864,609,"['1_lag_5_median_amo1', '1_lag_9_median_eapPSLjfm', '1_lag_11_median_stratZ50ndj03', '1_lag_6_median_stratZ50ndj03', '1_lag_15_median_amo1', '1_lag_7_median_atlSICjfm', '1_lag_10_median_AMOCann', '1_lag_13_median_eapPSLjfm', '1_lag_11_median_naoPSLjfm', '1_lag_6_median_amo2']","[0.03701544612947418, 0.11876397414253281, 0.1340118639309561, 0.02385764555454242, 0.13749267533374093, 0.03324827760828096, 0.07569033846858575, 0.2056234088909925, 0.049278961078763533, 0.0735569964590521]","1_lag_5_median_amo1, 1_lag_9_median_eapPSLjfm, 1_lag_11_median_stratZ50ndj03, 1_lag_6_median_stratZ50ndj03, 1_lag_15_median_amo1, 1_lag_7_median_atlSICjfm, 1_lag_10_median_AMOCann, 1_lag_13_median_eapPSLjfm, 1_lag_11_median_naoPSLjfm, 1_lag_6_median_amo2_609_1"
LinearRegression,2,10,naoPSLjfm,picntrl,1516.5,2050.5,0.8,17,1,1,15.373454367764673,0.016754900923161255,651,"['1_lag_4_median_AMOCann', '1_lag_13_median_amoSSTjfm', '5_lag_amoSSTjfm', '1_lag_8_median_stratZ50ndj03', '1_lag_5_median_stratZ50ndj02', '1_lag_13_median_eapPSLjfm', '1_lag_8_median_eapPSLjfm', '1_lag_11_median_stratZ50ndj03', '1_lag_10_median_AMOCann', '1_lag_6_median_amo2']","[0.05170566284129646, 0.15941861640730984, 0.08229125170069772, 0.11246397019549356, 0.16181802717625376, 0.21408991255855025, 0.07409388985020332, 0.008593332276976139, 0.1222482566758274, 0.05318135039161019]","1_lag_4_median_AMOCann, 1_lag_13_median_amoSSTjfm, 5_lag_amoSSTjfm, 1_lag_8_median_stratZ50ndj03, 1_lag_5_median_stratZ50ndj02, 1_lag_13_median_eapPSLjfm, 1_lag_8_median_eapPSLjfm, 1_lag_11_median_stratZ50ndj03, 1_lag_10_median_AMOCann, 1_lag_6_median_amo2_651_1"
LinearRegression,3,10,naoPSLjfm,picntrl,1517.5,2050.5,0.8,18,1,1,15.529627874859798,-0.05334809900155303,693,"['1_lag_5_median_stratZ50ndj02', '1_lag_6_median_AMOCann', '1_lag_15_median_amo1', '1_lag_6_median_stratZ50ndj03', '1_lag_4_median_amoSSTjfm', '1_lag_10_median_AMOCann', '1_lag_13_median_amoSSTjfm', '1_lag_4_median_AMOCann', '1_lag_8_median_eapPSLjfm', '1_lag_6_median_amo2']","[0.16886629982824694, 0.007314499778631273, 0.12764681682986287, 0.030059980008636245, 0.05172954599570809, 0.11069982130978837, 0.019597586516458845, 0.027367041105282326, 0.009642823446790703, 0.07886000571562986]","1_lag_5_median_stratZ50ndj02, 1_lag_6_median_AMOCann, 1_lag_15_median_amo1, 1_lag_6_median_stratZ50ndj03, 1_lag_4_median_amoSSTjfm, 1_lag_10_median_AMOCann, 1_lag_13_median_amoSSTjfm, 1_lag_4_median_AMOCann, 1_lag_8_median_eapPSLjfm, 1_lag_6_median_amo2_693_1"
LinearRegression,4,10,naoPSLjfm,picntrl,1518.5,2050.5,0.8,19,1,1,15.306671708449262,-0.015078325758423793,735,"['1_lag_15_median_shSICmar', '1_lag_16_median_AMOCann', '1_lag_13_median_amoSSTjfm', '4_lag_amo3', '1_lag_4_median_amoSSTjfm', '1_lag_6_median_stratZ50ndj03', '1_lag_16_median_naoPSLjfm', '1_lag_8_median_eapPSLjfm', '1_lag_4_median_AMOCann', '1_lag_6_median_amo2']","[0.016876180080046845, 0.29769284105622806, 0.18130636773559577, 0.09331851964571558, 0.010683945123400937, 0.02359948357958923, 0.30041654306015375, 0.07262973922353468, 0.12295690625963257, 0.08332932971547587]","1_lag_15_median_shSICmar, 1_lag_16_median_AMOCann, 1_lag_13_median_amoSSTjfm, 4_lag_amo3, 1_lag_4_median_amoSSTjfm, 1_lag_6_median_stratZ50ndj03, 1_lag_16_median_naoPSLjfm, 1_lag_8_median_eapPSLjfm, 1_lag_4_median_AMOCann, 1_lag_6_median_amo2_735_1"
LinearRegression,5,10,naoPSLjfm,picntrl,1519.5,2050.5,0.8,20,1,1,15.5648319918558,-0.02591720183594368,777,"['1_lag_10_median_amo1', '15_lag_amoSSTmjjaso', '4_lag_naoPSLjfm', '1_lag_4_median_AMOCann', '8_lag_shSICsep', '9_lag_nhSICsep', '1_lag_10_median_nhSICsep', '9_lag_nhSICjfm', '1_lag_6_median_amo2', '1_lag_6_median_stratZ50ndj03']","[0.18626102417182194, 0.04139506558334275, 0.018691350239447253, 0.057677170283723045, 0.014889336571611796, 0.10434042745487149, 0.06156214219416866, 0.11974329026752578, 0.06782833402658701, 0.03544650097058259]","1_lag_10_median_amo1, 15_lag_amoSSTmjjaso, 4_lag_naoPSLjfm, 1_lag_4_median_AMOCann, 8_lag_shSICsep, 9_lag_nhSICsep, 1_lag_10_median_nhSICsep, 9_lag_nhSICjfm, 1_lag_6_median_amo2, 1_lag_6_median_stratZ50ndj03_777_1"
LinearRegression,6,10,naoPSLjfm,picntrl,1520.5,2050.5,0.8,21,1,1,15.598116573654918,-0.07974264628096298,819,"['9_lag_nhSICsep', '9_lag_amo2', '12_lag_amoSSTmjjaso', '1_lag_10_median_nhSICjfm', '1_lag_4_median_stratZ50ndj02', '1_lag_10_median_nhSICsep', '1_lag_6_median_stratZ50ndj03', '4_lag_nppc2SSTjfm', '1_lag_6_median_amo2', '9_lag_nhSICjfm']","[0.10342734567985538, 0.04792221452945363, 0.022040822164215844, 0.06473460628457307, 0.0735315267862674, 0.00041058409871778945, 0.00862356757650587, 0.03863310325276188, 0.009788123795047805, 0.12539936088238923]","9_lag_nhSICsep, 9_lag_amo2, 12_lag_amoSSTmjjaso, 1_lag_10_median_nhSICjfm, 1_lag_4_median_stratZ50ndj02, 1_lag_10_median_nhSICsep, 1_lag_6_median_stratZ50ndj03, 4_lag_nppc2SSTjfm, 1_lag_6_median_amo2, 9_lag_nhSICjfm_819_1"
LinearRegression,7,10,naoPSLjfm,picntrl,1521.5,2050.5,0.8,22,1,1,15.371594182319805,0.035519824940472185,861,"['1_lag_naoPSLjfm', '4_lag_nppc2SSTjfm', '8_lag_shSICsep', '1_lag_4_median_AMOCann', '1_lag_4_median_scpPSLjfm', '1_lag_9_median_naoPSLjfm', '9_lag_nhSICjfm', '1_lag_6_median_amo2', '1_lag_4_median_stratZ50ndj02', '1_lag_4_median_stratZ50ndj03']","[0.0704065459043662, 0.041405978392436135, 0.022840867174399208, 0.045899224874429774, 0.02586399978146433, 0.004468881163964848, 0.02115832139786018, 0.01872657523633616, 0.07944193842413791, 0.022500219487513833]","1_lag_naoPSLjfm, 4_lag_nppc2SSTjfm, 8_lag_shSICsep, 1_lag_4_median_AMOCann, 1_lag_4_median_scpPSLjfm, 1_lag_9_median_naoPSLjfm, 9_lag_nhSICjfm, 1_lag_6_median_amo2, 1_lag_4_median_stratZ50ndj02, 1_lag_4_median_stratZ50ndj03_861_1"
LinearRegression,8,10,naoPSLjfm,picntrl,1522.5,2050.5,0.8,23,1,1,15.636530211351618,-0.08237088428244103,903,"['6_lag_nppc2SSTjfm', '1_lag_4_median_scpPSLjfm', '15_lag_amoSSTmjjaso', '1_lag_4_median_AMOCann', '19_lag_eurPSLjfm', '14_lag_shSICsep', '21_lag_nppc2SSTjfm', '1_lag_naoPSLjfm', '1_lag_4_median_stratZ50ndj02', '1_lag_4_median_stratZ50ndj03']","[0.06301212358169049, 0.04029637692384682, 0.0349703615238053, 0.028476420042932972, 0.03652046177466086, 0.08194978863279499, 0.005894575687984294, 0.06278778901317662, 0.09370735524851669, 0.01302096309628527]","6_lag_nppc2SSTjfm, 1_lag_4_median_scpPSLjfm, 15_lag_amoSSTmjjaso, 1_lag_4_median_AMOCann, 19_lag_eurPSLjfm, 14_lag_shSICsep, 21_lag_nppc2SSTjfm, 1_lag_naoPSLjfm, 1_lag_4_median_stratZ50ndj02, 1_lag_4_median_stratZ50ndj03_903_1"
LinearRegression,9,10,naoPSLjfm,picntrl,1523.5,2050.5,0.8,24,1,1,15.923218509349125,-0.11312763889254457,945,"['9_lag_nhSICjfm', '1_lag_AMOCann', '1_lag_4_median_AMOCann', '1_lag_4_median_stratZ50ndj02', '19_lag_stratZ50ndj02', '1_lag_naoPSLjfm', '14_lag_shSICsep', '23_lag_nhSICjfm', '21_lag_nppc2SSTjfm', '1_lag_4_median_stratZ50ndj03']","[0.014202657467502279, 0.1733198046733402, 0.12059568060811912, 0.09456068753887831, 0.07909899245626004, 0.043468590613506164, 0.0947768467795724, 0.009030196714639073, 0.012166018994305777, 0.007747029585979767]","9_lag_nhSICjfm, 1_lag_AMOCann, 1_lag_4_median_AMOCann, 1_lag_4_median_stratZ50ndj02, 19_lag_stratZ50ndj02, 1_lag_naoPSLjfm, 14_lag_shSICsep, 23_lag_nhSICjfm, 21_lag_nppc2SSTjfm, 1_lag_4_median_stratZ50ndj03_945_1"
LinearRegression,10,10,naoPSLjfm,picntrl,1524.5,2050.5,0.8,25,1,1,15.83977178751842,-0.10810253398887926,987,"['6_lag_nppc2SSTjfm', '21_lag_nppc2SSTjfm', '1_lag_AMOCann', '18_lag_scpPSLjfm', '23_lag_nhSICjfm', '19_lag_stratZ50ndj02', '3_lag_AMOCann', '14_lag_shSICsep', '1_lag_naoPSLjfm', '1_lag_4_median_stratZ50ndj03']","[0.08014347919045559, 0.0006752123549779582, 0.13822066438401168, 0.05140972760835144, 0.017849858488345763, 0.08506317916871184, 0.03493309438823926, 0.09612686137266965, 0.039952708273800416, 0.019509007595347752]","6_lag_nppc2SSTjfm, 21_lag_nppc2SSTjfm, 1_lag_AMOCann, 18_lag_scpPSLjfm, 23_lag_nhSICjfm, 19_lag_stratZ50ndj02, 3_lag_AMOCann, 14_lag_shSICsep, 1_lag_naoPSLjfm, 1_lag_4_median_stratZ50ndj03_987_1"
LinearRegression,11,10,naoPSLjfm,picntrl,1525.5,2050.5,0.8,26,1,1,15.898553703058333,-0.086190242758976,1029,"['1_lag_AMOCann', '6_lag_nppc2SSTjfm', '8_lag_shSICsep', '3_lag_nppc2SSTjfm', '14_lag_shSICsep', '1_lag_naoPSLjfm', '21_lag_nppc2SSTjfm', '19_lag_stratZ50ndj02', '3_lag_AMOCann', '1_lag_4_median_stratZ50ndj03']","[0.14051972478124372, 0.08374093691155372, 0.06186089236681045, 0.06495523373256196, 0.12332963708756997, 0.03802609107502467, 0.014785755440269261, 0.08646963900047981, 0.04208582551361725, 0.016154386023170313]","1_lag_AMOCann, 6_lag_nppc2SSTjfm, 8_lag_shSICsep, 3_lag_nppc2SSTjfm, 14_lag_shSICsep, 1_lag_naoPSLjfm, 21_lag_nppc2SSTjfm, 19_lag_stratZ50ndj02, 3_lag_AMOCann, 1_lag_4_median_stratZ50ndj03_1029_1"
LinearRegression,12,10,naoPSLjfm,picntrl,1526.5,2050.5,0.8,27,1,1,15.411379407779362,0.050333330495952684,1071,"['26_lag_scpPSLjfm', '1_lag_naoPSLjfm', '14_lag_shSICsep', '19_lag_stratZ50ndj02', '21_lag_nppc2SSTjfm', '5_lag_atlSICjfm', '24_lag_atlSICjfm', '8_lag_shSICsep', '3_lag_AMOCann', '1_lag_4_median_stratZ50ndj03']","[0.09930146987889023, 0.06308485043471607, 0.1092810501437327, 0.07710919999286243, 0.014157638404813433, 0.033011258350337816, 0.005335602572970841, 0.05931811437718601, 0.03601806930706056, 0.0024170869060647898]","26_lag_scpPSLjfm, 1_lag_naoPSLjfm, 14_lag_shSICsep, 19_lag_stratZ50ndj02, 21_lag_nppc2SSTjfm, 5_lag_atlSICjfm, 24_lag_atlSICjfm, 8_lag_shSICsep, 3_lag_AMOCann, 1_lag_4_median_stratZ50ndj03_1071_1"
LinearRegression,13,10,naoPSLjfm,picntrl,1527.5,2050.5,0.8,28,1,1,15.551447552351677,0.008676012429538934,1113,"['1_lag_naoPSLjfm', '5_lag_atlSICjfm', '14_lag_amo2', '27_lag_AMOCann', '8_lag_nppc2SSTjfm', '24_lag_atlSICjfm', '3_lag_AMOCann', '1_lag_4_median_stratZ50ndj03', '21_lag_nppc2SSTjfm', '16_lag_amoSSTmjjaso']","[0.055425050254634164, 0.02084773392315753, 0.1213136506825732, 0.09303575897255029, 0.05787471667559235, 0.04120896918340044, 0.037787190810944934, 0.0212314436423839, 0.04400263970712068, 0.0860120770040377]","1_lag_naoPSLjfm, 5_lag_atlSICjfm, 14_lag_amo2, 27_lag_AMOCann, 8_lag_nppc2SSTjfm, 24_lag_atlSICjfm, 3_lag_AMOCann, 1_lag_4_median_stratZ50ndj03, 21_lag_nppc2SSTjfm, 16_lag_amoSSTmjjaso_1113_1"
LinearRegression,14,10,naoPSLjfm,picntrl,1528.5,2050.5,0.8,29,1,1,15.559513468374897,-0.0878461777666874,1155,"['1_lag_naoPSLjfm', '9_lag_nhSICjfm', '7_lag_amo2', '6_lag_nppc2SSTjfm', '3_lag_AMOCann', '24_lag_atlSICjfm', '5_lag_atlSICjfm', '8_lag_nppc2SSTjfm', '21_lag_nppc2SSTjfm', '16_lag_amoSSTmjjaso']","[0.0630109973058915, 0.0003396923846284011, 0.047125173711786386, 0.09062525007824702, 0.03500284400678776, 0.027927167143204437, 0.02595999761958435, 0.07945631183552732, 0.02520236338792664, 0.09649496276493272]","1_lag_naoPSLjfm, 9_lag_nhSICjfm, 7_lag_amo2, 6_lag_nppc2SSTjfm, 3_lag_AMOCann, 24_lag_atlSICjfm, 5_lag_atlSICjfm, 8_lag_nppc2SSTjfm, 21_lag_nppc2SSTjfm, 16_lag_amoSSTmjjaso_1155_1"
LinearRegression,15,10,naoPSLjfm,picntrl,1529.5,2050.5,0.8,30,1,1,15.75085631720598,-0.040758608559176235,1197,"['1_lag_naoPSLjfm', '18_lag_eurPSLjfm', '29_lag_eurPSLjfm', '7_lag_amo2', '8_lag_nppc2SSTjfm', '5_lag_atlSICjfm', '21_lag_nppc2SSTjfm', '15_lag_amo1', '6_lag_nppc2SSTjfm', '16_lag_amoSSTmjjaso']","[0.06458799195527275, 0.02396190283995842, 0.03444586765203401, 0.04570159952020198, 0.07401084288893885, 0.011005825009840261, 0.029338470476634636, 0.1655911836603062, 0.10841386128828015, 0.15956173073835733]","1_lag_naoPSLjfm, 18_lag_eurPSLjfm, 29_lag_eurPSLjfm, 7_lag_amo2, 8_lag_nppc2SSTjfm, 5_lag_atlSICjfm, 21_lag_nppc2SSTjfm, 15_lag_amo1, 6_lag_nppc2SSTjfm, 16_lag_amoSSTmjjaso_1197_1"
LinearRegression,16,10,naoPSLjfm,picntrl,1530.5,2050.5,0.8,31,1,3,16.341955516310893,-0.12387568093280323,1239,"['19_lag_stratZ50ndj02', '23_lag_amoSSTmjjaso', '27_lag_AMOCann', '8_lag_nppc2SSTjfm', '18_lag_eurPSLjfm', '30_lag_shSICsep', '3_lag_AMOCann', '15_lag_amo1', '6_lag_nppc2SSTjfm', '16_lag_amoSSTmjjaso']","[0.10586044635415529, 0.10407029645158025, 0.07943886899795163, 0.08384368525561271, 0.011544763016589524, 0.028871537489016882, 0.026269159855868335, 0.17765066508307087, 0.11140456953814527, 0.17170258981561343]","19_lag_stratZ50ndj02, 23_lag_amoSSTmjjaso, 27_lag_AMOCann, 8_lag_nppc2SSTjfm, 18_lag_eurPSLjfm, 30_lag_shSICsep, 3_lag_AMOCann, 15_lag_amo1, 6_lag_nppc2SSTjfm, 16_lag_amoSSTmjjaso_1239_3"
LinearRegression,17,10,naoPSLjfm,picntrl,1531.5,2050.5,0.8,32,2,2,16.172473586001452,-0.18044574980031491,1239,"['18_lag_shSICsep', '16_lag_amoSSTmjjaso', '5_lag_atlSICjfm', '13_lag_shSICmar', '30_lag_stratZ50ndj03', '8_lag_nppc2SSTjfm', '2_lag_amo2', '23_lag_amoSSTmjjaso', '6_lag_nppc2SSTjfm', '30_lag_shSICsep']","[0.11325905864336777, 0.07965384478530625, 0.019752296215303704, 0.0537640182965562, 0.023329113330311957, 0.06921245361815101, 0.005431936123634882, 0.0770620428681942, 0.10045404620742311, 0.04970690391701062]","18_lag_shSICsep, 16_lag_amoSSTmjjaso, 5_lag_atlSICjfm, 13_lag_shSICmar, 30_lag_stratZ50ndj03, 8_lag_nppc2SSTjfm, 2_lag_amo2, 23_lag_amoSSTmjjaso, 6_lag_nppc2SSTjfm, 30_lag_shSICsep_1239_2"
LinearRegression,18,10,naoPSLjfm,picntrl,1532.5,2050.5,0.8,33,3,3,15.615537136862407,-0.0015366906895552543,1239,"['13_lag_shSICmar', '23_lag_amoSSTmjjaso', '13_lag_AMOCann', '16_lag_atlSICjfm', '28_lag_shSICmar', '32_lag_amo2', '26_lag_amoSSTmjjaso', '8_lag_nppc2SSTjfm', '14_lag_amo2', '3_lag_amo3']","[0.06257650356613985, 0.08293978224295867, 0.11974103044593608, 0.05351525923177588, 0.008979664362676693, 0.11889546814300092, 0.08042700503805965, 0.049602922118156846, 0.09614977618254081, 0.08564123516748524]","13_lag_shSICmar, 23_lag_amoSSTmjjaso, 13_lag_AMOCann, 16_lag_atlSICjfm, 28_lag_shSICmar, 32_lag_amo2, 26_lag_amoSSTmjjaso, 8_lag_nppc2SSTjfm, 14_lag_amo2, 3_lag_amo3_1239_3"
LinearRegression,19,10,naoPSLjfm,picntrl,1533.5,2050.5,0.8,34,4,8,15.60778442686591,0.060502295165518805,1239,"['23_lag_amoSSTmjjaso', '8_lag_nppc2SSTjfm', '14_lag_amo2', '28_lag_shSICmar', '29_lag_AMOCann', '26_lag_amoSSTmjjaso', '30_lag_shSICsep', '8_lag_AMOCann', '16_lag_atlSICjfm', '32_lag_amo2']","[0.08003129868725345, 0.044394141840125675, 0.08866955956042245, 0.01693470926530568, 0.02385025906369949, 0.07969443589905997, 0.054076100529335765, 0.10136285657878273, 0.05468541206481776, 0.1313871421444775]","23_lag_amoSSTmjjaso, 8_lag_nppc2SSTjfm, 14_lag_amo2, 28_lag_shSICmar, 29_lag_AMOCann, 26_lag_amoSSTmjjaso, 30_lag_shSICsep, 8_lag_AMOCann, 16_lag_atlSICjfm, 32_lag_amo2_1239_8"
LinearRegression,20,10,naoPSLjfm,picntrl,1534.5,2050.5,0.8,35,5,8,15.376315698031465,0.14871693840824854,1239,"['34_lag_AMOCann', '30_lag_shSICsep', '14_lag_amo2', '12_lag_eapPSLjfm', '8_lag_AMOCann', '31_lag_amo2', '29_lag_AMOCann', '16_lag_amoSSTmjjaso', '16_lag_atlSICjfm', '32_lag_amo2']","[0.07693860985685834, 0.03877825973168618, 0.08143414528817287, 0.05388761373316318, 0.09873929495756804, 0.09626902511674586, 0.027395071895810037, 0.0345946182335146, 0.04459050243820246, 0.18116288606607955]","34_lag_AMOCann, 30_lag_shSICsep, 14_lag_amo2, 12_lag_eapPSLjfm, 8_lag_AMOCann, 31_lag_amo2, 29_lag_AMOCann, 16_lag_amoSSTmjjaso, 16_lag_atlSICjfm, 32_lag_amo2_1239_8"
LinearRegression,21,10,naoPSLjfm,picntrl,1535.5,2050.5,0.8,36,6,6,15.124364379511906,0.15434570235023046,1239,"['8_lag_AMOCann', '26_lag_amoSSTmjjaso', '31_lag_amo2', '13_lag_shSICmar', '35_lag_stratZ50ndj04', '15_lag_shSICmar', '6_lag_nppc2SSTjfm', '14_lag_amo2', '16_lag_atlSICjfm', '32_lag_amo2']","[0.09894536934909025, 0.07765944539487185, 0.12257141155194859, 0.10090356014568656, 0.1018662877552603, 0.06932097933320186, 0.07572197901437602, 0.07131821179355383, 0.0629198687480005, 0.1819254070266799]","8_lag_AMOCann, 26_lag_amoSSTmjjaso, 31_lag_amo2, 13_lag_shSICmar, 35_lag_stratZ50ndj04, 15_lag_shSICmar, 6_lag_nppc2SSTjfm, 14_lag_amo2, 16_lag_atlSICjfm, 32_lag_amo2_1239_6"
LinearRegression,22,10,naoPSLjfm,picntrl,1536.5,2050.5,0.8,37,7,7,15.5359435669916,0.09749758113713655,1239,"['29_lag_AMOCann', '26_lag_amoSSTmjjaso', '7_lag_amo2', '31_lag_shSICsep', '14_lag_amo2', '30_lag_shSICsep', '31_lag_amo2', '16_lag_atlSICjfm', '32_lag_stratZ50ndj03', '32_lag_amo2']","[0.03042799171449463, 0.09297033120815856, 0.015613395516787072, 0.06747664241182222, 0.0902221773047716, 0.01159633309871419, 0.10903611933006274, 0.07263078045943222, 0.04608974062209432, 0.18521173632272056]","29_lag_AMOCann, 26_lag_amoSSTmjjaso, 7_lag_amo2, 31_lag_shSICsep, 14_lag_amo2, 30_lag_shSICsep, 31_lag_amo2, 16_lag_atlSICjfm, 32_lag_stratZ50ndj03, 32_lag_amo2_1239_7"
LinearRegression,23,10,naoPSLjfm,picntrl,1537.5,2050.5,0.8,38,8,16,15.970233027541273,0.018160698275703612,1239,"['20_lag_nhSICsep', '25_lag_amo3', '33_lag_stratZ50ndj03', '29_lag_AMOCann', '32_lag_shSICsep', '35_lag_amo2', '16_lag_atlSICjfm', '20_lag_shSICsep', '32_lag_amo2', '32_lag_stratZ50ndj03']","[0.16332712163551727, 0.07393281914141893, 0.18526551855363887, 0.030441990677955832, 0.011540247080290791, 0.06304795328155441, 0.05616982368462759, 0.01334277838466481, 0.14408638353805353, 0.011247793078192238]","20_lag_nhSICsep, 25_lag_amo3, 33_lag_stratZ50ndj03, 29_lag_AMOCann, 32_lag_shSICsep, 35_lag_amo2, 16_lag_atlSICjfm, 20_lag_shSICsep, 32_lag_amo2, 32_lag_stratZ50ndj03_1239_16"
LinearRegression,24,10,naoPSLjfm,picntrl,1538.5,2050.5,0.8,39,9,13,16.320533031515655,-0.028285039586278277,1239,"['16_lag_atlSICjfm', '34_lag_stratZ50ndj03', '13_lag_amo1', '35_lag_amo2', '14_lag_amo2', '22_lag_eapPSLjfm', '20_lag_nhSICsep', '33_lag_stratZ50ndj03', '29_lag_AMOCann', '32_lag_stratZ50ndj03']","[0.04445942781539724, 0.025617536917677736, 0.06647827777354698, 0.05280562283533946, 0.07881199821924684, 0.044128326934062885, 0.1659934510224402, 0.16741993793454568, 0.045333438312485125, 0.022918926481660343]","16_lag_atlSICjfm, 34_lag_stratZ50ndj03, 13_lag_amo1, 35_lag_amo2, 14_lag_amo2, 22_lag_eapPSLjfm, 20_lag_nhSICsep, 33_lag_stratZ50ndj03, 29_lag_AMOCann, 32_lag_stratZ50ndj03_1239_13"
LinearRegression,25,10,naoPSLjfm,picntrl,1539.5,2050.5,0.8,40,10,10,15.336453509043064,0.07979214888775146,1239,"['28_lag_shSICmar', '32_lag_stratZ50ndj03', '10_lag_shSICmar', '34_lag_stratZ50ndj03', '20_lag_scpPSLjfm', '35_lag_amo2', '33_lag_stratZ50ndj03', '39_lag_atlSICjfm', '20_lag_nhSICsep', '29_lag_AMOCann']","[0.04033428855855344, 0.019071970464355756, 0.09544363311738391, 0.024965310984759785, 0.1720821459468663, 0.05068789581202077, 0.1834178042148755, 0.17609636778266344, 0.15295366781955244, 0.08485289894977886]","28_lag_shSICmar, 32_lag_stratZ50ndj03, 10_lag_shSICmar, 34_lag_stratZ50ndj03, 20_lag_scpPSLjfm, 35_lag_amo2, 33_lag_stratZ50ndj03, 39_lag_atlSICjfm, 20_lag_nhSICsep, 29_lag_AMOCann_1239_10"
LinearRegression,26,10,naoPSLjfm,picntrl,1540.5,2050.5,0.8,41,11,11,15.734645983623759,0.10683050663664363,1239,"['32_lag_stratZ50ndj03', '14_lag_amo2', '15_lag_shSICmar', '20_lag_nhSICsep', '34_lag_stratZ50ndj03', '35_lag_amo2', '11_lag_amo3', '39_lag_atlSICjfm', '33_lag_stratZ50ndj03', '29_lag_AMOCann']","[0.009964421797933706, 0.10865711748005893, 0.03133037647375881, 0.15983905151150749, 0.024510293931735518, 0.07701130960436506, 0.05440886003734887, 0.1565673507400593, 0.18174399104787656, 0.08576770720882163]","32_lag_stratZ50ndj03, 14_lag_amo2, 15_lag_shSICmar, 20_lag_nhSICsep, 34_lag_stratZ50ndj03, 35_lag_amo2, 11_lag_amo3, 39_lag_atlSICjfm, 33_lag_stratZ50ndj03, 29_lag_AMOCann_1239_11"
LinearRegression,27,10,naoPSLjfm,picntrl,1541.5,2050.5,0.8,42,12,14,15.96187223025917,0.07041968676376664,1239,"['17_lag_amo2', '38_lag_amo2', '29_lag_AMOCann', '40_lag_eurPSLjfm', '15_lag_shSICmar', '14_lag_amo2', '35_lag_amo2', '20_lag_nhSICsep', '39_lag_atlSICjfm', '33_lag_stratZ50ndj03']","[0.008332529563053576, 0.04864952553786725, 0.06800541730766779, 0.10879104376304391, 0.029376897718075286, 0.10246437250093177, 0.09478724196334534, 0.1591198207166205, 0.15167678715364086, 0.188704016809829]","17_lag_amo2, 38_lag_amo2, 29_lag_AMOCann, 40_lag_eurPSLjfm, 15_lag_shSICmar, 14_lag_amo2, 35_lag_amo2, 20_lag_nhSICsep, 39_lag_atlSICjfm, 33_lag_stratZ50ndj03_1239_14"
LinearRegression,28,10,naoPSLjfm,picntrl,1542.5,2050.5,0.8,43,13,13,15.711945273060302,0.01820438767583517,1239,"['15_lag_atlSICsep', '33_lag_amo2', '20_lag_scpPSLjfm', '20_lag_nhSICsep', '39_lag_atlSICjfm', '38_lag_amo2', '13_lag_amo1', '40_lag_amo2', '33_lag_stratZ50ndj03', '35_lag_amo2']","[0.04871822659963331, 0.03835810309274221, 0.16967697324049044, 0.15367367561171208, 0.14410065283838855, 0.05411831428746735, 0.07750310420641089, 0.02744642094022481, 0.19335504002162165, 0.0832890684820524]","15_lag_atlSICsep, 33_lag_amo2, 20_lag_scpPSLjfm, 20_lag_nhSICsep, 39_lag_atlSICjfm, 38_lag_amo2, 13_lag_amo1, 40_lag_amo2, 33_lag_stratZ50ndj03, 35_lag_amo2_1239_13"
LinearRegression,29,10,naoPSLjfm,picntrl,1543.5,2050.5,0.8,44,14,19,15.690673946858023,0.04753205494371195,1239,"['39_lag_stratZ50ndj03', '39_lag_amo2', '37_lag_amo2', '33_lag_stratZ50ndj03', '35_lag_amo2', '19_lag_atlSICjfm', '38_lag_amo2', '20_lag_nhSICsep', '33_lag_amo2', '40_lag_amo2']","[0.1433684620130479, 0.17265676465121185, 0.17811316617472622, 0.1759543016580745, 0.10081137502601073, 0.08912717850845396, 0.10277741836035635, 0.15047685992979767, 0.018711504023364967, 0.07876649534686865]","39_lag_stratZ50ndj03, 39_lag_amo2, 37_lag_amo2, 33_lag_stratZ50ndj03, 35_lag_amo2, 19_lag_atlSICjfm, 38_lag_amo2, 20_lag_nhSICsep, 33_lag_amo2, 40_lag_amo2_1239_19"
LinearRegression,30,10,naoPSLjfm,picntrl,1544.5,2050.5,0.8,45,15,15,16.03696000742098,0.015776676562347977,1239,"['31_lag_stratZ50ndj02', '20_lag_nhSICsep', '38_lag_naoPSLjfm', '19_lag_atlSICjfm', '25_lag_shSICsep', '33_lag_amo2', '15_lag_atlSICsep', '39_lag_amo2', '33_lag_stratZ50ndj03', '40_lag_amo2']","[0.13041416061216984, 0.15338731394362032, 0.12698577865434837, 0.06798945197294647, 0.037815961606066, 0.028315775950363914, 0.05921258894592527, 0.15194985931621138, 0.19850988487852858, 0.07703935903245576]","31_lag_stratZ50ndj02, 20_lag_nhSICsep, 38_lag_naoPSLjfm, 19_lag_atlSICjfm, 25_lag_shSICsep, 33_lag_amo2, 15_lag_atlSICsep, 39_lag_amo2, 33_lag_stratZ50ndj03, 40_lag_amo2_1239_15"
LinearRegression,31,10,naoPSLjfm,picntrl,1545.5,2050.5,0.8,46,16,20,15.882176395042421,0.06752507187170954,1239,"['25_lag_amo3', '28_lag_shSICmar', '37_lag_stratZ50ndj02', '39_lag_atlSICjfm', '33_lag_stratZ50ndj03', '38_lag_naoPSLjfm', '31_lag_amo2', '20_lag_nhSICsep', '40_lag_amo2', '39_lag_amo2']","[0.13286394081233102, 0.05344416836809415, 0.038934156768337544, 0.16045062251373787, 0.2223365420745253, 0.13020612067699688, 0.001895553761871796, 0.16885610393469308, 0.06135954567749947, 0.13450459689255875]","25_lag_amo3, 28_lag_shSICmar, 37_lag_stratZ50ndj02, 39_lag_atlSICjfm, 33_lag_stratZ50ndj03, 38_lag_naoPSLjfm, 31_lag_amo2, 20_lag_nhSICsep, 40_lag_amo2, 39_lag_amo2_1239_20"
LinearRegression,32,10,naoPSLjfm,picntrl,1546.5,2050.5,0.8,47,17,20,15.874172742473588,0.013655129021986782,1239,"['32_lag_amoSSTmjjaso', '33_lag_stratZ50ndj03', '20_lag_nhSICsep', '31_lag_amo2', '22_lag_amo2', '41_lag_scpPSLjfm', '40_lag_amo2', '38_lag_naoPSLjfm', '39_lag_amo2', '46_lag_eurPSLjfm']","[0.014042116561276583, 0.20260484902477416, 0.157977981320083, 0.03840291993433009, 0.024994108384396693, 0.10442262168669546, 0.07179799645869937, 0.11811096957279754, 0.13738103143362873, 0.1487622587534077]","32_lag_amoSSTmjjaso, 33_lag_stratZ50ndj03, 20_lag_nhSICsep, 31_lag_amo2, 22_lag_amo2, 41_lag_scpPSLjfm, 40_lag_amo2, 38_lag_naoPSLjfm, 39_lag_amo2, 46_lag_eurPSLjfm_1239_20"
LinearRegression,33,10,naoPSLjfm,picntrl,1547.5,2050.5,0.8,48,18,32,15.065008055996444,0.1747533707054896,1239,"['40_lag_scpPSLjfm', '39_lag_atlSICjfm', '33_lag_stratZ50ndj03', '32_lag_amoSSTmjjaso', '45_lag_atlSICsep', '38_lag_naoPSLjfm', '45_lag_stratZ50ndj01', '40_lag_amo2', '39_lag_amo2', '46_lag_eurPSLjfm']","[0.02001765016081534, 0.12700511533056297, 0.2013438716189574, 0.036756491574464284, 0.15069028035353638, 0.12663824080509367, 0.07892595800127356, 0.06286785600321593, 0.12503283216202854, 0.15426302454070853]","40_lag_scpPSLjfm, 39_lag_atlSICjfm, 33_lag_stratZ50ndj03, 32_lag_amoSSTmjjaso, 45_lag_atlSICsep, 38_lag_naoPSLjfm, 45_lag_stratZ50ndj01, 40_lag_amo2, 39_lag_amo2, 46_lag_eurPSLjfm_1239_32"
LinearRegression,34,10,naoPSLjfm,picntrl,1548.5,2050.5,0.8,49,19,27,15.088983547331491,0.13754105081874782,1239,"['42_lag_amo1', '45_lag_stratZ50ndj01', '32_lag_eapPSLjfm', '45_lag_atlSICsep', '27_lag_shSICsep', '32_lag_amoSSTmjjaso', '33_lag_stratZ50ndj03', '40_lag_amo2', '39_lag_amo2', '46_lag_eurPSLjfm']","[0.02865115440932738, 0.08775473508280035, 0.0015296259833295946, 0.15850321551217225, 0.02406859867205481, 0.021974441226577386, 0.19171877624043981, 0.07652965467147979, 0.16069511315928334, 0.15923220507123068]","42_lag_amo1, 45_lag_stratZ50ndj01, 32_lag_eapPSLjfm, 45_lag_atlSICsep, 27_lag_shSICsep, 32_lag_amoSSTmjjaso, 33_lag_stratZ50ndj03, 40_lag_amo2, 39_lag_amo2, 46_lag_eurPSLjfm_1239_27"
LinearRegression,35,10,naoPSLjfm,picntrl,1549.5,2050.5,0.8,50,20,20,15.113907208891328,0.1922520635887262,1239,"['42_lag_amo3', '32_lag_amoSSTmjjaso', '20_lag_25_median_amo1', '36_lag_eapPSLjfm', '27_lag_shSICsep', '40_lag_amo2', '38_lag_naoPSLjfm', '20_lag_nhSICsep', '46_lag_eurPSLjfm', '39_lag_amo2']","[0.0858063094501508, 0.008811824267152765, 0.15647995637552617, 0.03712506703671658, 0.062942710568657, 0.08726694339007261, 0.12337489076986974, 0.16529726197827851, 0.15315188600532512, 0.12448859079409902]","42_lag_amo3, 32_lag_amoSSTmjjaso, 20_lag_25_median_amo1, 36_lag_eapPSLjfm, 27_lag_shSICsep, 40_lag_amo2, 38_lag_naoPSLjfm, 20_lag_nhSICsep, 46_lag_eurPSLjfm, 39_lag_amo2_1239_20"
LinearRegression,36,10,naoPSLjfm,picntrl,1550.5,2050.5,0.8,51,21,21,15.351533898490601,0.09138142258964668,1239,"['42_lag_amo1', '42_lag_amo3', '36_lag_atlSICjfm', '41_lag_shSICmar', '21_lag_26_median_stratZ50ndj02', '38_lag_naoPSLjfm', '32_lag_amoSSTmjjaso', '39_lag_amo2', '46_lag_eurPSLjfm', '36_lag_eapPSLjfm']","[0.044515843412287946, 0.07670609770053474, 0.055717040150651355, 0.012990461266738614, 0.0950358916772613, 0.11179782967134988, 0.03696103830552782, 0.0872850915505236, 0.15018086417102425, 0.04276588094476913]","42_lag_amo1, 42_lag_amo3, 36_lag_atlSICjfm, 41_lag_shSICmar, 21_lag_26_median_stratZ50ndj02, 38_lag_naoPSLjfm, 32_lag_amoSSTmjjaso, 39_lag_amo2, 46_lag_eurPSLjfm, 36_lag_eapPSLjfm_1239_21"
LinearRegression,37,10,naoPSLjfm,picntrl,1551.5,2050.5,0.8,52,22,27,15.152357343814245,0.16505218104951622,1239,"['33_lag_stratZ50ndj03', '51_lag_stratZ50ndj03', '27_lag_shSICsep', '49_lag_shSICsep', '38_lag_nppc2SSTjfm', '38_lag_naoPSLjfm', '46_lag_eurPSLjfm', '31_lag_amo2', '39_lag_amo2', '36_lag_eapPSLjfm']","[0.20050903959316768, 0.05105468097618823, 0.016319974857660284, 0.08369900712604497, 0.10960901836998642, 0.12813734026701348, 0.17547065541917836, 0.020996467838439056, 0.12980587171378993, 0.021678930343806857]","33_lag_stratZ50ndj03, 51_lag_stratZ50ndj03, 27_lag_shSICsep, 49_lag_shSICsep, 38_lag_nppc2SSTjfm, 38_lag_naoPSLjfm, 46_lag_eurPSLjfm, 31_lag_amo2, 39_lag_amo2, 36_lag_eapPSLjfm_1239_27"
LinearRegression,38,10,naoPSLjfm,picntrl,1552.5,2050.5,0.8,53,23,28,15.61110826301799,0.031958037930634335,1239,"['46_lag_eurPSLjfm', '42_lag_amo3', '28_lag_stratZ50ndj01', '38_lag_stratZ50ndj04', '29_lag_eapPSLjfm', '36_lag_atlSICjfm', '33_lag_stratZ50ndj03', '39_lag_amo2', '31_lag_amoSSTmjjaso', '36_lag_eapPSLjfm']","[0.1578874910308091, 0.04202964287254815, 0.031119351510233845, 0.08897502983731403, 0.0006444580033119346, 0.047629566634532945, 0.18978522869378242, 0.08546483974297893, 0.07656281043164714, 0.016613867881300114]","46_lag_eurPSLjfm, 42_lag_amo3, 28_lag_stratZ50ndj01, 38_lag_stratZ50ndj04, 29_lag_eapPSLjfm, 36_lag_atlSICjfm, 33_lag_stratZ50ndj03, 39_lag_amo2, 31_lag_amoSSTmjjaso, 36_lag_eapPSLjfm_1239_28"
LinearRegression,39,10,naoPSLjfm,picntrl,1553.5,2050.5,0.8,54,24,24,15.626282881704713,0.05273921280490967,1239,"['33_lag_stratZ50ndj03', '24_lag_stratZ50ndj03', '42_lag_amo3', '49_lag_eurPSLjfm', '28_lag_shSICmar', '31_lag_amo2', '39_lag_amo2', '53_lag_eurPSLjfm', '36_lag_eapPSLjfm', '31_lag_amoSSTmjjaso']","[0.1941893564462525, 0.02538990007784081, 0.04791309577064827, 0.08787370991553212, 0.0601859687406447, 0.08073992628561535, 0.10096214554123617, 0.12966832622385788, 0.0002963380936409493, 0.13177646296416945]","33_lag_stratZ50ndj03, 24_lag_stratZ50ndj03, 42_lag_amo3, 49_lag_eurPSLjfm, 28_lag_shSICmar, 31_lag_amo2, 39_lag_amo2, 53_lag_eurPSLjfm, 36_lag_eapPSLjfm, 31_lag_amoSSTmjjaso_1239_24"
LinearRegression,40,10,naoPSLjfm,picntrl,1554.5,2050.5,0.8,55,25,31,15.434193447834387,0.05498924505564762,1239,"['46_lag_eurPSLjfm', '31_lag_amo2', '40_lag_eurPSLjfm', '39_lag_amo2', '53_lag_eurPSLjfm', '51_lag_eurPSLjfm', '31_lag_amoSSTmjjaso', '36_lag_eapPSLjfm', '31_lag_stratZ50ndj01', '54_lag_AMOCann']","[0.16174302746706062, 0.0902843883259659, 0.09179656274210658, 0.10113854371526615, 0.1053439018658001, 0.04120180445643626, 0.10562381497522258, 0.03278155846434713, 0.07472541553324384, 0.06673609915365461]","46_lag_eurPSLjfm, 31_lag_amo2, 40_lag_eurPSLjfm, 39_lag_amo2, 53_lag_eurPSLjfm, 51_lag_eurPSLjfm, 31_lag_amoSSTmjjaso, 36_lag_eapPSLjfm, 31_lag_stratZ50ndj01, 54_lag_AMOCann_1239_31"
LinearRegression,41,10,naoPSLjfm,picntrl,1555.5,2050.5,0.8,56,26,31,15.219570890841029,0.09949469351584204,1239,"['40_lag_amoSSTmjjaso', '52_lag_shSICmar', '46_lag_eurPSLjfm', '51_lag_atlSICjfm', '36_lag_atlSICjfm', '51_lag_eurPSLjfm', '31_lag_amoSSTmjjaso', '53_lag_eurPSLjfm', '31_lag_stratZ50ndj01', '39_lag_amo2']","[0.11269688369165301, 0.04067290645807578, 0.1698722441997059, 0.08400470728164165, 0.06155362480169409, 0.008593179686073385, 0.06901878199762794, 0.1277123220200408, 0.08281299135928875, 0.04475303171632732]","40_lag_amoSSTmjjaso, 52_lag_shSICmar, 46_lag_eurPSLjfm, 51_lag_atlSICjfm, 36_lag_atlSICjfm, 51_lag_eurPSLjfm, 31_lag_amoSSTmjjaso, 53_lag_eurPSLjfm, 31_lag_stratZ50ndj01, 39_lag_amo2_1239_31"
LinearRegression,42,10,naoPSLjfm,picntrl,1556.5,2050.5,0.8,57,27,31,15.949784099503088,0.08423556650951639,1239,"['33_lag_stratZ50ndj03', '36_lag_atlSICjfm', '46_lag_eurPSLjfm', '31_lag_stratZ50ndj01', '32_lag_amoSSTmjjaso', '53_lag_shSICmar', '39_lag_amo2', '51_lag_atlSICjfm', '53_lag_eurPSLjfm', '40_lag_amoSSTmjjaso']","[0.19980192770982325, 0.058390909491247006, 0.16093232259708348, 0.06345786113467058, 0.03680625201597241, 0.11510866254491631, 0.07672217279079852, 0.113662746810101, 0.12653558105032267, 0.1464400996074956]","33_lag_stratZ50ndj03, 36_lag_atlSICjfm, 46_lag_eurPSLjfm, 31_lag_stratZ50ndj01, 32_lag_amoSSTmjjaso, 53_lag_shSICmar, 39_lag_amo2, 51_lag_atlSICjfm, 53_lag_eurPSLjfm, 40_lag_amoSSTmjjaso_1239_31"
LinearRegression,43,10,naoPSLjfm,picntrl,1557.5,2050.5,0.8,58,28,28,15.968270270236715,0.057147169367475076,1239,"['28_lag_shSICmar', '51_lag_atlSICjfm', '53_lag_shSICmar', '51_lag_shSICmar', '36_lag_eapPSLjfm', '33_lag_stratZ50ndj03', '53_lag_eurPSLjfm', '32_lag_amoSSTmjjaso', '40_lag_amoSSTmjjaso', '46_lag_eurPSLjfm']","[0.04069857284285783, 0.11975573353614935, 0.12127673143119108, 0.05295485342816274, 0.025909176472828997, 0.19616171416252415, 0.12589729360054924, 0.03907421144065046, 0.186287942446397, 0.14701958371743062]","28_lag_shSICmar, 51_lag_atlSICjfm, 53_lag_shSICmar, 51_lag_shSICmar, 36_lag_eapPSLjfm, 33_lag_stratZ50ndj03, 53_lag_eurPSLjfm, 32_lag_amoSSTmjjaso, 40_lag_amoSSTmjjaso, 46_lag_eurPSLjfm_1239_28"
LinearRegression,44,10,naoPSLjfm,picntrl,1558.5,2050.5,0.8,59,29,33,15.852174620395989,0.031778873419836706,1239,"['33_lag_stratZ50ndj03', '51_lag_eurPSLjfm', '56_lag_shSICmar', '51_lag_atlSICjfm', '41_lag_shSICmar', '53_lag_eurPSLjfm', '36_lag_eapPSLjfm', '40_lag_amoSSTmjjaso', '58_lag_stratZ50ndj01', '46_lag_eurPSLjfm']","[0.19003860679866694, 0.007926383233293838, 0.04136780733730169, 0.10310946629835518, 0.007841815719993643, 0.12597478648859506, 0.021211903776330296, 0.1746640087410376, 0.08319723675480374, 0.13677917977601284]","33_lag_stratZ50ndj03, 51_lag_eurPSLjfm, 56_lag_shSICmar, 51_lag_atlSICjfm, 41_lag_shSICmar, 53_lag_eurPSLjfm, 36_lag_eapPSLjfm, 40_lag_amoSSTmjjaso, 58_lag_stratZ50ndj01, 46_lag_eurPSLjfm_1239_33"
LinearRegression,45,10,naoPSLjfm,picntrl,1559.5,2050.5,0.8,60,30,33,15.790295731533483,0.07886661162483577,1239,"['36_lag_eapPSLjfm', '33_lag_nhSICsep', '51_lag_atlSICjfm', '51_lag_eurPSLjfm', '46_lag_eurPSLjfm', '45_lag_stratZ50ndj03', '33_lag_stratZ50ndj03', '56_lag_shSICmar', '58_lag_stratZ50ndj01', '40_lag_amoSSTmjjaso']","[0.028579192629917777, 0.05645934839002199, 0.10589738629055251, 0.035904326885357864, 0.1326041238184708, 0.1493674573636155, 0.19509071520067303, 0.043649638183680076, 0.0770519761783017, 0.1646928894091939]","36_lag_eapPSLjfm, 33_lag_nhSICsep, 51_lag_atlSICjfm, 51_lag_eurPSLjfm, 46_lag_eurPSLjfm, 45_lag_stratZ50ndj03, 33_lag_stratZ50ndj03, 56_lag_shSICmar, 58_lag_stratZ50ndj01, 40_lag_amoSSTmjjaso_1239_33"
LinearRegression,46,10,naoPSLjfm,picntrl,1560.5,2050.5,0.8,61,31,31,15.927500903389921,0.07734482853594864,1239,"['46_lag_eurPSLjfm', '56_lag_eapPSLjfm', '31_lag_shSICmar', '35_lag_eapPSLjfm', '51_lag_eurPSLjfm', '45_lag_stratZ50ndj03', '33_lag_stratZ50ndj03', '58_lag_stratZ50ndj01', '40_lag_amoSSTmjjaso', '33_lag_nhSICsep']","[0.1391188052851337, 0.121720631812668, 0.06904616288914722, 0.06114317267221189, 0.05890644030752451, 0.14615661745026892, 0.19119691429214702, 0.08809110406965212, 0.16494716712693352, 0.049037808767877326]","46_lag_eurPSLjfm, 56_lag_eapPSLjfm, 31_lag_shSICmar, 35_lag_eapPSLjfm, 51_lag_eurPSLjfm, 45_lag_stratZ50ndj03, 33_lag_stratZ50ndj03, 58_lag_stratZ50ndj01, 40_lag_amoSSTmjjaso, 33_lag_nhSICsep_1239_31"
LinearRegression,47,10,naoPSLjfm,picntrl,1561.5,2050.5,0.8,62,32,32,15.907779592867866,0.059357934225194066,1239,"['53_lag_shSICmar', '56_lag_shSICmar', '46_lag_eurPSLjfm', '51_lag_eurPSLjfm', '45_lag_stratZ50ndj03', '38_lag_naoPSLjfm', '37_lag_stratZ50ndj03', '35_lag_eapPSLjfm', '32_lag_stratZ50ndj01', '58_lag_stratZ50ndj01']","[0.1144473614502002, 0.09882717883217906, 0.15285088670965416, 0.03601683691826218, 0.13048733198287538, 0.11198702568390136, 0.08908939639577283, 0.06472853830289217, 0.08704890236412123, 0.07994533803523106]","53_lag_shSICmar, 56_lag_shSICmar, 46_lag_eurPSLjfm, 51_lag_eurPSLjfm, 45_lag_stratZ50ndj03, 38_lag_naoPSLjfm, 37_lag_stratZ50ndj03, 35_lag_eapPSLjfm, 32_lag_stratZ50ndj01, 58_lag_stratZ50ndj01_1239_32"
LinearRegression,48,10,naoPSLjfm,picntrl,1562.5,2050.5,0.8,63,33,33,15.784326398418328,-0.06565363987172167,1239,"['62_lag_atlSICsep', '33_lag_nppc2SSTjfm', '59_lag_AMOCann', '51_lag_eurPSLjfm', '44_lag_naoPSLjfm', '35_lag_eapPSLjfm', '33_lag_nhSICsep', '38_lag_naoPSLjfm', '38_lag_nppc2SSTjfm', '58_lag_stratZ50ndj01']","[0.10579013145458571, 0.05685995293648469, 0.039517976392353174, 0.035586205908948225, 0.0668620252917566, 0.04890638780658151, 0.018614588810413276, 0.11178362693694172, 0.09511866584341236, 0.09355998488798101]","62_lag_atlSICsep, 33_lag_nppc2SSTjfm, 59_lag_AMOCann, 51_lag_eurPSLjfm, 44_lag_naoPSLjfm, 35_lag_eapPSLjfm, 33_lag_nhSICsep, 38_lag_naoPSLjfm, 38_lag_nppc2SSTjfm, 58_lag_stratZ50ndj01_1239_33"
LinearRegression,49,10,naoPSLjfm,picntrl,1563.5,2050.5,0.8,64,34,34,15.663676695879147,0.04693743970661603,1239,"['51_lag_atlSICsep', '53_lag_shSICmar', '55_lag_shSICmar', '62_lag_atlSICsep', '34_lag_37_median_stratZ50ndj01', '44_lag_naoPSLjfm', '39_lag_amo2', '38_lag_nppc2SSTjfm', '34_lag_eurPSLjfm', '58_lag_stratZ50ndj01']","[0.12470010602111399, 0.06613383760905017, 0.010451955306594932, 0.15011215369846548, 0.027805033465717992, 0.07309584992311556, 0.15199411413258507, 0.10512500753893007, 0.09541067668800242, 0.09486469732634253]","51_lag_atlSICsep, 53_lag_shSICmar, 55_lag_shSICmar, 62_lag_atlSICsep, 34_lag_37_median_stratZ50ndj01, 44_lag_naoPSLjfm, 39_lag_amo2, 38_lag_nppc2SSTjfm, 34_lag_eurPSLjfm, 58_lag_stratZ50ndj01_1239_34"
LinearRegression,50,10,naoPSLjfm,picntrl,1564.5,2050.5,0.8,65,35,38,16.277678102135113,-0.15662192249063475,1239,"['38_lag_naoPSLjfm', '51_lag_amo3', '51_lag_amo1', '56_lag_eapPSLjfm', '62_lag_amo2', '61_lag_amoSSTmjjaso', '44_lag_naoPSLjfm', '64_lag_naoPSLjfm', '53_lag_shSICmar', '58_lag_stratZ50ndj01']","[0.10956363656163769, 0.042491181303493504, 0.0036899145862700857, 0.12153831664644789, 0.1862956062357134, 0.06650818650277042, 0.06962912513042117, 0.02781474194575557, 0.09283574141829093, 0.09641925825083608]","38_lag_naoPSLjfm, 51_lag_amo3, 51_lag_amo1, 56_lag_eapPSLjfm, 62_lag_amo2, 61_lag_amoSSTmjjaso, 44_lag_naoPSLjfm, 64_lag_naoPSLjfm, 53_lag_shSICmar, 58_lag_stratZ50ndj01_1239_38"
LinearRegression,51,10,naoPSLjfm,picntrl,1565.5,2050.5,0.8,66,36,38,16.277337539754367,-0.03551823941506716,1239,"['51_lag_amo3', '55_lag_shSICmar', '38_lag_naoPSLjfm', '62_lag_amo2', '38_lag_nppc2SSTjfm', '53_lag_eurPSLjfm', '46_lag_eurPSLjfm', '51_lag_amo1', '64_lag_naoPSLjfm', '58_lag_stratZ50ndj01']","[0.0070875817397228385, 0.04971901576454259, 0.12386804019865942, 0.19584992459226153, 0.15772186170803626, 0.04795887065931869, 0.15411535272712115, 0.00344991316017991, 0.024558634344357774, 0.10883087962958467]","51_lag_amo3, 55_lag_shSICmar, 38_lag_naoPSLjfm, 62_lag_amo2, 38_lag_nppc2SSTjfm, 53_lag_eurPSLjfm, 46_lag_eurPSLjfm, 51_lag_amo1, 64_lag_naoPSLjfm, 58_lag_stratZ50ndj01_1239_38"
LinearRegression,52,10,naoPSLjfm,picntrl,1566.5,2050.5,0.8,67,37,41,15.64832478113324,0.06458790703588335,1239,"['41_lag_nppc2SSTjfm', '62_lag_atlSICsep', '61_lag_atlSICjfm', '63_lag_eapPSLjfm', '55_lag_shSICmar', '60_lag_amo2', '55_lag_amoSSTmjjaso', '65_lag_amo2', '46_lag_eurPSLjfm', '58_lag_stratZ50ndj01']","[0.06789604052523544, 0.1574850719604436, 0.03786975598097788, 0.08752666017015848, 0.053328245944877686, 0.013965028835309312, 0.05998124050154573, 0.008389790550292639, 0.12342701721268858, 0.09567882818235202]","41_lag_nppc2SSTjfm, 62_lag_atlSICsep, 61_lag_atlSICjfm, 63_lag_eapPSLjfm, 55_lag_shSICmar, 60_lag_amo2, 55_lag_amoSSTmjjaso, 65_lag_amo2, 46_lag_eurPSLjfm, 58_lag_stratZ50ndj01_1239_41"
LinearRegression,53,10,naoPSLjfm,picntrl,1567.5,2050.5,0.8,68,38,38,15.484249777576348,0.11263028284580873,1239,"['65_lag_amo2', '38_lag_nppc2SSTjfm', '58_lag_stratZ50ndj03', '61_lag_stratZ50ndj02', '62_lag_atlSICsep', '63_lag_eapPSLjfm', '58_lag_stratZ50ndj01', '46_lag_eurPSLjfm', '55_lag_amoSSTmjjaso', '67_lag_shSICsep']","[0.04487443953943279, 0.10399010725248296, 0.03513122563662349, 0.01207393077217516, 0.14934485408141668, 0.08372159583421901, 0.08785705680432508, 0.1508844234914685, 0.06470621653057627, 0.07459461922595437]","65_lag_amo2, 38_lag_nppc2SSTjfm, 58_lag_stratZ50ndj03, 61_lag_stratZ50ndj02, 62_lag_atlSICsep, 63_lag_eapPSLjfm, 58_lag_stratZ50ndj01, 46_lag_eurPSLjfm, 55_lag_amoSSTmjjaso, 67_lag_shSICsep_1239_38"
LinearRegression,54,10,naoPSLjfm,picntrl,1568.5,2050.5,0.8,69,39,39,16.38730180834045,-0.038247938480065004,1239,"['60_lag_nppc2SSTjfm', '39_lag_stratZ50ndj03', '58_lag_stratZ50ndj03', '45_lag_stratZ50ndj03', '67_lag_amo3', '55_lag_amoSSTmjjaso', '42_lag_eurPSLjfm', '42_lag_naoPSLjfm', '68_lag_AMOCann', '67_lag_shSICsep']","[0.041588639493967856, 0.16538426129963282, 0.06614141490658598, 0.16593888229168763, 0.1851390744181463, 0.07201318876621961, 0.128448048024084, 0.05840850946868299, 0.14583658791130788, 0.06297100097336998]","60_lag_nppc2SSTjfm, 39_lag_stratZ50ndj03, 58_lag_stratZ50ndj03, 45_lag_stratZ50ndj03, 67_lag_amo3, 55_lag_amoSSTmjjaso, 42_lag_eurPSLjfm, 42_lag_naoPSLjfm, 68_lag_AMOCann, 67_lag_shSICsep_1239_39"
LinearRegression,55,10,naoPSLjfm,picntrl,1569.5,2050.5,0.8,70,40,40,16.79704086449996,-0.17595657141312726,1239,"['61_lag_stratZ50ndj02', '61_lag_atlSICjfm', '65_lag_scpPSLjfm', '40_lag_45_median_naoPSLjfm', '58_lag_amo1', '42_lag_eurPSLjfm', '63_lag_atlSICjfm', '58_lag_stratZ50ndj03', '68_lag_AMOCann', '67_lag_shSICsep']","[0.02164035438562249, 0.05430862391783408, 0.18354441985444145, 0.1626941634648964, 0.004982982139853487, 0.09529694159404407, 0.004844871635998545, 0.08085666441026162, 0.11122857264965241, 0.06535117739377257]","61_lag_stratZ50ndj02, 61_lag_atlSICjfm, 65_lag_scpPSLjfm, 40_lag_45_median_naoPSLjfm, 58_lag_amo1, 42_lag_eurPSLjfm, 63_lag_atlSICjfm, 58_lag_stratZ50ndj03, 68_lag_AMOCann, 67_lag_shSICsep_1239_40"
LinearRegression,56,10,naoPSLjfm,picntrl,1570.5,2050.5,0.8,71,41,56,16.612261555749562,-0.08405611863887665,1239,"['58_lag_stratZ50ndj03', '70_lag_shSICsep', '56_lag_eapPSLjfm', '65_lag_scpPSLjfm', '64_lag_nppc2SSTjfm', '61_lag_atlSICjfm', '69_lag_shSICsep', '67_lag_amo3', '68_lag_AMOCann', '67_lag_shSICsep']","[0.08250501885638838, 0.023098421856383305, 0.10906643857524183, 0.16751650962333114, 0.11674327144470942, 0.03553251918317277, 0.0734998222497706, 0.18549656284764227, 0.1879983173117091, 0.07929538921885199]","58_lag_stratZ50ndj03, 70_lag_shSICsep, 56_lag_eapPSLjfm, 65_lag_scpPSLjfm, 64_lag_nppc2SSTjfm, 61_lag_atlSICjfm, 69_lag_shSICsep, 67_lag_amo3, 68_lag_AMOCann, 67_lag_shSICsep_1239_56"
LinearRegression,57,10,naoPSLjfm,picntrl,1571.5,2050.5,0.8,72,42,56,15.533547297575302,0.02638882550868365,1239,"['66_lag_amo2', '56_lag_eapPSLjfm', '70_lag_shSICsep', '63_lag_eapPSLjfm', '67_lag_amo3', '63_lag_atlSICjfm', '64_lag_nppc2SSTjfm', '69_lag_shSICsep', '65_lag_scpPSLjfm', '67_lag_shSICsep']","[0.09352914550769717, 0.10602300810822202, 0.04239794901218945, 0.09817422191050867, 0.16599311267759528, 0.06404355223937441, 0.08477242421140932, 0.07515414858807289, 0.18223660996615246, 0.07698746754083997]","66_lag_amo2, 56_lag_eapPSLjfm, 70_lag_shSICsep, 63_lag_eapPSLjfm, 67_lag_amo3, 63_lag_atlSICjfm, 64_lag_nppc2SSTjfm, 69_lag_shSICsep, 65_lag_scpPSLjfm, 67_lag_shSICsep_1239_56"
LinearRegression,58,10,naoPSLjfm,picntrl,1572.5,2050.5,0.8,73,43,43,15.888482445750194,0.027397069649567948,1239,"['65_lag_stratZ50ndj03', '71_lag_amo2', '64_lag_atlSICjfm', '63_lag_eapPSLjfm', '67_lag_amo3', '65_lag_scpPSLjfm', '62_lag_shSICsep', '43_lag_eurPSLjfm', '64_lag_nppc2SSTjfm', '67_lag_shSICsep']","[0.016678573502849837, 0.09963299047056227, 0.012035187811377555, 0.09692449127380015, 0.1252832996069166, 0.1759641554922749, 0.10908326444509614, 0.06780256839779625, 0.069985800115973, 0.07888477039256583]","65_lag_stratZ50ndj03, 71_lag_amo2, 64_lag_atlSICjfm, 63_lag_eapPSLjfm, 67_lag_amo3, 65_lag_scpPSLjfm, 62_lag_shSICsep, 43_lag_eurPSLjfm, 64_lag_nppc2SSTjfm, 67_lag_shSICsep_1239_43"
LinearRegression,59,10,naoPSLjfm,picntrl,1573.5,2050.5,0.8,74,44,59,15.44441488253671,0.06129174842922637,1239,"['71_lag_stratZ50ndj02', '59_lag_amo2', '73_lag_eapPSLjfm', '64_lag_nppc2SSTjfm', '70_lag_shSICsep', '59_lag_stratZ50ndj04', '63_lag_eapPSLjfm', '64_lag_naoPSLjfm', '67_lag_amo3', '67_lag_shSICsep']","[0.094127153655353, 0.021422943301298736, 0.08136104125562943, 0.08588033531364622, 0.014919631579861283, 0.07249314528803015, 0.10574824562527298, 0.05285572215408145, 0.14780695460781743, 0.043880991968635444]","71_lag_stratZ50ndj02, 59_lag_amo2, 73_lag_eapPSLjfm, 64_lag_nppc2SSTjfm, 70_lag_shSICsep, 59_lag_stratZ50ndj04, 63_lag_eapPSLjfm, 64_lag_naoPSLjfm, 67_lag_amo3, 67_lag_shSICsep_1239_59"
LinearRegression,60,10,naoPSLjfm,picntrl,1574.5,2050.5,0.8,75,45,53,15.519938938119793,0.15270620837216003,1239,"['62_lag_atlSICsep', '60_lag_nppc2SSTjfm', '67_lag_amo3', '59_lag_stratZ50ndj04', '64_lag_atlSICjfm', '63_lag_eapPSLjfm', '61_lag_shSICsep', '53_lag_eapPSLjfm', '64_lag_naoPSLjfm', '67_lag_shSICsep']","[0.1659392332878101, 0.05393595420625688, 0.12088179798469688, 0.07307192788231973, 0.03546016800481415, 0.09346921380669938, 0.07855939807351142, 0.12488631887886423, 0.06291053633106178, 0.058315433045229875]","62_lag_atlSICsep, 60_lag_nppc2SSTjfm, 67_lag_amo3, 59_lag_stratZ50ndj04, 64_lag_atlSICjfm, 63_lag_eapPSLjfm, 61_lag_shSICsep, 53_lag_eapPSLjfm, 64_lag_naoPSLjfm, 67_lag_shSICsep_1239_53"
LinearRegression,61,10,naoPSLjfm,picntrl,1575.5,2050.5,0.8,76,46,53,15.50362700574622,0.15346791216416567,1239,"['71_lag_amoSSTmjjaso', '62_lag_naoPSLjfm', '53_lag_eapPSLjfm', '71_lag_amo2', '64_lag_naoPSLjfm', '55_lag_scpPSLjfm', '74_lag_eapPSLjfm', '61_lag_shSICsep', '63_lag_eapPSLjfm', '64_lag_atlSICjfm']","[0.026419862866415733, 0.11558182703605657, 0.12589285786166848, 0.14534774879975398, 0.05456518816263215, 0.06289527331298622, 0.10353217919120444, 0.019962333382225556, 0.11701752293184937, 0.06816246557000195]","71_lag_amoSSTmjjaso, 62_lag_naoPSLjfm, 53_lag_eapPSLjfm, 71_lag_amo2, 64_lag_naoPSLjfm, 55_lag_scpPSLjfm, 74_lag_eapPSLjfm, 61_lag_shSICsep, 63_lag_eapPSLjfm, 64_lag_atlSICjfm_1239_53"
LinearRegression,62,10,naoPSLjfm,picntrl,1576.5,2050.5,0.8,77,47,47,16.179405138724917,-0.13491514318002487,1239,"['51_lag_nppc2SSTjfm', '69_lag_naoPSLjfm', '47_lag_52_median_amo3', '76_lag_stratZ50ndj04', '52_lag_atlSICsep', '52_lag_shSICsep', '68_lag_AMOCann', '64_lag_naoPSLjfm', '55_lag_scpPSLjfm', '64_lag_atlSICjfm']","[0.06667327851160626, 0.02660333586126972, 0.14794345099496575, 0.12270507721271363, 0.11498063199889996, 0.060564433171758386, 0.11361052179647954, 0.047640127344546965, 0.1075497223976162, 0.07330379481210522]","51_lag_nppc2SSTjfm, 69_lag_naoPSLjfm, 47_lag_52_median_amo3, 76_lag_stratZ50ndj04, 52_lag_atlSICsep, 52_lag_shSICsep, 68_lag_AMOCann, 64_lag_naoPSLjfm, 55_lag_scpPSLjfm, 64_lag_atlSICjfm_1239_47"
LinearRegression,63,10,naoPSLjfm,picntrl,1577.5,2050.5,0.8,78,48,51,16.124910830285344,-0.0825100501805529,1239,"['59_lag_eurPSLjfm', '52_lag_atlSICsep', '64_lag_atlSICjfm', '52_lag_shSICsep', '56_lag_eapPSLjfm', '53_lag_eapPSLjfm', '68_lag_AMOCann', '51_lag_nppc2SSTjfm', '55_lag_scpPSLjfm', '64_lag_naoPSLjfm']","[0.1035694821386482, 0.05851217562160113, 0.10968739341889042, 0.056048051331869124, 0.13330142899921799, 0.1379479678272177, 0.11746716962995475, 0.06247945546022129, 0.08365735904050509, 0.06506920813768638]","59_lag_eurPSLjfm, 52_lag_atlSICsep, 64_lag_atlSICjfm, 52_lag_shSICsep, 56_lag_eapPSLjfm, 53_lag_eapPSLjfm, 68_lag_AMOCann, 51_lag_nppc2SSTjfm, 55_lag_scpPSLjfm, 64_lag_naoPSLjfm_1239_51"
LinearRegression,64,10,naoPSLjfm,picntrl,1578.5,2050.5,0.8,79,49,49,16.076402062103593,0.030631571786973975,1239,"['78_lag_atlSICjfm', '64_lag_naoPSLjfm', '56_lag_eapPSLjfm', '52_lag_shSICsep', '52_lag_atlSICsep', '55_lag_scpPSLjfm', '57_lag_shSICmar', '53_lag_eapPSLjfm', '61_lag_shSICsep', '49_lag_52_median_atlSICsep']","[0.04946668796560248, 0.0746697670937, 0.12016544738187622, 0.0666412065171261, 0.001991301711826139, 0.08927721863236657, 0.02320396594681375, 0.12498524825553996, 0.02609109803747353, 0.17881124602117793]","78_lag_atlSICjfm, 64_lag_naoPSLjfm, 56_lag_eapPSLjfm, 52_lag_shSICsep, 52_lag_atlSICsep, 55_lag_scpPSLjfm, 57_lag_shSICmar, 53_lag_eapPSLjfm, 61_lag_shSICsep, 49_lag_52_median_atlSICsep_1239_49"
LinearRegression,65,10,naoPSLjfm,picntrl,1579.5,2050.5,0.8,80,50,50,15.637070245744098,-0.026307556606677895,1239,"['67_lag_amo3', '64_lag_atlSICjfm', '68_lag_atlSICjfm', '75_lag_stratZ50ndj03', '71_lag_amo2', '57_lag_shSICmar', '55_lag_scpPSLjfm', '50_lag_atlSICsep', '52_lag_shSICsep', '52_lag_atlSICsep']","[0.14422031832282273, 0.025197760643736362, 0.04411257246664258, 0.018295778792441687, 0.14269735951738194, 0.026239234091799804, 0.06545251226396825, 0.08429125235431999, 0.06448850871845867, 0.08875500613990224]","67_lag_amo3, 64_lag_atlSICjfm, 68_lag_atlSICjfm, 75_lag_stratZ50ndj03, 71_lag_amo2, 57_lag_shSICmar, 55_lag_scpPSLjfm, 50_lag_atlSICsep, 52_lag_shSICsep, 52_lag_atlSICsep_1239_50"
LinearRegression,66,10,naoPSLjfm,picntrl,1580.5,2050.5,0.8,81,51,55,15.533007906485905,0.07678169140608845,1239,"['67_lag_amo3', '55_lag_shSICmar', '56_lag_eapPSLjfm', '72_lag_atlSICjfm', '62_lag_amo2', '59_lag_amo2', '63_lag_eapPSLjfm', '59_lag_amo1', '75_lag_stratZ50ndj03', '80_lag_scpPSLjfm']","[0.15229955976735823, 0.09120920881152071, 0.13080815549423438, 0.1284844534078533, 0.19215909686710567, 0.0014289876750552682, 0.09445772406400316, 0.06018471143193713, 0.02509597914366698, 0.13038588303504722]","67_lag_amo3, 55_lag_shSICmar, 56_lag_eapPSLjfm, 72_lag_atlSICjfm, 62_lag_amo2, 59_lag_amo2, 63_lag_eapPSLjfm, 59_lag_amo1, 75_lag_stratZ50ndj03, 80_lag_scpPSLjfm_1239_55"
LinearRegression,67,10,naoPSLjfm,picntrl,1581.5,2050.5,0.8,82,52,52,14.933571975966188,0.21376852831899076,1239,"['78_lag_nhSICjfm', '81_lag_shSICsep', '55_lag_AMOCann', '62_lag_amo2', '59_lag_amo2', '52_lag_shSICsep', '63_lag_eapPSLjfm', '72_lag_atlSICjfm', '56_lag_eapPSLjfm', '80_lag_scpPSLjfm']","[0.006754449278559655, 0.08693147208088928, 0.05277490905475045, 0.12865594780078782, 0.04572562813399622, 0.08784654897760266, 0.09766140427414498, 0.15056718452903922, 0.1227575346747839, 0.10201538486907062]","78_lag_nhSICjfm, 81_lag_shSICsep, 55_lag_AMOCann, 62_lag_amo2, 59_lag_amo2, 52_lag_shSICsep, 63_lag_eapPSLjfm, 72_lag_atlSICjfm, 56_lag_eapPSLjfm, 80_lag_scpPSLjfm_1239_52"
LinearRegression,68,10,naoPSLjfm,picntrl,1582.5,2050.5,0.8,83,53,53,15.43855592031276,0.10933446310155563,1239,"['55_lag_AMOCann', '56_lag_eapPSLjfm', '81_lag_shSICsep', '58_lag_amo2', '72_lag_atlSICjfm', '80_lag_scpPSLjfm', '63_lag_eapPSLjfm', '62_lag_amo2', '53_lag_stratZ50ndj01', '53_lag_56_median_stratZ50ndj01']","[0.05249741970132809, 0.12973700173487301, 0.07757215414242181, 0.10669134322040988, 0.1537048904412271, 0.09858776347413717, 0.1010170346135564, 0.11465175259934818, 0.03405354457212195, 0.03977071866205578]","55_lag_AMOCann, 56_lag_eapPSLjfm, 81_lag_shSICsep, 58_lag_amo2, 72_lag_atlSICjfm, 80_lag_scpPSLjfm, 63_lag_eapPSLjfm, 62_lag_amo2, 53_lag_stratZ50ndj01, 53_lag_56_median_stratZ50ndj01_1239_53"
LinearRegression,69,10,naoPSLjfm,picntrl,1583.5,2050.5,0.8,84,54,59,14.833631937471683,0.20601369776982514,1239,"['59_lag_amo2', '68_lag_atlSICjfm', '81_lag_shSICsep', '62_lag_amo2', '81_lag_scpPSLjfm', '78_lag_nhSICjfm', '80_lag_scpPSLjfm', '82_lag_eapPSLjfm', '63_lag_eapPSLjfm', '68_lag_shSICmar']","[0.047330288667924554, 0.0358505549154837, 0.07322705996564118, 0.13213724311952246, 0.06488346654919318, 0.002564622457885372, 0.08786256815518688, 0.11818180481565316, 0.08994728079594, 0.08208284601815426]","59_lag_amo2, 68_lag_atlSICjfm, 81_lag_shSICsep, 62_lag_amo2, 81_lag_scpPSLjfm, 78_lag_nhSICjfm, 80_lag_scpPSLjfm, 82_lag_eapPSLjfm, 63_lag_eapPSLjfm, 68_lag_shSICmar_1239_59"
LinearRegression,70,10,naoPSLjfm,picntrl,1584.5,2050.5,0.8,85,55,55,14.777406033552236,0.2102341318972736,1239,"['82_lag_eapPSLjfm', '68_lag_atlSICjfm', '80_lag_scpPSLjfm', '62_lag_amo2', '55_lag_shSICmar', '73_lag_shSICmar', '81_lag_scpPSLjfm', '84_lag_stratZ50ndj03', '63_lag_eapPSLjfm', '68_lag_shSICmar']","[0.12941373239477696, 0.01867077917704367, 0.10071468741521516, 0.1588708195369125, 0.07549678974537961, 0.008961942809428563, 0.06724244530058272, 0.013905613990333597, 0.09546232983697338, 0.0741650462427642]","82_lag_eapPSLjfm, 68_lag_atlSICjfm, 80_lag_scpPSLjfm, 62_lag_amo2, 55_lag_shSICmar, 73_lag_shSICmar, 81_lag_scpPSLjfm, 84_lag_stratZ50ndj03, 63_lag_eapPSLjfm, 68_lag_shSICmar_1239_55"
LinearRegression,71,10,naoPSLjfm,picntrl,1585.5,2050.5,0.8,86,56,56,15.056877288112325,0.11571631251339379,1239,"['59_lag_amo2', '73_lag_shSICmar', '56_lag_eapPSLjfm', '84_lag_stratZ50ndj03', '82_lag_eapPSLjfm', '62_lag_amo2', '81_lag_scpPSLjfm', '63_lag_eapPSLjfm', '80_lag_scpPSLjfm', '68_lag_shSICmar']","[0.03300452185884168, 0.0017942131062484226, 0.13710898184064643, 0.01127284179896186, 0.13272959889661143, 0.15109402610086708, 0.08021946908901621, 0.0967603145568014, 0.09395404887888283, 0.06881730992746012]","59_lag_amo2, 73_lag_shSICmar, 56_lag_eapPSLjfm, 84_lag_stratZ50ndj03, 82_lag_eapPSLjfm, 62_lag_amo2, 81_lag_scpPSLjfm, 63_lag_eapPSLjfm, 80_lag_scpPSLjfm, 68_lag_shSICmar_1239_56"
LinearRegression,72,10,naoPSLjfm,picntrl,1586.5,2050.5,0.8,87,57,61,14.392474335651269,0.218954710927634,1239,"['62_lag_nhSICsep', '86_lag_AMOCann', '62_lag_amo2', '84_lag_stratZ50ndj03', '82_lag_eapPSLjfm', '61_lag_eapPSLjfm', '63_lag_eapPSLjfm', '81_lag_scpPSLjfm', '80_lag_scpPSLjfm', '68_lag_shSICmar']","[0.06804931655592548, 0.10510115288026556, 0.15245870605486828, 0.013749612324401413, 0.1477913987393115, 0.10413212637547223, 0.10444774089397431, 0.05638253703570678, 0.1011171158000708, 0.06717430441255526]","62_lag_nhSICsep, 86_lag_AMOCann, 62_lag_amo2, 84_lag_stratZ50ndj03, 82_lag_eapPSLjfm, 61_lag_eapPSLjfm, 63_lag_eapPSLjfm, 81_lag_scpPSLjfm, 80_lag_scpPSLjfm, 68_lag_shSICmar_1239_61"
LinearRegression,73,10,naoPSLjfm,picntrl,1587.5,2050.5,0.8,88,58,60,14.457006842665175,0.2005011079575328,1239,"['70_lag_stratZ50ndj04', '60_lag_nhSICsep', '72_lag_eurPSLjfm', '62_lag_amo2', '74_lag_eapPSLjfm', '86_lag_AMOCann', '81_lag_scpPSLjfm', '63_lag_eapPSLjfm', '80_lag_scpPSLjfm', '68_lag_shSICmar']","[0.034204376161621614, 0.0029081448958211964, 0.10379832636144903, 0.1321543437086169, 0.11261650478863447, 0.07387546949663927, 0.06704625334896415, 0.09904971446594057, 0.09469272826546649, 0.06953453774025015]","70_lag_stratZ50ndj04, 60_lag_nhSICsep, 72_lag_eurPSLjfm, 62_lag_amo2, 74_lag_eapPSLjfm, 86_lag_AMOCann, 81_lag_scpPSLjfm, 63_lag_eapPSLjfm, 80_lag_scpPSLjfm, 68_lag_shSICmar_1239_60"
LinearRegression,74,10,naoPSLjfm,picntrl,1588.5,2050.5,0.8,89,59,61,14.658095385229679,0.2473264884713633,1239,"['77_lag_eapPSLjfm', '63_lag_eapPSLjfm', '61_lag_AMOCann', '81_lag_scpPSLjfm', '82_lag_eapPSLjfm', '86_lag_AMOCann', '74_lag_eapPSLjfm', '62_lag_atlSICsep', '68_lag_shSICmar', '80_lag_scpPSLjfm']","[0.05568176898848472, 0.10831368111384693, 0.033656213380509184, 0.0913206412959876, 0.14995920505910912, 0.10073348474066815, 0.11358190495614602, 0.187520908248838, 0.06604458141251782, 0.07848961210365876]","77_lag_eapPSLjfm, 63_lag_eapPSLjfm, 61_lag_AMOCann, 81_lag_scpPSLjfm, 82_lag_eapPSLjfm, 86_lag_AMOCann, 74_lag_eapPSLjfm, 62_lag_atlSICsep, 68_lag_shSICmar, 80_lag_scpPSLjfm_1239_61"
LinearRegression,75,10,naoPSLjfm,picntrl,1589.5,2050.5,0.8,90,60,62,14.62371195808912,0.25422710438694357,1239,"['74_lag_eapPSLjfm', '72_lag_eurPSLjfm', '73_lag_shSICsep', '81_lag_scpPSLjfm', '86_lag_AMOCann', '62_lag_atlSICsep', '63_lag_eapPSLjfm', '80_lag_scpPSLjfm', '84_lag_scpPSLjfm', '68_lag_shSICmar']","[0.10818898835333755, 0.10698659962196934, 0.004940023278420622, 0.07913964444467395, 0.08589537609987266, 0.1685075066825779, 0.09435080256829562, 0.0904380205860929, 0.1370321709993388, 0.07813418287957266]","74_lag_eapPSLjfm, 72_lag_eurPSLjfm, 73_lag_shSICsep, 81_lag_scpPSLjfm, 86_lag_AMOCann, 62_lag_atlSICsep, 63_lag_eapPSLjfm, 80_lag_scpPSLjfm, 84_lag_scpPSLjfm, 68_lag_shSICmar_1239_62"
LinearRegression,76,10,naoPSLjfm,picntrl,1590.5,2050.5,0.8,91,61,61,15.251251314790844,0.1738186584803541,1239,"['77_lag_eapPSLjfm', '72_lag_amoSSTmjjaso', '61_lag_eapPSLjfm', '82_lag_shSICsep', '89_lag_shSICsep', '81_lag_scpPSLjfm', '84_lag_scpPSLjfm', '61_lag_AMOCann', '80_lag_scpPSLjfm', '68_lag_shSICmar']","[0.022027327419751684, 0.184333582978933, 0.09694509342422385, 0.18231718329239824, 0.0054435945813055865, 0.08155342804995515, 0.12901823310279323, 0.06045619537521929, 0.11687194680755557, 0.08459223220966888]","77_lag_eapPSLjfm, 72_lag_amoSSTmjjaso, 61_lag_eapPSLjfm, 82_lag_shSICsep, 89_lag_shSICsep, 81_lag_scpPSLjfm, 84_lag_scpPSLjfm, 61_lag_AMOCann, 80_lag_scpPSLjfm, 68_lag_shSICmar_1239_61"
LinearRegression,77,10,naoPSLjfm,picntrl,1591.5,2050.5,0.8,92,62,62,14.623177780159184,0.22538905757699254,1239,"['86_lag_nppc2SSTjfm', '73_lag_shSICsep', '81_lag_scpPSLjfm', '68_lag_AMOCann', '62_lag_atlSICsep', '72_lag_atlSICjfm', '86_lag_AMOCann', '72_lag_amoSSTmjjaso', '80_lag_scpPSLjfm', '68_lag_shSICmar']","[0.010525121662914472, 0.00802657847735138, 0.0913453429164328, 0.11856745800678609, 0.15259357372476368, 0.07122175447798128, 0.0786509022171347, 0.14447081912291793, 0.11603682680886276, 0.048089090221063405]","86_lag_nppc2SSTjfm, 73_lag_shSICsep, 81_lag_scpPSLjfm, 68_lag_AMOCann, 62_lag_atlSICsep, 72_lag_atlSICjfm, 86_lag_AMOCann, 72_lag_amoSSTmjjaso, 80_lag_scpPSLjfm, 68_lag_shSICmar_1239_62"
LinearRegression,78,10,naoPSLjfm,picntrl,1592.5,2050.5,0.8,93,63,63,14.285107838453529,0.30924888923491006,1239,"['63_lag_eapPSLjfm', '86_lag_nppc2SSTjfm', '68_lag_AMOCann', '92_lag_atlSICsep', '92_lag_eapPSLjfm', '72_lag_amoSSTmjjaso', '86_lag_AMOCann', '80_lag_scpPSLjfm', '73_lag_shSICmar', '68_lag_shSICmar']","[0.11569050259593172, 0.025546169218168255, 0.11909035470021548, 0.0029965861730842135, 0.06895933905517397, 0.1670020669795217, 0.06746276714998917, 0.11050652060053578, 0.006477475577713325, 0.05170951239262809]","63_lag_eapPSLjfm, 86_lag_nppc2SSTjfm, 68_lag_AMOCann, 92_lag_atlSICsep, 92_lag_eapPSLjfm, 72_lag_amoSSTmjjaso, 86_lag_AMOCann, 80_lag_scpPSLjfm, 73_lag_shSICmar, 68_lag_shSICmar_1239_63"
LinearRegression,79,10,naoPSLjfm,picntrl,1593.5,2050.5,0.8,94,64,64,15.22966426964113,0.02024833032598286,1239,"['64_lag_eapPSLjfm', '72_lag_atlSICjfm', '86_lag_atlSICsep', '69_lag_nppc2SSTjfm', '93_lag_eapPSLjfm', '80_lag_stratZ50ndj01', '80_lag_scpPSLjfm', '72_lag_amoSSTmjjaso', '92_lag_atlSICsep', '68_lag_shSICmar']","[0.03639705482364755, 0.06785673401701689, 0.04829164246516051, 0.08657863318135851, 0.04875462872867528, 0.1017190063103833, 0.12290813745785306, 0.13880686446308294, 0.018953150807485813, 0.03856874116295444]","64_lag_eapPSLjfm, 72_lag_atlSICjfm, 86_lag_atlSICsep, 69_lag_nppc2SSTjfm, 93_lag_eapPSLjfm, 80_lag_stratZ50ndj01, 80_lag_scpPSLjfm, 72_lag_amoSSTmjjaso, 92_lag_atlSICsep, 68_lag_shSICmar_1239_64"
LinearRegression,80,10,naoPSLjfm,picntrl,1594.5,2050.5,0.8,95,65,68,15.23183290242226,0.023235652319247176,1239,"['73_lag_shSICmar', '86_lag_AMOCann', '81_lag_scpPSLjfm', '72_lag_shSICsep', '80_lag_stratZ50ndj01', '92_lag_atlSICsep', '93_lag_eapPSLjfm', '72_lag_atlSICjfm', '87_lag_atlSICsep', '68_lag_shSICmar']","[0.0340766745452118, 0.09393040817595438, 0.09548449420352716, 0.059264168763276434, 0.11471314191840114, 0.022709125902454014, 0.05554166696092098, 0.09314477815960315, 0.04726889349321914, 0.079634627219214]","73_lag_shSICmar, 86_lag_AMOCann, 81_lag_scpPSLjfm, 72_lag_shSICsep, 80_lag_stratZ50ndj01, 92_lag_atlSICsep, 93_lag_eapPSLjfm, 72_lag_atlSICjfm, 87_lag_atlSICsep, 68_lag_shSICmar_1239_68"
LinearRegression,81,10,naoPSLjfm,picntrl,1595.5,2050.5,0.8,96,66,66,15.519152020124258,-0.05662220415924597,1239,"['81_lag_scpPSLjfm', '66_lag_nhSICsep', '93_lag_eapPSLjfm', '92_lag_stratZ50ndj03', '72_lag_atlSICjfm', '94_lag_nhSICjfm', '87_lag_atlSICsep', '72_lag_shSICsep', '80_lag_stratZ50ndj01', '68_lag_shSICmar']","[0.09724389497367403, 0.12245266725584411, 0.05863299744258543, 0.033701679044428, 0.0813187054794971, 0.04822587671782605, 0.044203313829862735, 0.04286445980150565, 0.11696565851201292, 0.07209038382007509]","81_lag_scpPSLjfm, 66_lag_nhSICsep, 93_lag_eapPSLjfm, 92_lag_stratZ50ndj03, 72_lag_atlSICjfm, 94_lag_nhSICjfm, 87_lag_atlSICsep, 72_lag_shSICsep, 80_lag_stratZ50ndj01, 68_lag_shSICmar_1239_66"
LinearRegression,82,10,naoPSLjfm,picntrl,1596.5,2050.5,0.8,97,67,72,14.755879554003844,0.1323669493531409,1239,"['80_lag_scpPSLjfm', '78_lag_shSICsep', '94_lag_nhSICjfm', '83_lag_shSICsep', '81_lag_scpPSLjfm', '87_lag_atlSICsep', '72_lag_atlSICjfm', '80_lag_stratZ50ndj01', '92_lag_stratZ50ndj03', '72_lag_shSICsep']","[0.10091239623085967, 0.1601703337218689, 0.08257829070668855, 0.21209056514937347, 0.09700912823651778, 0.02990762459765892, 0.09297915992986991, 0.09974791175762837, 0.048307744549172464, 0.034647090172415386]","80_lag_scpPSLjfm, 78_lag_shSICsep, 94_lag_nhSICjfm, 83_lag_shSICsep, 81_lag_scpPSLjfm, 87_lag_atlSICsep, 72_lag_atlSICjfm, 80_lag_stratZ50ndj01, 92_lag_stratZ50ndj03, 72_lag_shSICsep_1239_72"
LinearRegression,83,10,naoPSLjfm,picntrl,1597.5,2050.5,0.8,98,68,68,15.108379052753328,-0.041910859826290656,1239,"['94_lag_nhSICjfm', '75_lag_nppc2SSTjfm', '92_lag_stratZ50ndj03', '80_lag_stratZ50ndj01', '80_lag_scpPSLjfm', '74_lag_eapPSLjfm', '87_lag_atlSICsep', '72_lag_shSICsep', '97_lag_atlSICjfm', '68_lag_shSICmar']","[0.05051450738338147, 0.07688325611417736, 0.04097976281807761, 0.12331330220283632, 0.0904777650113837, 0.09710750179619838, 0.043428083578736495, 0.05023013632317978, 0.07963795505568683, 0.07732134076951552]","94_lag_nhSICjfm, 75_lag_nppc2SSTjfm, 92_lag_stratZ50ndj03, 80_lag_stratZ50ndj01, 80_lag_scpPSLjfm, 74_lag_eapPSLjfm, 87_lag_atlSICsep, 72_lag_shSICsep, 97_lag_atlSICjfm, 68_lag_shSICmar_1239_68"
LinearRegression,84,10,naoPSLjfm,picntrl,1598.5,2050.5,0.8,99,69,72,14.321847645008488,0.2503612007571716,1239,"['92_lag_stratZ50ndj03', '83_lag_AMOCann', '87_lag_atlSICsep', '92_lag_shSICsep', '93_lag_amoSSTmjjaso', '88_lag_shSICsep', '80_lag_stratZ50ndj01', '72_lag_shSICsep', '80_lag_scpPSLjfm', '97_lag_atlSICjfm']","[0.04583072486207757, 0.09376173337607877, 0.053344117071407134, 0.0905263396395959, 0.07280295177221854, 0.13667027174355323, 0.1257227035646313, 0.01591868106047973, 0.11663530237176743, 0.09297438773110006]","92_lag_stratZ50ndj03, 83_lag_AMOCann, 87_lag_atlSICsep, 92_lag_shSICsep, 93_lag_amoSSTmjjaso, 88_lag_shSICsep, 80_lag_stratZ50ndj01, 72_lag_shSICsep, 80_lag_scpPSLjfm, 97_lag_atlSICjfm_1239_72"
LinearRegression,85,10,naoPSLjfm,picntrl,1599.5,2050.5,0.8,100,70,72,15.019221583454755,0.08832662441875785,1239,"['90_lag_nppc2SSTjfm', '81_lag_scpPSLjfm', '87_lag_atlSICsep', '72_lag_shSICsep', '97_lag_atlSICjfm', '92_lag_stratZ50ndj03', '83_lag_AMOCann', '88_lag_shSICsep', '80_lag_stratZ50ndj01', '78_lag_shSICsep']","[0.02431510364791181, 0.09954005011565614, 0.0697538851673905, 0.03384617187224477, 0.12237030691241041, 0.04346527718575435, 0.10952401269101318, 0.12267184404771816, 0.11841364947367145, 0.10199548615810172]","90_lag_nppc2SSTjfm, 81_lag_scpPSLjfm, 87_lag_atlSICsep, 72_lag_shSICsep, 97_lag_atlSICjfm, 92_lag_stratZ50ndj03, 83_lag_AMOCann, 88_lag_shSICsep, 80_lag_stratZ50ndj01, 78_lag_shSICsep_1239_72"
