model,num_irrelevant,max_allowed_features,target_feature,dataset,year_start,year_end,splitsize,max_lag,init_lag,max_forecast,mae_score,corr_score,n_total_features,selected_feature_list,feature_importances,selected_features
LRforcedPSO,0,6,amo3,slow,1514.5,2005.5,0.4,15,1,1,16.405548671248855,0.17743547918224253,1755,"['1_lag_10_median_mhfATL30', '8_lag_mhfATL60', '4_lag_labSSTjfm', '7_lag_atlSICjfm', '9_lag_ismPRjja', '13_lag_naoPSLjfm']","[6.86944416888317, 0.03462685953057054, 3.331198016736627, 2.6846377303674522, 0.8420159333840687, 2.327172108501429]","1_lag_10_median_mhfATL30, 8_lag_mhfATL60, 4_lag_labSSTjfm, 7_lag_atlSICjfm, 9_lag_ismPRjja, 13_lag_naoPSLjfm_1755_1"
LRforcedPSO,1,6,amo3,slow,1515.5,2005.5,0.4,16,1,1,17.853501794384066,-0.13011093671236365,1885,"['4_lag_traTLS', '10_lag_ismPRjja', '1_lag_10_median_scpPSLjfm', '4_lag_labSSTjfm', '1_lag_5_median_amo1', '12_lag_amo2']","[2.719191355375714, 2.480317961381525, 2.4411865608228, 2.604626975517098, 2.2192492523146146, 2.1983695446709177]","4_lag_traTLS, 10_lag_ismPRjja, 1_lag_10_median_scpPSLjfm, 4_lag_labSSTjfm, 1_lag_5_median_amo1, 12_lag_amo2_1885_1"
LRforcedPSO,2,6,amo3,slow,1516.5,2005.5,0.4,17,1,1,17.42271261618583,-0.0552717595306029,2015,"['14_lag_traIFC', '1_lag_16_median_alpi', '10_lag_traFSC', '1_lag_15_median_nppc2SSTjfm', '1_lag_ginwSSTjfm', '1_lag_8_median_glTSjfm']","[1.5796140709052313, 6.282409504936091, 1.3548712700653205, 2.0980935675132173, 3.1824004401050487, 1.40739298675504]","14_lag_traIFC, 1_lag_16_median_alpi, 10_lag_traFSC, 1_lag_15_median_nppc2SSTjfm, 1_lag_ginwSSTjfm, 1_lag_8_median_glTSjfm_2015_1"
LRforcedPSO,3,6,amo3,slow,1517.5,2005.5,0.4,18,1,1,15.942215434388759,0.32255130834594736,2145,"['1_lag_2_median_ismPRjja', '1_lag_12_median_traBO', '1_lag_3_median_mhfATL30', '1_lag_2_median_ormenSSTjfm', '1_lag_9_median_seurTSjfm', '1_lag_traFS']","[3.468364187039505, 0.5078673950393675, 7.689023184687752, 5.9156079133099375, 1.7919722019235742, 2.3314565178690527]","1_lag_2_median_ismPRjja, 1_lag_12_median_traBO, 1_lag_3_median_mhfATL30, 1_lag_2_median_ormenSSTjfm, 1_lag_9_median_seurTSjfm, 1_lag_traFS_2145_1"
LRforcedPSO,4,6,amo3,slow,1518.5,2005.5,0.4,19,1,1,15.994225766641623,0.21689043356149507,2275,"['1_lag_11_median_ensoSSTjfm', '1_lag_3_median_atlSICsep', '6_lag_traMC', '1_lag_18_median_ginwSSTjfm', '18_lag_nppc3SSTjfm', '1_lag_10_median_traWP']","[1.6929868456968329, 0.021217422752869197, 1.2990973773274064, 5.400373197319972, 3.2202201403113246, 3.5182522177003133]","1_lag_11_median_ensoSSTjfm, 1_lag_3_median_atlSICsep, 6_lag_traMC, 1_lag_18_median_ginwSSTjfm, 18_lag_nppc3SSTjfm, 1_lag_10_median_traWP_2275_1"
LRforcedPSO,5,6,amo3,slow,1519.5,2005.5,0.4,20,1,1,20.93734179076033,-0.27188493412355874,2405,"['4_lag_labSSTjfm', '17_lag_traDP', '1_lag_5_median_yrvPRjja', '13_lag_nchinaPRjja', '1_lag_3_median_tripol1', '1_lag_16_median_ismPRjja']","[0.5872076296394191, 7.706547450968703, 1.3463419235109537, 0.3580778831268674, 1.956246113077924, 2.0830349261799785]","4_lag_labSSTjfm, 17_lag_traDP, 1_lag_5_median_yrvPRjja, 13_lag_nchinaPRjja, 1_lag_3_median_tripol1, 1_lag_16_median_ismPRjja_2405_1"
LRforcedPSO,6,6,amo3,slow,1520.5,2005.5,0.4,21,1,1,13.738914011497851,0.5095784424986627,2535,"['1_lag_amoSSTmjjaso', '15_lag_satlSSTjfm', '19_lag_glTSjfm', '1_lag_3_median_traCA', '1_lag_16_median_mhfATL45', '10_lag_traIT']","[3.1623686356803713, 2.451077209429136, 2.4276383450143237, 2.6394791431608793, 3.1678674344635525, 2.3792422167612775]","1_lag_amoSSTmjjaso, 15_lag_satlSSTjfm, 19_lag_glTSjfm, 1_lag_3_median_traCA, 1_lag_16_median_mhfATL45, 10_lag_traIT_2535_1"
LRforcedPSO,7,6,amo3,slow,1521.5,2005.5,0.4,22,2,2,14.61702572429506,0.34484287218428805,2535,"['6_lag_tripol1', '2_lag_7_median_nhTSjfm', '8_lag_gyreSSTjfm', '2_lag_8_median_mhfATL60', '7_lag_stratZ50ndj04', '2_lag_17_median_mhfATL30']","[3.128439776784173, 0.24265003965215115, 0.41845084265985655, 0.36854987342642964, 5.9148368786669625, 5.0994712089432745]","6_lag_tripol1, 2_lag_7_median_nhTSjfm, 8_lag_gyreSSTjfm, 2_lag_8_median_mhfATL60, 7_lag_stratZ50ndj04, 2_lag_17_median_mhfATL30_2535_2"
LRforcedPSO,8,6,amo3,slow,1522.5,2005.5,0.4,23,3,3,15.892757013814943,0.21256100448383378,2535,"['15_lag_ormenSSTjfm', '3_lag_9_median_mhfIP30', '3_lag_21_median_cetTSjfm', '7_lag_traTLS', '4_lag_traDS', '3_lag_18_median_wnorPRjfm']","[0.8456560001180264, 0.8742603389443264, 7.357917221695999, 1.8386740438618947, 3.7299607068639196, 0.7571165969385021]","15_lag_ormenSSTjfm, 3_lag_9_median_mhfIP30, 3_lag_21_median_cetTSjfm, 7_lag_traTLS, 4_lag_traDS, 3_lag_18_median_wnorPRjfm_2535_3"
LRforcedPSO,9,6,amo3,slow,1523.5,2005.5,0.4,24,4,4,19.410974490034004,0.018508442148433134,2535,"['4_lag_20_median_stratZ50ndj01', '4_lag_14_median_tripol2', '4_lag_19_median_glomaSSTjfm', '4_lag_14_median_nppc2SSTjfm', '4_lag_19_median_traWP', '4_lag_16_median_shSICsep']","[6.517060044788391, 4.998398428331439, 0.7903170397441386, 5.107458799944043, 1.4494683039106437, 3.7747402330726043]","4_lag_20_median_stratZ50ndj01, 4_lag_14_median_tripol2, 4_lag_19_median_glomaSSTjfm, 4_lag_14_median_nppc2SSTjfm, 4_lag_19_median_traWP, 4_lag_16_median_shSICsep_2535_4"
LRforcedPSO,10,6,amo3,slow,1524.5,2005.5,0.4,25,5,5,14.907182833957805,0.2665058597826482,2535,"['17_lag_shTSjfm', '22_lag_shSICsep', '5_lag_21_median_traIT', '5_lag_16_median_traFSC', '16_lag_traIFC', '5_lag_11_median_mhfATL30']","[2.019423809983664, 2.0200160492471153, 2.0191927009880755, 2.6922467683760005, 2.0193462211033584, 2.692056807832901]","17_lag_shTSjfm, 22_lag_shSICsep, 5_lag_21_median_traIT, 5_lag_16_median_traFSC, 16_lag_traIFC, 5_lag_11_median_mhfATL30_2535_5"
LRforcedPSO,11,6,amo3,slow,1525.5,2005.5,0.4,26,6,6,15.927124010588606,0.14046200204720455,2535,"['17_lag_naoPSLjfm', '17_lag_yrvPRjja', '16_lag_amo3', '6_lag_11_median_stratZ50ndj03', '6_lag_21_median_mhfATL30', '6_lag_18_median_tripol2']","[0.1802492281250334, 3.3523520329655447, 3.127699133857929, 0.8061477628765878, 3.3064273802066175, 3.2235819333084983]","17_lag_naoPSLjfm, 17_lag_yrvPRjja, 16_lag_amo3, 6_lag_11_median_stratZ50ndj03, 6_lag_21_median_mhfATL30, 6_lag_18_median_tripol2_2535_6"
LRforcedPSO,12,6,amo3,slow,1526.5,2005.5,0.4,27,7,7,18.613713458607933,-0.09266149798970302,2535,"['7_lag_26_median_amo1', '22_lag_nhSICjfm', '8_lag_shSICsep', '7_lag_8_median_traBO', '7_lag_16_median_ormenSSTjfm', '7_lag_18_median_glTSjfm']","[0.20446690387581157, 3.75886480233798, 5.623493504368945, 0.7277543362736179, 2.0399019040299526, 0.2852559216897177]","7_lag_26_median_amo1, 22_lag_nhSICjfm, 8_lag_shSICsep, 7_lag_8_median_traBO, 7_lag_16_median_ormenSSTjfm, 7_lag_18_median_glTSjfm_2535_7"
LRforcedPSO,13,6,amo3,slow,1527.5,2005.5,0.4,28,8,8,15.275763847526735,0.20864277596007377,2535,"['25_lag_samPSLann', '8_lag_26_median_traFSC', '8_lag_19_median_mhfATL30', '9_lag_stratZ50ndj01', '17_lag_traFS', '8_lag_27_median_atlSICsep']","[0.45578603719684985, 2.5878666302192954, 1.0554374507663233, 2.543460210451613, 2.543091748164553, 2.815280251770769]","25_lag_samPSLann, 8_lag_26_median_traFSC, 8_lag_19_median_mhfATL30, 9_lag_stratZ50ndj01, 17_lag_traFS, 8_lag_27_median_atlSICsep_2535_8"
LRforcedPSO,14,6,amo3,slow,1528.5,2005.5,0.4,29,9,9,18.67595692136287,0.03788599822149296,2535,"['21_lag_gyreSSTjfm', '9_lag_23_median_traMC', '9_lag_14_median_gyreSSTjfm', '24_lag_eurPSLjfm', '27_lag_amo3', '18_lag_traFS']","[0.6728718920279952, 4.037550952132309, 1.075005068851132, 0.1913392670521823, 1.5332356205936257, 1.5026476322738969]","21_lag_gyreSSTjfm, 9_lag_23_median_traMC, 9_lag_14_median_gyreSSTjfm, 24_lag_eurPSLjfm, 27_lag_amo3, 18_lag_traFS_2535_9"
LRforcedPSO,15,6,amo3,slow,1529.5,2005.5,0.4,30,10,10,19.101404010514276,-0.19855519495227616,2535,"['10_lag_20_median_labSSTjfm', '10_lag_17_median_amoSSTmjjaso', '10_lag_19_median_gyreSSTjfm', '10_lag_27_median_ginwSSTjfm', '10_lag_12_median_traEC', '17_lag_satlSSTjfm']","[4.538352204578789, 4.178669180386954, 5.309182810911107, 3.113480498052253, 1.229477220421348, 3.516560858682265]","10_lag_20_median_labSSTjfm, 10_lag_17_median_amoSSTmjjaso, 10_lag_19_median_gyreSSTjfm, 10_lag_27_median_ginwSSTjfm, 10_lag_12_median_traEC, 17_lag_satlSSTjfm_2535_10"
LRforcedPSO,16,6,amo3,slow,1530.5,2005.5,0.4,31,11,11,18.710738039248863,-0.09600698378848514,2535,"['11_lag_23_median_amoSSTmjjaso', '27_lag_eurPSLjfm', '11_lag_17_median_traFSC', '11_lag_nppc3SSTjfm', '16_lag_traDP', '25_lag_traEU']","[3.4774527906743558, 7.631224194402442, 0.8674997015723918, 2.360883044812157, 4.88399432646267, 0.8855656556165155]","11_lag_23_median_amoSSTmjjaso, 27_lag_eurPSLjfm, 11_lag_17_median_traFSC, 11_lag_nppc3SSTjfm, 16_lag_traDP, 25_lag_traEU_2535_11"
LRforcedPSO,17,6,amo3,slow,1531.5,2005.5,0.4,32,12,12,16.2177827767685,0.17852151121303672,2535,"['12_lag_25_median_traIT', '12_lag_17_median_nhTSjfm', '12_lag_21_median_eurPSLjfm', '12_lag_13_median_yrvPRjja', '20_lag_traDP', '12_lag_24_median_cetTSjfm']","[1.8366363993267996, 0.010170422083142228, 4.806820741469336, 1.3747469024555308, 1.2596877113972038, 1.757837156283422]","12_lag_25_median_traIT, 12_lag_17_median_nhTSjfm, 12_lag_21_median_eurPSLjfm, 12_lag_13_median_yrvPRjja, 20_lag_traDP, 12_lag_24_median_cetTSjfm_2535_12"
LRforcedPSO,18,6,amo3,slow,1532.5,2005.5,0.4,33,13,13,16.869157395515362,0.11998214370722103,2535,"['31_lag_ensoSSTjfm', '13_lag_22_median_labSSTjfm', '13_lag_14_median_glTSjfm', '16_lag_traEC', '13_lag_24_median_tripol2', '20_lag_ginwSSTjfm']","[0.5762592561307578, 2.5205843227773173, 0.833691536890262, 3.3589350816173678, 0.06849737873728223, 6.125304999533842]","31_lag_ensoSSTjfm, 13_lag_22_median_labSSTjfm, 13_lag_14_median_glTSjfm, 16_lag_traEC, 13_lag_24_median_tripol2, 20_lag_ginwSSTjfm_2535_13"
LRforcedPSO,19,6,amo3,slow,1533.5,2005.5,0.4,34,14,14,17.761698944945653,-0.22478811584384156,2535,"['25_lag_amo1', '14_lag_32_median_tripol1', '26_lag_ismPRjja', '14_lag_27_median_traBO', '14_lag_27_median_nchinaPRjja', '14_lag_16_median_ormenSSTjfm']","[1.5682304377697598, 1.6598695224593563, 0.8912471782450222, 2.5413751207173156, 4.502788493254098, 2.707503471836022]","25_lag_amo1, 14_lag_32_median_tripol1, 26_lag_ismPRjja, 14_lag_27_median_traBO, 14_lag_27_median_nchinaPRjja, 14_lag_16_median_ormenSSTjfm_2535_14"
LRforcedPSO,20,6,amo3,slow,1534.5,2005.5,0.4,35,15,15,21.72283974701648,-0.2006432529403772,2535,"['15_lag_24_median_neurTSjfm', '15_lag_27_median_shTSjfm', '23_lag_naoPSLjfm', '15_lag_31_median_wnorPRjfm', '17_lag_nhSICjfm', '15_lag_28_median_nhSICjfm']","[4.433958753844196, 5.315118533555844, 4.348409063878882, 4.910650109864892, 4.182115393563014, 4.469467800567622]","15_lag_24_median_neurTSjfm, 15_lag_27_median_shTSjfm, 23_lag_naoPSLjfm, 15_lag_31_median_wnorPRjfm, 17_lag_nhSICjfm, 15_lag_28_median_nhSICjfm_2535_15"
LRforcedPSO,21,6,amo3,slow,1535.5,2005.5,0.4,36,16,16,17.07413976034009,0.1434377624690301,2535,"['16_lag_traFS', '30_lag_nppc2SSTjfm', '26_lag_nhTSjfm', '34_lag_shSICsep', '31_lag_nchinaPRjja', '19_lag_nhSICjfm']","[2.189809661476838, 4.896340650493695, 4.301204016804931, 3.7458702082536295, 1.5168532385994773, 9.264243854324096]","16_lag_traFS, 30_lag_nppc2SSTjfm, 26_lag_nhTSjfm, 34_lag_shSICsep, 31_lag_nchinaPRjja, 19_lag_nhSICjfm_2535_16"
LRforcedPSO,22,6,amo3,slow,1536.5,2005.5,0.4,37,17,17,18.507452596459263,-0.053380241114089275,2535,"['17_lag_24_median_amo2', '17_lag_33_median_tripol3', '28_lag_nchinaPRjja', '34_lag_AMOCann', '17_lag_25_median_mhfATL30', '34_lag_traIT']","[1.5197942555900426, 2.452914191029798, 1.0077524411009424, 0.8854991797217533, 6.522708923908343, 3.756895667465243]","17_lag_24_median_amo2, 17_lag_33_median_tripol3, 28_lag_nchinaPRjja, 34_lag_AMOCann, 17_lag_25_median_mhfATL30, 34_lag_traIT_2535_17"
LRforcedPSO,23,6,amo3,slow,1537.5,2005.5,0.4,38,18,18,17.291907239804956,0.16104451520378874,2535,"['18_lag_22_median_traEC', '22_lag_shSICmar', '18_lag_37_median_eurPSLjfm', '18_lag_20_median_stratZ50ndj02', '18_lag_29_median_scpPSLjfm', '18_lag_22_median_nhSICjfm']","[0.5864804074235401, 1.3711519461921213, 5.811605521282495, 4.191285807811553, 1.0534356943887762, 3.533043082970617]","18_lag_22_median_traEC, 22_lag_shSICmar, 18_lag_37_median_eurPSLjfm, 18_lag_20_median_stratZ50ndj02, 18_lag_29_median_scpPSLjfm, 18_lag_22_median_nhSICjfm_2535_18"
LRforcedPSO,24,6,amo3,slow,1538.5,2005.5,0.4,39,19,19,18.703253827221108,-0.02978596415795632,2535,"['19_lag_28_median_mhfATL30', '36_lag_neurTSjfm', '27_lag_traFB', '19_lag_23_median_traIT', '24_lag_tripol1', '29_lag_eurPSLjfm']","[6.2681573728723095, 3.072435729122727, 9.086137910095811, 5.463942319818534, 0.7614756627804002, 1.764295399243549]","19_lag_28_median_mhfATL30, 36_lag_neurTSjfm, 27_lag_traFB, 19_lag_23_median_traIT, 24_lag_tripol1, 29_lag_eurPSLjfm_2535_19"
LRforcedPSO,25,6,amo3,slow,1539.5,2005.5,0.4,40,20,20,16.8131774818471,0.13751178601306221,2535,"['39_lag_traIFC', '20_lag_27_median_pdoSSTjfm', '20_lag_tripol2', '20_lag_33_median_traDP', '39_lag_shSICmar', '37_lag_glTSjfm']","[0.057152694118409286, 5.808646542637293, 1.2396767840131275, 0.00937508662575226, 4.0846955996331005, 0.8298566529470222]","39_lag_traIFC, 20_lag_27_median_pdoSSTjfm, 20_lag_tripol2, 20_lag_33_median_traDP, 39_lag_shSICmar, 37_lag_glTSjfm_2535_20"
LRforcedPSO,26,6,amo3,slow,1540.5,2005.5,0.4,41,21,21,18.823301830716083,-0.10134471735863314,2535,"['21_lag_39_median_amo1', '21_lag_23_median_tripol1', '31_lag_traEC', '21_lag_26_median_traBO', '33_lag_nhSICsep', '21_lag_27_median_traTLS']","[2.3129207673243437, 2.2727997360797967, 1.999555977720217, 1.9774555261577758, 1.7346906044743085, 1.7593726396747604]","21_lag_39_median_amo1, 21_lag_23_median_tripol1, 31_lag_traEC, 21_lag_26_median_traBO, 33_lag_nhSICsep, 21_lag_27_median_traTLS_2535_21"
LRforcedPSO,27,6,amo3,slow,1541.5,2005.5,0.4,42,22,22,19.157731583744525,-0.16634757723547436,2535,"['22_lag_23_median_amoSSTmjjaso', '22_lag_23_median_labSSTjfm', '22_lag_24_median_amo3', '31_lag_labSSTjfm', '22_lag_23_median_nppc2SSTjfm', '27_lag_arcTSjfm']","[0.1425341423296178, 5.410263230102268, 2.452870430317658, 1.4335884591717036, 0.5491522902460062, 6.318138287924855]","22_lag_23_median_amoSSTmjjaso, 22_lag_23_median_labSSTjfm, 22_lag_24_median_amo3, 31_lag_labSSTjfm, 22_lag_23_median_nppc2SSTjfm, 27_lag_arcTSjfm_2535_22"
LRforcedPSO,28,6,amo3,slow,1542.5,2005.5,0.4,43,23,23,21.20531228558867,-0.09968039372319605,2535,"['23_lag_30_median_eapPSLjfm', '23_lag_36_median_samPSLann', '23_lag_32_median_shTSjfm', '23_lag_39_median_traEU', '23_lag_38_median_traWP', '23_lag_30_median_pdoSSTjfm']","[2.5936837397611683, 4.83713795143148, 3.4323133496982594, 2.4706765702190925, 0.3019591275910152, 0.277020670590888]","23_lag_30_median_eapPSLjfm, 23_lag_36_median_samPSLann, 23_lag_32_median_shTSjfm, 23_lag_39_median_traEU, 23_lag_38_median_traWP, 23_lag_30_median_pdoSSTjfm_2535_23"
LRforcedPSO,29,6,amo3,slow,1543.5,2005.5,0.4,44,24,24,18.338824814185358,-0.24381910659874526,2535,"['24_lag_31_median_traWP', '37_lag_stratZ50ndj03', '24_lag_36_median_traIFC', '27_lag_traWP', '27_lag_traMC', '24_lag_pdoSSTjfm']","[6.485564908189431, 3.478359136481526, 0.5701170449550546, 1.1787130523439941, 0.3847373050545162, 1.229970356119079]","24_lag_31_median_traWP, 37_lag_stratZ50ndj03, 24_lag_36_median_traIFC, 27_lag_traWP, 27_lag_traMC, 24_lag_pdoSSTjfm_2535_24"
LRforcedPSO,30,6,amo3,slow,1544.5,2005.5,0.4,45,25,25,17.71966324106798,0.045691976384382375,2535,"['25_lag_33_median_mhfATL45', '41_lag_arcTSjfm', '25_lag_44_median_traDS', '42_lag_glTSjfm', '25_lag_37_median_stratZ50ndj02', '25_lag_30_median_ismPRjja']","[3.6506858149106627, 4.429210536465185, 2.4513864290062344, 0.03360301070076943, 2.800855466105725, 2.3686067480831756]","25_lag_33_median_mhfATL45, 41_lag_arcTSjfm, 25_lag_44_median_traDS, 42_lag_glTSjfm, 25_lag_37_median_stratZ50ndj02, 25_lag_30_median_ismPRjja_2535_25"
LRforcedPSO,31,6,amo3,slow,1545.5,2005.5,0.4,46,26,26,23.06839501788749,-0.12930795135285333,2535,"['26_lag_45_median_mhfATL30', '38_lag_samPSLann', '27_lag_glomaSSTjfm', '26_lag_38_median_labSSTjfm', '26_lag_tripol3', '38_lag_traCA']","[5.761797868600562, 4.467600485270772, 5.894282992150441, 5.071000287478789, 3.364444784358998, 1.7691232569045923]","26_lag_45_median_mhfATL30, 38_lag_samPSLann, 27_lag_glomaSSTjfm, 26_lag_38_median_labSSTjfm, 26_lag_tripol3, 38_lag_traCA_2535_26"
LRforcedPSO,32,6,amo3,slow,1546.5,2005.5,0.4,47,27,27,17.56599433692491,-0.026263589275961927,2535,"['27_lag_42_median_stratZ50ndj03', '27_lag_35_median_mhfIP30', '27_lag_34_median_naoPSLjfm', '30_lag_tripol2', '27_lag_46_median_amoSSTmjjaso', '27_lag_37_median_eurPSLjfm']","[8.371276410780983, 2.6460392558176, 3.6459182309717537, 1.7222070451722153, 0.6273504834830241, 0.4338848809007363]","27_lag_42_median_stratZ50ndj03, 27_lag_35_median_mhfIP30, 27_lag_34_median_naoPSLjfm, 30_lag_tripol2, 27_lag_46_median_amoSSTmjjaso, 27_lag_37_median_eurPSLjfm_2535_27"
LRforcedPSO,33,6,amo3,slow,1547.5,2005.5,0.4,48,28,28,17.788889171439127,-0.003167389015251182,2535,"['28_lag_41_median_traFSC', '28_lag_34_median_nppc3SSTjfm', '44_lag_nhSICjfm', '44_lag_AMOCann', '28_lag_29_median_mhfATL30', '42_lag_traIFC']","[2.808911324529223, 3.3518589530831986, 2.514422925955425, 2.5139210966277523, 2.5139755279515876, 2.5139256825514593]","28_lag_41_median_traFSC, 28_lag_34_median_nppc3SSTjfm, 44_lag_nhSICjfm, 44_lag_AMOCann, 28_lag_29_median_mhfATL30, 42_lag_traIFC_2535_28"
LRforcedPSO,34,6,amo3,slow,1548.5,2005.5,0.4,49,29,29,17.88337522613216,-0.06172343481704767,2535,"['29_lag_32_median_mhfIP30', '44_lag_amo1', '32_lag_alpi', '29_lag_41_median_traFS', '32_lag_stratZ50ndj04', '45_lag_traFB']","[3.37473861828931, 2.6038093656997354, 0.3385943518468082, 5.899447209805944, 2.067203164805658, 1.659335465698728]","29_lag_32_median_mhfIP30, 44_lag_amo1, 32_lag_alpi, 29_lag_41_median_traFS, 32_lag_stratZ50ndj04, 45_lag_traFB_2535_29"
LRforcedPSO,35,6,amo3,slow,1549.5,2005.5,0.4,50,30,30,20.28310208698752,-0.2188419716317536,2535,"['30_lag_44_median_traEC', '30_lag_32_median_mhfATL60', '37_lag_neurTSjfm', '30_lag_49_median_neurTSjfm', '30_lag_40_median_tripol2', '40_lag_mhfATL45']","[1.1167815334893447, 4.929503696356132, 0.12351837785088371, 1.2798446183636507, 5.2509600758673685, 1.282937080018808]","30_lag_44_median_traEC, 30_lag_32_median_mhfATL60, 37_lag_neurTSjfm, 30_lag_49_median_neurTSjfm, 30_lag_40_median_tripol2, 40_lag_mhfATL45_2535_30"
LRforcedPSO,36,6,amo3,slow,1550.5,2005.5,0.4,51,31,31,16.770895471590258,-0.09195448488880219,2535,"['31_lag_44_median_ormenSSTjfm', '32_lag_eurPSLjfm', '49_lag_traFB', '35_lag_traCA', '33_lag_ginwSSTjfm', '37_lag_amo2']","[0.22798226843610792, 1.6818138440520727, 0.04433859870838397, 2.4505978465264944, 2.122145704476811, 0.3763947582232028]","31_lag_44_median_ormenSSTjfm, 32_lag_eurPSLjfm, 49_lag_traFB, 35_lag_traCA, 33_lag_ginwSSTjfm, 37_lag_amo2_2535_31"
LRforcedPSO,37,6,amo3,slow,1551.5,2005.5,0.4,52,32,32,16.272445253969202,0.03879953451461046,2535,"['48_lag_amo2', '32_lag_traMC', '32_lag_41_median_traEU', '32_lag_50_median_ginwSSTjfm', '36_lag_traWP', '32_lag_34_median_amo2']","[1.7972034657084772, 1.7988114317572803, 2.396270728442928, 2.39593849024335, 1.797203742941957, 2.3958194889136295]","48_lag_amo2, 32_lag_traMC, 32_lag_41_median_traEU, 32_lag_50_median_ginwSSTjfm, 36_lag_traWP, 32_lag_34_median_amo2_2535_32"
LRforcedPSO,38,6,amo3,slow,1552.5,2005.5,0.4,53,33,33,29.11351204635797,-0.05616972852759135,2535,"['33_lag_46_median_amoSSTmjjaso', '33_lag_46_median_pdoSSTjfm', '33_lag_35_median_nhSICsep', '33_lag_46_median_traEU', '33_lag_48_median_stratZ50ndj04', '46_lag_traMC']","[6.750023158919509, 4.144924196351683, 1.6966562977253936, 1.2580407156034425, 7.874515888139399, 4.043349217870267]","33_lag_46_median_amoSSTmjjaso, 33_lag_46_median_pdoSSTjfm, 33_lag_35_median_nhSICsep, 33_lag_46_median_traEU, 33_lag_48_median_stratZ50ndj04, 46_lag_traMC_2535_33"
LRforcedPSO,39,6,amo3,slow,1553.5,2005.5,0.4,54,34,34,16.9461959463874,-0.043300590777424236,2535,"['44_lag_ormenSSTjfm', '34_lag_46_median_stratZ50ndj01', '34_lag_49_median_labSSTjfm', '53_lag_stratZ50ndj04', '34_lag_42_median_traEU', '38_lag_naoPSLjfm']","[2.243347541670177, 0.8567540505449944, 8.137916456125101, 1.056931541441525, 2.0143091075081143, 0.9071305953524007]","44_lag_ormenSSTjfm, 34_lag_46_median_stratZ50ndj01, 34_lag_49_median_labSSTjfm, 53_lag_stratZ50ndj04, 34_lag_42_median_traEU, 38_lag_naoPSLjfm_2535_34"
LRforcedPSO,40,6,amo3,slow,1554.5,2005.5,0.4,55,35,35,15.76925459037595,0.18586761577590877,2535,"['49_lag_nchinaPRjja', '42_lag_nhSICjfm', '35_lag_47_median_satlSSTjfm', '35_lag_40_median_shSICsep', '35_lag_46_median_naoPSLjfm', '38_lag_seurTSjfm']","[2.3092362574782825, 2.9753652667788195, 1.211053891836693, 1.5762145120023696, 1.7020266984054828, 1.152568563099198]","49_lag_nchinaPRjja, 42_lag_nhSICjfm, 35_lag_47_median_satlSSTjfm, 35_lag_40_median_shSICsep, 35_lag_46_median_naoPSLjfm, 38_lag_seurTSjfm_2535_35"
LRforcedPSO,41,6,amo3,slow,1555.5,2005.5,0.4,56,36,36,16.732256044606267,0.002489846798665341,2535,"['37_lag_traFSC', '36_lag_43_median_mhfATL45', '36_lag_47_median_yrvPRjja', '38_lag_samPSLann', '37_lag_ormenSSTjfm', '36_lag_43_median_labSSTjfm']","[1.6403398234451336, 2.1734625073014375, 2.0884622655019798, 1.8129201587603039, 2.1555270056609253, 2.1284616433065247]","37_lag_traFSC, 36_lag_43_median_mhfATL45, 36_lag_47_median_yrvPRjja, 38_lag_samPSLann, 37_lag_ormenSSTjfm, 36_lag_43_median_labSSTjfm_2535_36"
LRforcedPSO,42,6,amo3,slow,1556.5,2005.5,0.4,57,37,37,16.962736108695918,0.08454109831716279,2535,"['40_lag_neurTSjfm', '37_lag_55_median_ismPRjja', '37_lag_53_median_traFS', '48_lag_labSSTjfm', '51_lag_atlSICjfm', '37_lag_50_median_seurTSjfm']","[2.8067172449338416, 3.3162747932634202, 2.781202938899816, 3.1029015882280055, 2.569500885016716, 2.6024547472009787]","40_lag_neurTSjfm, 37_lag_55_median_ismPRjja, 37_lag_53_median_traFS, 48_lag_labSSTjfm, 51_lag_atlSICjfm, 37_lag_50_median_seurTSjfm_2535_37"
LRforcedPSO,43,6,amo3,slow,1557.5,2005.5,0.4,58,38,38,17.34130356838046,-0.10459753005335173,2535,"['45_lag_tripol3', '38_lag_48_median_wnorPRjfm', '39_lag_glomaSSTjfm', '38_lag_52_median_tripol1', '46_lag_mhfATL30', '38_lag_53_median_traDS']","[1.6303673266929126, 1.639111249134499, 1.6928884598614902, 1.6406242744869615, 2.1347229980750395, 1.6419935060538153]","45_lag_tripol3, 38_lag_48_median_wnorPRjfm, 39_lag_glomaSSTjfm, 38_lag_52_median_tripol1, 46_lag_mhfATL30, 38_lag_53_median_traDS_2535_38"
LRforcedPSO,44,6,amo3,slow,1558.5,2005.5,0.4,59,39,39,21.240621422784002,-0.22992126300646182,2535,"['54_lag_nhTSjfm', '39_lag_51_median_scpPSLjfm', '39_lag_46_median_AMOCann', '39_lag_58_median_mhfATL45', '39_lag_47_median_nhTSjfm', '51_lag_mhfATL60']","[1.6869605139942792, 2.0435461025206276, 2.9048045627603436, 4.782485311625557, 8.350543201028673, 2.5111841593534017]","54_lag_nhTSjfm, 39_lag_51_median_scpPSLjfm, 39_lag_46_median_AMOCann, 39_lag_58_median_mhfATL45, 39_lag_47_median_nhTSjfm, 51_lag_mhfATL60_2535_39"
LRforcedPSO,45,6,amo3,slow,1559.5,2005.5,0.4,60,40,40,18.209604256313057,-0.18279295618843808,2535,"['57_lag_traFS', '40_lag_58_median_satlSSTjfm', '47_lag_traBO', '40_lag_44_median_nhTSjfm', '54_lag_scpPSLjfm', '51_lag_pdoSSTjfm']","[2.0378042749105245, 2.7170313733307294, 2.0378242883990687, 2.113036566219445, 2.0377802144901223, 2.6544005079421114]","57_lag_traFS, 40_lag_58_median_satlSSTjfm, 47_lag_traBO, 40_lag_44_median_nhTSjfm, 54_lag_scpPSLjfm, 51_lag_pdoSSTjfm_2535_40"
LRforcedPSO,46,6,amo3,slow,1560.5,2005.5,0.4,61,41,41,17.05699085284397,0.07064420437546888,2535,"['41_lag_59_median_mhfATL45', '55_lag_ormenSSTjfm', '56_lag_stratZ50ndj01', '44_lag_glomaSSTjfm', '58_lag_traFS', '51_lag_eurPSLjfm']","[1.815060518081012, 2.4200579515878657, 1.815812745779242, 2.4199086257823215, 1.8154894104551318, 1.8150461587447484]","41_lag_59_median_mhfATL45, 55_lag_ormenSSTjfm, 56_lag_stratZ50ndj01, 44_lag_glomaSSTjfm, 58_lag_traFS, 51_lag_eurPSLjfm_2535_41"
LRforcedPSO,47,6,amo3,slow,1561.5,2005.5,0.4,62,42,42,16.901708974033586,0.20587186311964667,2535,"['42_lag_57_median_tripol3', '42_lag_49_median_traIFC', '60_lag_shTSjfm', '42_lag_52_median_traEC', '42_lag_59_median_mhfATL45', '42_lag_46_median_ormenSSTjfm']","[1.22085324020221, 2.867067299615309, 1.9023197084514933, 4.916150488924938, 0.7039573037978073, 5.385550028765785]","42_lag_57_median_tripol3, 42_lag_49_median_traIFC, 60_lag_shTSjfm, 42_lag_52_median_traEC, 42_lag_59_median_mhfATL45, 42_lag_46_median_ormenSSTjfm_2535_42"
LRforcedPSO,48,6,amo3,slow,1562.5,2005.5,0.4,63,43,43,19.467433484285078,-0.09429226401962847,2535,"['48_lag_seurTSjfm', '47_lag_nhTSjfm', '43_lag_47_median_tripol1', '43_lag_56_median_shSICmar', '43_lag_50_median_stratZ50ndj04', '44_lag_nchinaPRjja']","[4.47913276611112, 1.8027439473681746, 5.350758762330676, 2.350940984851654, 5.885317690560454, 2.783439981826561]","48_lag_seurTSjfm, 47_lag_nhTSjfm, 43_lag_47_median_tripol1, 43_lag_56_median_shSICmar, 43_lag_50_median_stratZ50ndj04, 44_lag_nchinaPRjja_2535_43"
LRforcedPSO,49,6,amo3,slow,1563.5,2005.5,0.4,64,44,44,16.33509140898844,0.22542706308067376,2535,"['44_lag_45_median_yrvPRjja', '44_lag_59_median_stratZ50ndj02', '44_lag_60_median_shSICmar', '44_lag_52_median_mhfIP30', '53_lag_tripol3', '44_lag_60_median_ginwSSTjfm']","[2.303450521730589, 2.3258952266558532, 1.8168887494287334, 1.8606095602709385, 2.371652160791893, 2.2293810918644312]","44_lag_45_median_yrvPRjja, 44_lag_59_median_stratZ50ndj02, 44_lag_60_median_shSICmar, 44_lag_52_median_mhfIP30, 53_lag_tripol3, 44_lag_60_median_ginwSSTjfm_2535_44"
LRforcedPSO,50,6,amo3,slow,1564.5,2005.5,0.4,65,45,45,16.597501493724945,-0.00351495224562529,2535,"['63_lag_ginwSSTjfm', '61_lag_tripol3', '56_lag_traDS', '45_lag_58_median_stratZ50ndj01', '45_lag_49_median_amo2', '52_lag_traEU']","[2.2612349569110712, 2.184758058387457, 2.150885759142473, 2.8659362786964424, 2.49586041048605, 2.5828152912139135]","63_lag_ginwSSTjfm, 61_lag_tripol3, 56_lag_traDS, 45_lag_58_median_stratZ50ndj01, 45_lag_49_median_amo2, 52_lag_traEU_2535_45"
LRforcedPSO,51,6,amo3,slow,1565.5,2005.5,0.4,66,46,46,15.913876767075395,0.30257545085243615,2535,"['60_lag_amo3', '50_lag_stratZ50ndj03', '46_lag_58_median_nhSICjfm', '47_lag_amo1', '64_lag_yrvPRjja', '62_lag_traTLS']","[5.814905238084325, 2.1400834505631074, 1.2872956501462696, 7.109399306969749, 0.17093056804438334, 2.8446145298981946]","60_lag_amo3, 50_lag_stratZ50ndj03, 46_lag_58_median_nhSICjfm, 47_lag_amo1, 64_lag_yrvPRjja, 62_lag_traTLS_2535_46"
LRforcedPSO,52,6,amo3,slow,1566.5,2005.5,0.4,67,47,47,16.102491848203087,0.11387541439978359,2535,"['65_lag_wnorPRjfm', '47_lag_63_median_neurTSjfm', '48_lag_tripol2', '47_lag_56_median_traEC', '54_lag_shSICsep', '55_lag_stratZ50ndj03']","[3.072790711540108, 3.888222628351887, 0.9005563981623528, 0.3315111331863623, 0.893747563385439, 2.18788164925527]","65_lag_wnorPRjfm, 47_lag_63_median_neurTSjfm, 48_lag_tripol2, 47_lag_56_median_traEC, 54_lag_shSICsep, 55_lag_stratZ50ndj03_2535_47"
LRforcedPSO,53,6,amo3,slow,1567.5,2005.5,0.4,68,48,48,18.875392645187873,-0.1418553316421355,2535,"['48_lag_54_median_tripol2', '63_lag_traFS', '48_lag_51_median_solFORC', '61_lag_traFB', '48_lag_53_median_traBO', '67_lag_naoPSLjfm']","[2.891186306181579, 5.0232617223818465, 2.9316228047806714, 5.613700653159681, 4.78047719292253, 0.832221331324007]","48_lag_54_median_tripol2, 63_lag_traFS, 48_lag_51_median_solFORC, 61_lag_traFB, 48_lag_53_median_traBO, 67_lag_naoPSLjfm_2535_48"
LRforcedPSO,54,6,amo3,slow,1568.5,2005.5,0.4,69,49,49,16.172872635093675,0.16751745239852772,2535,"['49_lag_62_median_traFS', '49_lag_61_median_traFS', '49_lag_68_median_stratZ50ndj04', '49_lag_67_median_ginwSSTjfm', '61_lag_satlSSTjfm', '49_lag_55_median_yrvPRjja']","[2.7657284676532754, 2.146450099709471, 2.425745797524815, 2.4666137820488814, 2.8619332196762413, 2.2268155754507037]","49_lag_62_median_traFS, 49_lag_61_median_traFS, 49_lag_68_median_stratZ50ndj04, 49_lag_67_median_ginwSSTjfm, 61_lag_satlSSTjfm, 49_lag_55_median_yrvPRjja_2535_49"
LRforcedPSO,55,6,amo3,slow,1569.5,2005.5,0.4,70,50,50,16.3645520543286,0.12258846588641845,2535,"['50_lag_62_median_shSICmar', '60_lag_glomaSSTjfm', '59_lag_ormenSSTjfm', '56_lag_traTLS', '65_lag_tripol2', '50_lag_68_median_amoSSTmjjaso']","[1.9447501772157554, 2.547974744611854, 1.9141970435840674, 1.9326194809334503, 1.9177731290976714, 1.9916681438050834]","50_lag_62_median_shSICmar, 60_lag_glomaSSTjfm, 59_lag_ormenSSTjfm, 56_lag_traTLS, 65_lag_tripol2, 50_lag_68_median_amoSSTmjjaso_2535_50"
LRforcedPSO,56,6,amo3,slow,1570.5,2005.5,0.4,71,51,51,16.18802716687413,0.15216080136609167,2535,"['51_lag_60_median_ormenSSTjfm', '69_lag_naoPSLjfm', '52_lag_traFS', '58_lag_AMOCann', '51_lag_68_median_traFSC', '51_lag_64_median_arcTSjfm']","[3.732358897250066, 2.2264627464472557, 2.4802524915112514, 1.512732354786765, 4.527463528519569, 0.8792404094004844]","51_lag_60_median_ormenSSTjfm, 69_lag_naoPSLjfm, 52_lag_traFS, 58_lag_AMOCann, 51_lag_68_median_traFSC, 51_lag_64_median_arcTSjfm_2535_51"
LRforcedPSO,57,6,amo3,slow,1571.5,2005.5,0.4,72,52,53,17.46170419840955,-0.11241378018984602,2535,"['67_lag_atlSICjfm', '61_lag_mhfIP30', '60_lag_alpi', '53_lag_mhfATL45', '66_lag_traIFC', '64_lag_nhSICjfm']","[2.297173287141351, 2.118161792990895, 1.7464026007210003, 2.042930897247981, 2.3251571006665133, 1.927252474692068]","67_lag_atlSICjfm, 61_lag_mhfIP30, 60_lag_alpi, 53_lag_mhfATL45, 66_lag_traIFC, 64_lag_nhSICjfm_2535_53"
LRforcedPSO,58,6,amo3,slow,1572.5,2005.5,0.4,73,53,53,17.155862589837398,0.06632140885681605,2535,"['53_lag_68_median_traCA', '71_lag_amoSSTmjjaso', '69_lag_labSSTjfm', '65_lag_yrvPRjja', '72_lag_shSICmar', '53_lag_60_median_nhSICjfm']","[2.4714738357748756, 0.41635046478610427, 0.9538409539532751, 2.920062684974381, 3.0511463643548495, 3.969307031834994]","53_lag_68_median_traCA, 71_lag_amoSSTmjjaso, 69_lag_labSSTjfm, 65_lag_yrvPRjja, 72_lag_shSICmar, 53_lag_60_median_nhSICjfm_2535_53"
LRforcedPSO,59,6,amo3,slow,1573.5,2005.5,0.4,74,54,54,21.09989921483691,-0.1659021658053807,2535,"['54_lag_71_median_traMC', '54_lag_63_median_ismPRjja', '56_lag_labSSTjfm', '54_lag_66_median_traTLS', '55_lag_tripol2', '54_lag_57_median_amo1']","[2.379501954318915, 6.823278972249895, 7.284190210834737, 6.394906284908435, 3.5517519965755024, 0.8859078165530558]","54_lag_71_median_traMC, 54_lag_63_median_ismPRjja, 56_lag_labSSTjfm, 54_lag_66_median_traTLS, 55_lag_tripol2, 54_lag_57_median_amo1_2535_54"
LRforcedPSO,60,6,amo3,slow,1574.5,2005.5,0.4,75,55,55,16.43023156183613,0.16729518728694417,2535,"['55_lag_74_median_cetTSjfm', '70_lag_neurTSjfm', '55_lag_74_median_traIFC', '67_lag_neurTSjfm', '55_lag_68_median_samPSLann', '55_lag_70_median_mhfATL45']","[4.627794731403194, 0.16905528407862924, 3.9616517781324347, 1.7429095019670608, 1.799027871347601, 1.2437045335156505]","55_lag_74_median_cetTSjfm, 70_lag_neurTSjfm, 55_lag_74_median_traIFC, 67_lag_neurTSjfm, 55_lag_68_median_samPSLann, 55_lag_70_median_mhfATL45_2535_55"
LRforcedPSO,61,6,amo3,slow,1575.5,2005.5,0.4,76,56,56,17.19040261075528,-0.017038709559910974,2535,"['75_lag_traDS', '70_lag_ismPRjja', '72_lag_amoSSTmjjaso', '75_lag_gyreSSTjfm', '56_lag_61_median_stratZ50ndj04', '56_lag_63_median_shSICsep']","[2.1690616709852586, 2.010441986136294, 1.7618075082996962, 2.2288171939460324, 1.6839976355431054, 2.2380013085350297]","75_lag_traDS, 70_lag_ismPRjja, 72_lag_amoSSTmjjaso, 75_lag_gyreSSTjfm, 56_lag_61_median_stratZ50ndj04, 56_lag_63_median_shSICsep_2535_56"
LRforcedPSO,62,6,amo3,slow,1576.5,2005.5,0.4,77,57,57,16.310710748626104,0.21123291413586612,2535,"['57_lag_71_median_tripol2', '57_lag_68_median_traWP', '69_lag_nhSICsep', '57_lag_66_median_tripol2', '61_lag_cetTSjfm', '57_lag_76_median_traCA']","[1.9524302047537119, 2.152957663348892, 1.7371587177972687, 1.6147182510359896, 1.6147182478316335, 1.7937216387943098]","57_lag_71_median_tripol2, 57_lag_68_median_traWP, 69_lag_nhSICsep, 57_lag_66_median_tripol2, 61_lag_cetTSjfm, 57_lag_76_median_traCA_2535_57"
LRforcedPSO,63,6,amo3,slow,1577.5,2005.5,0.4,78,58,58,17.5666327365662,-0.14427783029230043,2535,"['58_lag_74_median_traDS', '59_lag_nhSICsep', '58_lag_67_median_wnorPRjfm', '58_lag_66_median_shTSjfm', '61_lag_mhfATL45', '58_lag_68_median_traFB']","[0.7957184133601647, 0.773094454126408, 0.8843339852485599, 0.7400376064211294, 2.0642743701485813, 5.822695609969788]","58_lag_74_median_traDS, 59_lag_nhSICsep, 58_lag_67_median_wnorPRjfm, 58_lag_66_median_shTSjfm, 61_lag_mhfATL45, 58_lag_68_median_traFB_2535_58"
LRforcedPSO,64,6,amo3,slow,1578.5,2005.5,0.4,79,59,59,17.823129813809132,-0.18189023813035385,2535,"['59_lag_75_median_amo3', '59_lag_73_median_mhfATL60', '59_lag_72_median_yrvPRjja', '69_lag_traFB', '59_lag_65_median_ismPRjja', '71_lag_mhfATL30']","[2.089302652955179, 2.1012567594889466, 2.089222680078192, 2.089245192044116, 2.0892514259379595, 2.7856300624865065]","59_lag_75_median_amo3, 59_lag_73_median_mhfATL60, 59_lag_72_median_yrvPRjja, 69_lag_traFB, 59_lag_65_median_ismPRjja, 71_lag_mhfATL30_2535_59"
LRforcedPSO,65,6,amo3,slow,1579.5,2005.5,0.4,80,60,60,19.1680424879718,-0.10955312329264999,2535,"['60_lag_66_median_stratZ50ndj03', '60_lag_74_median_ensoSSTjfm', '60_lag_65_median_traIFC', '60_lag_68_median_glomaSSTjfm', '60_lag_72_median_amo2', '60_lag_78_median_solFORC']","[5.9794094661231085, 6.170271953182532, 2.0070453092001355, 6.833108362338565, 2.7379705543006327, 7.578444363606071]","60_lag_66_median_stratZ50ndj03, 60_lag_74_median_ensoSSTjfm, 60_lag_65_median_traIFC, 60_lag_68_median_glomaSSTjfm, 60_lag_72_median_amo2, 60_lag_78_median_solFORC_2535_60"
LRforcedPSO,66,6,amo3,slow,1580.5,2005.5,0.4,81,61,61,17.701179489204385,0.017650758546207557,2535,"['79_lag_labSSTjfm', '61_lag_72_median_traFSC', '61_lag_68_median_glTSjfm', '71_lag_alpi', '61_lag_69_median_atlSICsep', '61_lag_71_median_traDS']","[0.4938133343256226, 6.214943411474039, 2.9640484765598885, 3.3306684979917307, 3.107413375231438, 7.174533412451748]","79_lag_labSSTjfm, 61_lag_72_median_traFSC, 61_lag_68_median_glTSjfm, 71_lag_alpi, 61_lag_69_median_atlSICsep, 61_lag_71_median_traDS_2535_61"
LRforcedPSO,67,6,amo3,slow,1581.5,2005.5,0.4,82,62,62,16.86072636246754,0.12329071653921035,2535,"['77_lag_traIT', '68_lag_amoSSTmjjaso', '62_lag_75_median_alpi', '62_lag_72_median_traTLS', '62_lag_80_median_nppc3SSTjfm', '68_lag_traFSC']","[4.6390989498321105, 2.0100819637101957, 1.7152090603030565, 3.8977794605778353, 2.992052880602081, 2.412207120362792]","77_lag_traIT, 68_lag_amoSSTmjjaso, 62_lag_75_median_alpi, 62_lag_72_median_traTLS, 62_lag_80_median_nppc3SSTjfm, 68_lag_traFSC_2535_62"
LRforcedPSO,68,6,amo3,slow,1582.5,2005.5,0.4,83,63,63,16.665252252202674,0.07468556031362258,2535,"['63_lag_70_median_scpPSLjfm', '63_lag_72_median_traFSC', '65_lag_traWP', '74_lag_traDP', '72_lag_mhfATL45', '81_lag_traFB']","[3.2369864834429185, 5.234084736467914, 3.143934900687693, 4.266884558271695, 0.22111444092335475, 1.8903566073790419]","63_lag_70_median_scpPSLjfm, 63_lag_72_median_traFSC, 65_lag_traWP, 74_lag_traDP, 72_lag_mhfATL45, 81_lag_traFB_2535_63"
LRforcedPSO,69,6,amo3,slow,1583.5,2005.5,0.4,84,64,64,17.47392002661863,-0.050406214495558196,2535,"['64_lag_66_median_glTSjfm', '64_lag_65_median_traFB', '64_lag_75_median_yrvPRjja', '64_lag_72_median_cetTSjfm', '64_lag_74_median_traCA', '65_lag_alpi']","[2.627896322937665, 2.33544719537213, 3.113773224092533, 3.113852269532862, 2.3377285324137267, 2.3394423763807173]","64_lag_66_median_glTSjfm, 64_lag_65_median_traFB, 64_lag_75_median_yrvPRjja, 64_lag_72_median_cetTSjfm, 64_lag_74_median_traCA, 65_lag_alpi_2535_64"
LRforcedPSO,70,6,amo3,slow,1584.5,2005.5,0.4,85,65,65,15.167624594383936,0.36791781122960127,2535,"['65_lag_73_median_arcTSjfm', '65_lag_74_median_AMOCann', '65_lag_73_median_eurPSLjfm', '65_lag_73_median_cetTSjfm', '65_lag_77_median_stratZ50ndj03', '65_lag_71_median_tripol2']","[4.846057425679696, 1.8753326990500785, 1.601263586680819, 3.2328227741411304, 0.9006848211021037, 3.7968843490620063]","65_lag_73_median_arcTSjfm, 65_lag_74_median_AMOCann, 65_lag_73_median_eurPSLjfm, 65_lag_73_median_cetTSjfm, 65_lag_77_median_stratZ50ndj03, 65_lag_71_median_tripol2_2535_65"
LRforcedPSO,71,6,amo3,slow,1585.5,2005.5,0.4,86,66,66,22.139922327171366,-0.26247106543140786,2535,"['77_lag_traWP', '66_lag_67_median_yrvPRjja', '82_lag_scpPSLjfm', '66_lag_82_median_traEC', '66_lag_80_median_glomaSSTjfm', '66_lag_81_median_traCA']","[0.9391097519985525, 3.6950406011113346, 3.129551923224203, 7.416584057451502, 0.0336841668422867, 4.333316607582397]","77_lag_traWP, 66_lag_67_median_yrvPRjja, 82_lag_scpPSLjfm, 66_lag_82_median_traEC, 66_lag_80_median_glomaSSTjfm, 66_lag_81_median_traCA_2535_66"
LRforcedPSO,72,6,amo3,slow,1586.5,2005.5,0.4,87,67,67,15.805322666715396,0.2140477589712531,2535,"['67_lag_86_median_traDP', '67_lag_78_median_cetTSjfm', '67_lag_74_median_amo3', '86_lag_ginwSSTjfm', '71_lag_shSICsep', '81_lag_mhfATL30']","[4.551799700399825, 4.551799418043757, 3.4138500181739686, 3.413851273224435, 3.4138498046237142, 3.4138502231873593]","67_lag_86_median_traDP, 67_lag_78_median_cetTSjfm, 67_lag_74_median_amo3, 86_lag_ginwSSTjfm, 71_lag_shSICsep, 81_lag_mhfATL30_2535_67"
LRforcedPSO,73,6,amo3,slow,1587.5,2005.5,0.4,88,68,68,16.833221319274763,0.2099730367238567,2535,"['68_lag_80_median_ginwSSTjfm', '87_lag_stratZ50ndj04', '68_lag_87_median_ensoSSTjfm', '68_lag_74_median_mhfIP30', '79_lag_stratZ50ndj01', '80_lag_yrvPRjja']","[1.2825370197904356, 1.390104149035965, 6.186803147431707, 0.5437959653522917, 2.3576310080336587, 0.9876317334951032]","68_lag_80_median_ginwSSTjfm, 87_lag_stratZ50ndj04, 68_lag_87_median_ensoSSTjfm, 68_lag_74_median_mhfIP30, 79_lag_stratZ50ndj01, 80_lag_yrvPRjja_2535_68"
LRforcedPSO,74,6,amo3,slow,1588.5,2005.5,0.4,89,69,69,22.009087200483318,-0.34619849229717337,2535,"['82_lag_neurTSjfm', '69_lag_85_median_satlSSTjfm', '77_lag_ensoSSTjfm', '88_lag_seurTSjfm', '69_lag_83_median_gyreSSTjfm', '78_lag_neurTSjfm']","[1.6707010085927152, 1.535864567491636, 4.716438638073734, 0.8859629715480608, 4.5480782931164025, 7.042681220466875]","82_lag_neurTSjfm, 69_lag_85_median_satlSSTjfm, 77_lag_ensoSSTjfm, 88_lag_seurTSjfm, 69_lag_83_median_gyreSSTjfm, 78_lag_neurTSjfm_2535_69"
LRforcedPSO,75,6,amo3,slow,1589.5,2005.5,0.4,90,70,70,16.9447715230666,0.2206676635711211,2535,"['70_lag_72_median_traCA', '86_lag_shTSjfm', '70_lag_79_median_arcTSjfm', '73_lag_tripol2', '70_lag_72_median_gyreSSTjfm', '78_lag_traBS']","[0.4456570988696953, 6.270508511070356, 6.7167710427553615, 0.6179124855538447, 4.438336813023177, 0.5500956486072912]","70_lag_72_median_traCA, 86_lag_shTSjfm, 70_lag_79_median_arcTSjfm, 73_lag_tripol2, 70_lag_72_median_gyreSSTjfm, 78_lag_traBS_2535_70"
LRforcedPSO,76,6,amo3,slow,1590.5,2005.5,0.4,91,71,71,17.78248350996093,-0.03349286587344734,2535,"['71_lag_75_median_AMOCann', '87_lag_ensoSSTjfm', '71_lag_88_median_naoPSLjfm', '71_lag_77_median_shSICmar', '71_lag_72_median_mhfATL60', '86_lag_amoSSTmjjaso']","[5.902588443958797, 4.183331217004811, 1.7310283338609107, 2.992538766686721, 2.3422548839699413, 0.05379955094471711]","71_lag_75_median_AMOCann, 87_lag_ensoSSTjfm, 71_lag_88_median_naoPSLjfm, 71_lag_77_median_shSICmar, 71_lag_72_median_mhfATL60, 86_lag_amoSSTmjjaso_2535_71"
LRforcedPSO,77,6,amo3,slow,1591.5,2005.5,0.4,92,72,72,18.4210825990163,0.20394192860237684,2535,"['80_lag_amo1', '84_lag_glTSjfm', '72_lag_80_median_nhSICsep', '76_lag_tripol1', '72_lag_traBS', '78_lag_stratZ50ndj03']","[0.8411734367971242, 0.47992932588853243, 9.770672723098368, 4.67016399242886, 1.9106634334014778, 2.1617898635828823]","80_lag_amo1, 84_lag_glTSjfm, 72_lag_80_median_nhSICsep, 76_lag_tripol1, 72_lag_traBS, 78_lag_stratZ50ndj03_2535_72"
LRforcedPSO,78,6,amo3,slow,1592.5,2005.5,0.4,93,73,73,16.756207009981846,0.07979669220237305,2535,"['73_lag_88_median_AMOCann', '73_lag_86_median_traDS', '73_lag_78_median_amoSSTmjjaso', '73_lag_79_median_stratZ50ndj03', '75_lag_traIT', '73_lag_91_median_ormenSSTjfm']","[4.909879647664061, 4.613346879027677, 1.1095251148735343, 0.2324524457656647, 0.6251504790313174, 3.448136170927887]","73_lag_88_median_AMOCann, 73_lag_86_median_traDS, 73_lag_78_median_amoSSTmjjaso, 73_lag_79_median_stratZ50ndj03, 75_lag_traIT, 73_lag_91_median_ormenSSTjfm_2535_73"
LRforcedPSO,79,6,amo3,slow,1593.5,2005.5,0.4,94,74,74,16.635599749658663,0.36486087076146734,2535,"['74_lag_75_median_glomaSSTjfm', '74_lag_83_median_traFSC', '74_lag_93_median_arcTSjfm', '74_lag_76_median_neurTSjfm', '83_lag_traTLS', '74_lag_shTSjfm']","[2.7209941492461027, 2.5689069510542506, 8.36825665273767, 2.38985694610337, 0.8431261330635476, 2.531028222893717]","74_lag_75_median_glomaSSTjfm, 74_lag_83_median_traFSC, 74_lag_93_median_arcTSjfm, 74_lag_76_median_neurTSjfm, 83_lag_traTLS, 74_lag_shTSjfm_2535_74"
LRforcedPSO,80,6,amo3,slow,1594.5,2005.5,0.4,95,75,75,18.129917633881316,0.16612248678977506,2535,"['75_lag_84_median_stratZ50ndj03', '75_lag_91_median_traIT', '76_lag_cetTSjfm', '75_lag_79_median_mhfATL30', '75_lag_82_median_nhSICsep', '75_lag_78_median_eurPSLjfm']","[4.96742124370853, 8.172529415347405, 0.8513115944113547, 1.643737968489953, 3.584682337460441, 2.2861700901543713]","75_lag_84_median_stratZ50ndj03, 75_lag_91_median_traIT, 76_lag_cetTSjfm, 75_lag_79_median_mhfATL30, 75_lag_82_median_nhSICsep, 75_lag_78_median_eurPSLjfm_2535_75"
LRforcedPSO,81,6,amo3,slow,1595.5,2005.5,0.4,96,76,76,17.547828019881106,0.045121429187999516,2535,"['83_lag_shSICsep', '76_lag_78_median_shSICsep', '93_lag_solFORC', '86_lag_arcTSjfm', '76_lag_88_median_nhSICsep', '94_lag_traMC']","[2.4121243278077014, 2.661900366602398, 3.214571241659656, 2.411024322359926, 3.2144382750782814, 2.4109333783676803]","83_lag_shSICsep, 76_lag_78_median_shSICsep, 93_lag_solFORC, 86_lag_arcTSjfm, 76_lag_88_median_nhSICsep, 94_lag_traMC_2535_76"
LRforcedPSO,82,6,amo3,slow,1596.5,2005.5,0.4,97,77,77,19.44881109194006,-0.0307843630212798,2535,"['77_lag_87_median_mhfIP30', '89_lag_mhfIP30', '77_lag_79_median_traEC', '77_lag_84_median_wnorPRjfm', '95_lag_eapPSLjfm', '77_lag_81_median_seurTSjfm']","[1.936299971438773, 1.4647633160790203, 4.086549160796695, 7.01292506392576, 3.767691195784673, 0.9863209831687509]","77_lag_87_median_mhfIP30, 89_lag_mhfIP30, 77_lag_79_median_traEC, 77_lag_84_median_wnorPRjfm, 95_lag_eapPSLjfm, 77_lag_81_median_seurTSjfm_2535_77"
LRforcedPSO,83,6,amo3,slow,1597.5,2005.5,0.4,98,78,78,17.308962760162125,0.02393569460584459,2535,"['81_lag_traTLS', '80_lag_mhfATL30', '78_lag_94_median_ensoSSTjfm', '78_lag_87_median_tripol2', '78_lag_80_median_traEU', '92_lag_amo3']","[1.9712502690582598, 2.0695981815864695, 1.552705201163373, 1.6372228298888505, 1.5540861807575854, 1.8538668405962697]","81_lag_traTLS, 80_lag_mhfATL30, 78_lag_94_median_ensoSSTjfm, 78_lag_87_median_tripol2, 78_lag_80_median_traEU, 92_lag_amo3_2535_78"
LRforcedPSO,84,6,amo3,slow,1598.5,2005.5,0.4,99,79,79,17.079784807212885,0.10469773193834948,2535,"['89_lag_traWP', '79_lag_82_median_traCA', '94_lag_wnorPRjfm', '79_lag_97_median_mhfATL45', '79_lag_90_median_traEU', '79_lag_94_median_amo2']","[2.3468965153852266, 2.7460742850447035, 2.256126959604706, 3.0078771625420937, 2.9115471283923413, 2.349821440165015]","89_lag_traWP, 79_lag_82_median_traCA, 94_lag_wnorPRjfm, 79_lag_97_median_mhfATL45, 79_lag_90_median_traEU, 79_lag_94_median_amo2_2535_79"
LRforcedPSO,85,6,amo3,slow,1599.5,2005.5,0.4,100,80,80,17.178635822867438,0.025372780040238234,2535,"['80_lag_81_median_ormenSSTjfm', '80_lag_90_median_traIT', '80_lag_88_median_traBO', '86_lag_AMOCann', '80_lag_93_median_traFSC', '80_lag_ginwSSTjfm']","[0.006151519120610516, 4.874531651452568, 1.5053374848255867, 0.8977012613095692, 2.198381208150499, 0.37726065509974305]","80_lag_81_median_ormenSSTjfm, 80_lag_90_median_traIT, 80_lag_88_median_traBO, 86_lag_AMOCann, 80_lag_93_median_traFSC, 80_lag_ginwSSTjfm_2535_80"
