model,num_irrelevant,max_allowed_features,target_feature,dataset,year_start,year_end,splitsize,max_lag,init_lag,max_forecast,mae_score,corr_score,n_total_features,selected_feature_list,feature_importances,selected_features
LRforcedPSO,0,10,amo2,picntrl,1066.5,2050.5,0.4,15,5,5,14.801733629851249,0.01481406847221825,399,"['5_lag_14_median_nhSICjfm', '5_lag_11_median_stratZ50ndj02', '5_lag_eurPSLjfm', '6_lag_naoPSLjfm', '7_lag_naoPSLjfm', '12_lag_amoSSTmjjaso', '12_lag_amo2', '5_lag_6_median_stratZ50ndj03', '8_lag_atlSICjfm', '10_lag_naoPSLjfm']","[2.241700039701282, 6.768590435172013, 3.754205182835797, 0.3026736926652056, 3.2661690613382106, 1.364185167400727, 2.390139194863778, 1.0498646271797334, 3.435591689326616, 3.389520095357227]","5_lag_14_median_nhSICjfm, 5_lag_11_median_stratZ50ndj02, 5_lag_eurPSLjfm, 6_lag_naoPSLjfm, 7_lag_naoPSLjfm, 12_lag_amoSSTmjjaso, 12_lag_amo2, 5_lag_6_median_stratZ50ndj03, 8_lag_atlSICjfm, 10_lag_naoPSLjfm_399_5"
LRforcedPSO,1,10,amo2,picntrl,1067.5,2050.5,0.4,16,6,6,16.783639663297656,-0.0814194206688324,399,"['12_lag_atlSICjfm', '14_lag_nhSICjfm', '6_lag_10_median_naoPSLjfm', '6_lag_8_median_stratZ50ndj04', '15_lag_stratZ50ndj04', '13_lag_atlSICjfm', '10_lag_amo1', '12_lag_naoPSLjfm', '13_lag_nhSICsep', '14_lag_eapPSLjfm']","[5.182921064636199, 2.8764785875846766, 1.7007359839949547, 0.2866564036047876, 5.552274713323937, 4.496056735116758, 4.177305761606613, 1.9633822360451916, 0.2764655892851344, 6.710748280149065]","12_lag_atlSICjfm, 14_lag_nhSICjfm, 6_lag_10_median_naoPSLjfm, 6_lag_8_median_stratZ50ndj04, 15_lag_stratZ50ndj04, 13_lag_atlSICjfm, 10_lag_amo1, 12_lag_naoPSLjfm, 13_lag_nhSICsep, 14_lag_eapPSLjfm_399_6"
LRforcedPSO,2,10,amo2,picntrl,1068.5,2050.5,0.4,17,7,7,14.407997388887901,0.13676677384655528,399,"['12_lag_stratZ50ndj04', '7_lag_16_median_naoPSLjfm', '13_lag_scpPSLjfm', '15_lag_amoSSTjfm', '7_lag_9_median_shSICsep', '7_lag_15_median_naoPSLjfm', '7_lag_amo3', '13_lag_stratZ50ndj02', '14_lag_amo1', '10_lag_amo3']","[4.560434087945935, 1.6078877080187404, 1.0330226309206552, 6.746802848721103, 2.3306644715252496, 2.8019116064276304, 1.5499247783990988, 2.418802109737042, 0.012199500970313082, 0.5394882580931277]","12_lag_stratZ50ndj04, 7_lag_16_median_naoPSLjfm, 13_lag_scpPSLjfm, 15_lag_amoSSTjfm, 7_lag_9_median_shSICsep, 7_lag_15_median_naoPSLjfm, 7_lag_amo3, 13_lag_stratZ50ndj02, 14_lag_amo1, 10_lag_amo3_399_7"
LRforcedPSO,3,10,amo2,picntrl,1069.5,2050.5,0.4,18,8,8,13.798122141639388,0.18541802832472065,399,"['12_lag_amo1', '8_lag_11_median_scpPSLjfm', '8_lag_13_median_scpPSLjfm', '8_lag_16_median_amo3', '8_lag_9_median_amo3', '8_lag_atlSICsep', '8_lag_17_median_shSICsep', '8_lag_16_median_amoSSTjfm', '8_lag_12_median_AMOCann', '9_lag_nhSICjfm']","[2.0870140146880054, 2.8215064159695764, 3.638594208733908, 0.8040949289198132, 5.076880993909292, 1.798776041844718, 1.5519315372807654, 1.1504294103005197, 8.081479621033466, 0.754067658869527]","12_lag_amo1, 8_lag_11_median_scpPSLjfm, 8_lag_13_median_scpPSLjfm, 8_lag_16_median_amo3, 8_lag_9_median_amo3, 8_lag_atlSICsep, 8_lag_17_median_shSICsep, 8_lag_16_median_amoSSTjfm, 8_lag_12_median_AMOCann, 9_lag_nhSICjfm_399_8"
LRforcedPSO,4,10,amo2,picntrl,1070.5,2050.5,0.4,19,9,9,16.49732379893765,0.00650881093544506,399,"['17_lag_amo1', '9_lag_11_median_atlSICjfm', '15_lag_amo3', '15_lag_AMOCann', '9_lag_17_median_stratZ50ndj01', '9_lag_12_median_shSICsep', '9_lag_eapPSLjfm', '10_lag_naoPSLjfm', '13_lag_amoSSTmjjaso', '10_lag_scpPSLjfm']","[8.610350253751282, 1.2283636710957033, 7.870478433010348, 3.9477871409709486, 2.307919032119057, 0.14473966496446877, 1.8223580752357122, 0.9496311530702464, 0.5287328600057961, 0.5247777968978475]","17_lag_amo1, 9_lag_11_median_atlSICjfm, 15_lag_amo3, 15_lag_AMOCann, 9_lag_17_median_stratZ50ndj01, 9_lag_12_median_shSICsep, 9_lag_eapPSLjfm, 10_lag_naoPSLjfm, 13_lag_amoSSTmjjaso, 10_lag_scpPSLjfm_399_9"
LRforcedPSO,5,10,amo2,picntrl,1071.5,2050.5,0.4,20,10,10,14.722993556578405,0.08602741298477791,399,"['10_lag_14_median_atlSICsep', '19_lag_amoSSTjfm', '10_lag_12_median_nhSICjfm', '17_lag_eapPSLjfm', '10_lag_16_median_amoSSTjfm', '18_lag_nppc2SSTjfm', '13_lag_stratZ50ndj03', '11_lag_amoSSTjfm', '15_lag_AMOCann', '10_lag_scpPSLjfm']","[4.448296781171342, 7.168926722584509, 5.555190947198028, 0.7024513696205386, 1.6609370973540827, 2.208067706991619, 0.37093196550891605, 0.3295503349654201, 1.6220227080956953, 2.5963344435139923]","10_lag_14_median_atlSICsep, 19_lag_amoSSTjfm, 10_lag_12_median_nhSICjfm, 17_lag_eapPSLjfm, 10_lag_16_median_amoSSTjfm, 18_lag_nppc2SSTjfm, 13_lag_stratZ50ndj03, 11_lag_amoSSTjfm, 15_lag_AMOCann, 10_lag_scpPSLjfm_399_10"
LRforcedPSO,6,10,amo2,picntrl,1072.5,2050.5,0.4,21,11,11,16.37249131532822,-0.011971449628392751,399,"['11_lag_13_median_shSICmar', '11_lag_17_median_shSICsep', '12_lag_AMOCann', '11_lag_18_median_amoSSTmjjaso', '11_lag_17_median_stratZ50ndj02', '19_lag_amoSSTmjjaso', '16_lag_atlSICsep', '11_lag_AMOCann', '17_lag_scpPSLjfm', '11_lag_amoSSTmjjaso']","[1.4888443600726653, 1.9076219844920352, 2.0196428702079814, 4.276478903862561, 7.9318098393712555, 1.8621864522583458, 3.1073296008757145, 3.2916095274495145, 3.6169672785280866, 3.1758475547377296]","11_lag_13_median_shSICmar, 11_lag_17_median_shSICsep, 12_lag_AMOCann, 11_lag_18_median_amoSSTmjjaso, 11_lag_17_median_stratZ50ndj02, 19_lag_amoSSTmjjaso, 16_lag_atlSICsep, 11_lag_AMOCann, 17_lag_scpPSLjfm, 11_lag_amoSSTmjjaso_399_11"
LRforcedPSO,7,10,amo2,picntrl,1073.5,2050.5,0.4,22,12,12,15.150006049105045,0.11022114470775025,399,"['18_lag_eapPSLjfm', '16_lag_amoSSTjfm', '19_lag_amoSSTmjjaso', '12_lag_19_median_amo2', '17_lag_amo1', '15_lag_eurPSLjfm', '12_lag_20_median_shSICsep', '12_lag_21_median_atlSICjfm', '19_lag_amo2', '20_lag_atlSICsep']","[1.0645178613592243, 4.704558177237597, 2.6631368187096705, 9.246276446833999, 2.1326988959918847, 1.2009453594019064, 2.3610581081594706, 2.350726344955392, 3.101033554588584, 2.334618890136044]","18_lag_eapPSLjfm, 16_lag_amoSSTjfm, 19_lag_amoSSTmjjaso, 12_lag_19_median_amo2, 17_lag_amo1, 15_lag_eurPSLjfm, 12_lag_20_median_shSICsep, 12_lag_21_median_atlSICjfm, 19_lag_amo2, 20_lag_atlSICsep_399_12"
LRforcedPSO,8,10,amo2,picntrl,1074.5,2050.5,0.4,23,13,13,15.706931432688089,0.07412420614867958,399,"['13_lag_15_median_stratZ50ndj01', '18_lag_amoSSTmjjaso', '13_lag_18_median_naoPSLjfm', '13_lag_19_median_AMOCann', '13_lag_18_median_amoSSTjfm', '13_lag_17_median_amo3', '14_lag_atlSICjfm', '19_lag_eurPSLjfm', '19_lag_stratZ50ndj01', '13_lag_21_median_nppc2SSTjfm']","[1.856397658297075, 2.3193100473414994, 1.5756963168360372, 1.7007966072807168, 4.354529922548396, 2.278764182241858, 3.0531905922848113, 8.955702925741932, 2.017978025361944, 3.343387418442547]","13_lag_15_median_stratZ50ndj01, 18_lag_amoSSTmjjaso, 13_lag_18_median_naoPSLjfm, 13_lag_19_median_AMOCann, 13_lag_18_median_amoSSTjfm, 13_lag_17_median_amo3, 14_lag_atlSICjfm, 19_lag_eurPSLjfm, 19_lag_stratZ50ndj01, 13_lag_21_median_nppc2SSTjfm_399_13"
LRforcedPSO,9,10,amo2,picntrl,1075.5,2050.5,0.4,24,14,14,16.42165470524105,0.06605493105043722,399,"['14_lag_15_median_stratZ50ndj02', '21_lag_atlSICjfm', '14_lag_stratZ50ndj02', '16_lag_shSICsep', '21_lag_shSICmar', '20_lag_amoSSTjfm', '14_lag_20_median_eapPSLjfm', '22_lag_amo2', '14_lag_17_median_AMOCann', '14_lag_21_median_naoPSLjfm']","[0.3542638392003816, 4.9724133121732494, 6.557048381855132, 3.571709190768124, 5.269075162770454, 2.057667854891122, 2.5129001747748863, 4.954547375585033, 1.9821921284576618, 2.0293962476512917]","14_lag_15_median_stratZ50ndj02, 21_lag_atlSICjfm, 14_lag_stratZ50ndj02, 16_lag_shSICsep, 21_lag_shSICmar, 20_lag_amoSSTjfm, 14_lag_20_median_eapPSLjfm, 22_lag_amo2, 14_lag_17_median_AMOCann, 14_lag_21_median_naoPSLjfm_399_14"
LRforcedPSO,10,10,amo2,picntrl,1076.5,2050.5,0.4,25,15,15,14.170266961860218,0.0023609836569750313,399,"['15_lag_18_median_scpPSLjfm', '15_lag_19_median_AMOCann', '17_lag_amoSSTjfm', '15_lag_23_median_AMOCann', '15_lag_16_median_amo3', '22_lag_shSICmar', '15_lag_22_median_stratZ50ndj03', '15_lag_18_median_eurPSLjfm', '17_lag_AMOCann', '22_lag_stratZ50ndj01']","[0.7983381321156742, 8.800246735152282, 1.2062699431445285, 5.1975911547053855, 0.5968252409432253, 2.901996816833446, 2.304584078490352, 1.004673572906018, 3.649766717334659, 2.764061977319514]","15_lag_18_median_scpPSLjfm, 15_lag_19_median_AMOCann, 17_lag_amoSSTjfm, 15_lag_23_median_AMOCann, 15_lag_16_median_amo3, 22_lag_shSICmar, 15_lag_22_median_stratZ50ndj03, 15_lag_18_median_eurPSLjfm, 17_lag_AMOCann, 22_lag_stratZ50ndj01_399_15"
LRforcedPSO,11,10,amo2,picntrl,1077.5,2050.5,0.4,26,16,16,16.636589228484354,0.0791648172100337,399,"['16_lag_20_median_stratZ50ndj01', '16_lag_18_median_nppc2SSTjfm', '16_lag_24_median_stratZ50ndj01', '20_lag_shSICmar', '24_lag_eapPSLjfm', '23_lag_stratZ50ndj02', '16_lag_21_median_stratZ50ndj03', '21_lag_amo3', '19_lag_shSICsep', '16_lag_23_median_stratZ50ndj04']","[1.5254140576782316, 7.244602471265061, 2.244690145369721, 0.3661685958377099, 5.465789971384467, 5.856033060212608, 2.684695919778372, 6.098233139414059, 3.2849186996089275, 2.604400587933336]","16_lag_20_median_stratZ50ndj01, 16_lag_18_median_nppc2SSTjfm, 16_lag_24_median_stratZ50ndj01, 20_lag_shSICmar, 24_lag_eapPSLjfm, 23_lag_stratZ50ndj02, 16_lag_21_median_stratZ50ndj03, 21_lag_amo3, 19_lag_shSICsep, 16_lag_23_median_stratZ50ndj04_399_16"
LRforcedPSO,12,10,amo2,picntrl,1078.5,2050.5,0.4,27,17,17,16.00737188946272,-0.0545506592378795,399,"['17_lag_naoPSLjfm', '18_lag_eapPSLjfm', '17_lag_22_median_nhSICsep', '18_lag_shSICmar', '17_lag_21_median_nppc2SSTjfm', '19_lag_amoSSTmjjaso', '24_lag_naoPSLjfm', '21_lag_amo2', '18_lag_atlSICjfm', '17_lag_19_median_stratZ50ndj04']","[1.6391237833895538, 0.541977610181581, 4.282154346502999, 1.7910031448409942, 0.22489557373205216, 2.3580310709219443, 0.5911315096040859, 7.861011067393786, 6.179483409754681, 0.38789454914197563]","17_lag_naoPSLjfm, 18_lag_eapPSLjfm, 17_lag_22_median_nhSICsep, 18_lag_shSICmar, 17_lag_21_median_nppc2SSTjfm, 19_lag_amoSSTmjjaso, 24_lag_naoPSLjfm, 21_lag_amo2, 18_lag_atlSICjfm, 17_lag_19_median_stratZ50ndj04_399_17"
LRforcedPSO,13,10,amo2,picntrl,1079.5,2050.5,0.4,28,18,18,15.246873538636812,-0.022911619035926638,399,"['18_lag_24_median_shSICmar', '18_lag_19_median_eurPSLjfm', '18_lag_21_median_nppc2SSTjfm', '18_lag_24_median_nhSICsep', '18_lag_20_median_stratZ50ndj02', '19_lag_stratZ50ndj02', '23_lag_shSICsep', '18_lag_23_median_atlSICsep', '19_lag_atlSICjfm', '18_lag_20_median_eapPSLjfm']","[1.8044826382752959, 0.8305035091989268, 6.599420237610422, 1.7975617545519569, 1.7932870552259228, 5.454913267981983, 0.841882123127764, 1.0293504871832493, 4.3903031934415875, 2.3662108491872402]","18_lag_24_median_shSICmar, 18_lag_19_median_eurPSLjfm, 18_lag_21_median_nppc2SSTjfm, 18_lag_24_median_nhSICsep, 18_lag_20_median_stratZ50ndj02, 19_lag_stratZ50ndj02, 23_lag_shSICsep, 18_lag_23_median_atlSICsep, 19_lag_atlSICjfm, 18_lag_20_median_eapPSLjfm_399_18"
LRforcedPSO,14,10,amo2,picntrl,1080.5,2050.5,0.4,29,19,19,13.65539356924369,-0.004567792292030906,399,"['25_lag_amoSSTjfm', '21_lag_shSICsep', '22_lag_eurPSLjfm', '23_lag_scpPSLjfm', '19_lag_22_median_stratZ50ndj01', '20_lag_AMOCann', '23_lag_nhSICjfm', '27_lag_shSICmar', '27_lag_stratZ50ndj01', '19_lag_24_median_stratZ50ndj01']","[2.046065774442458, 1.009576202383851, 2.3567978733848394, 3.1579502719612424, 0.7180195384825243, 1.0215280117017915, 1.4091765076225506, 2.4962398008348856, 1.5327073316399993, 2.1280372180190295]","25_lag_amoSSTjfm, 21_lag_shSICsep, 22_lag_eurPSLjfm, 23_lag_scpPSLjfm, 19_lag_22_median_stratZ50ndj01, 20_lag_AMOCann, 23_lag_nhSICjfm, 27_lag_shSICmar, 27_lag_stratZ50ndj01, 19_lag_24_median_stratZ50ndj01_399_19"
LRforcedPSO,15,10,amo2,picntrl,1081.5,2050.5,0.4,30,20,20,17.807979933690643,-0.011357136929019617,399,"['29_lag_AMOCann', '26_lag_naoPSLjfm', '20_lag_22_median_AMOCann', '21_lag_eapPSLjfm', '20_lag_naoPSLjfm', '20_lag_27_median_nhSICsep', '29_lag_amoSSTmjjaso', '20_lag_21_median_nhSICjfm', '20_lag_21_median_amoSSTjfm', '21_lag_shSICmar']","[5.71207491166197, 3.300855460481542, 9.579211779775283, 1.0652067771577265, 2.174879128773261, 2.0318477523917515, 1.0321391134038507, 5.827583679887354, 3.144538309937012, 4.939821540344822]","29_lag_AMOCann, 26_lag_naoPSLjfm, 20_lag_22_median_AMOCann, 21_lag_eapPSLjfm, 20_lag_naoPSLjfm, 20_lag_27_median_nhSICsep, 29_lag_amoSSTmjjaso, 20_lag_21_median_nhSICjfm, 20_lag_21_median_amoSSTjfm, 21_lag_shSICmar_399_20"
LRforcedPSO,16,10,amo2,picntrl,1082.5,2050.5,0.4,31,21,21,16.133232804130007,-0.1132356940362879,399,"['21_lag_30_median_shSICsep', '24_lag_amo3', '21_lag_30_median_amo3', '21_lag_25_median_stratZ50ndj04', '30_lag_stratZ50ndj01', '27_lag_stratZ50ndj03', '27_lag_shSICsep', '28_lag_atlSICjfm', '28_lag_eapPSLjfm', '25_lag_amoSSTjfm']","[9.593759055256614, 1.2436800592479553, 0.6107311739375465, 0.5776363247611584, 4.05733122288092, 1.3335772216512876, 4.214332388099873, 0.1478035276378833, 0.49482284958274825, 1.1369683158772563]","21_lag_30_median_shSICsep, 24_lag_amo3, 21_lag_30_median_amo3, 21_lag_25_median_stratZ50ndj04, 30_lag_stratZ50ndj01, 27_lag_stratZ50ndj03, 27_lag_shSICsep, 28_lag_atlSICjfm, 28_lag_eapPSLjfm, 25_lag_amoSSTjfm_399_21"
LRforcedPSO,17,10,amo2,picntrl,1083.5,2050.5,0.4,32,22,22,14.959036981351119,0.0376343175559957,399,"['24_lag_eapPSLjfm', '24_lag_AMOCann', '22_lag_24_median_amo2', '26_lag_eurPSLjfm', '22_lag_24_median_nppc2SSTjfm', '22_lag_25_median_AMOCann', '22_lag_26_median_stratZ50ndj02', '24_lag_nppc2SSTjfm', '27_lag_stratZ50ndj01', '22_lag_30_median_stratZ50ndj03']","[7.039920205470388, 1.0386940433919882, 0.5054090913361708, 1.812177289711192, 2.4411635487610326, 3.3712548662978, 1.7993725291267033, 7.0839055409342215, 3.9615349542022855, 1.6853588552894134]","24_lag_eapPSLjfm, 24_lag_AMOCann, 22_lag_24_median_amo2, 26_lag_eurPSLjfm, 22_lag_24_median_nppc2SSTjfm, 22_lag_25_median_AMOCann, 22_lag_26_median_stratZ50ndj02, 24_lag_nppc2SSTjfm, 27_lag_stratZ50ndj01, 22_lag_30_median_stratZ50ndj03_399_22"
LRforcedPSO,18,10,amo2,picntrl,1084.5,2050.5,0.4,33,23,23,14.847160448562402,0.048948066968651935,399,"['23_lag_29_median_nhSICsep', '30_lag_nhSICsep', '23_lag_24_median_stratZ50ndj02', '25_lag_amo2', '30_lag_atlSICjfm', '23_lag_32_median_amoSSTmjjaso', '23_lag_30_median_nhSICsep', '23_lag_31_median_amo1', '23_lag_atlSICsep', '28_lag_atlSICjfm']","[5.258538334279599, 6.78285662243672, 1.6252627168384848, 2.104182240134369, 1.3582395567822232, 0.9885313618295228, 5.625634868547021, 2.8165022949336986, 5.362635473601578, 5.731795281911747]","23_lag_29_median_nhSICsep, 30_lag_nhSICsep, 23_lag_24_median_stratZ50ndj02, 25_lag_amo2, 30_lag_atlSICjfm, 23_lag_32_median_amoSSTmjjaso, 23_lag_30_median_nhSICsep, 23_lag_31_median_amo1, 23_lag_atlSICsep, 28_lag_atlSICjfm_399_23"
LRforcedPSO,19,10,amo2,picntrl,1085.5,2050.5,0.4,34,24,24,16.206606057822963,-0.06578546538171096,399,"['24_lag_27_median_nppc2SSTjfm', '27_lag_amoSSTmjjaso', '24_lag_27_median_eurPSLjfm', '30_lag_amo2', '27_lag_nhSICsep', '29_lag_atlSICjfm', '24_lag_28_median_shSICsep', '26_lag_shSICsep', '32_lag_amo1', '24_lag_25_median_nhSICsep']","[8.533176778576259, 2.2505001139802587, 2.507278072116222, 0.33499106155449354, 2.788318773950653, 2.5051104218122884, 0.492383075122401, 2.8794580994192787, 1.7058336706863386, 1.8705528034077918]","24_lag_27_median_nppc2SSTjfm, 27_lag_amoSSTmjjaso, 24_lag_27_median_eurPSLjfm, 30_lag_amo2, 27_lag_nhSICsep, 29_lag_atlSICjfm, 24_lag_28_median_shSICsep, 26_lag_shSICsep, 32_lag_amo1, 24_lag_25_median_nhSICsep_399_24"
LRforcedPSO,20,10,amo2,picntrl,1086.5,2050.5,0.4,35,25,25,15.499004703845818,-0.12078532116787644,399,"['25_lag_30_median_AMOCann', '28_lag_amoSSTjfm', '25_lag_32_median_stratZ50ndj01', '27_lag_scpPSLjfm', '34_lag_amo3', '25_lag_32_median_stratZ50ndj02', '33_lag_atlSICjfm', '25_lag_31_median_nhSICjfm', '25_lag_33_median_amo3', '25_lag_33_median_stratZ50ndj04']","[1.0732336149612394, 4.226464707996627, 1.3925441258032745, 3.736597218955744, 0.9826266221746103, 2.4471602903744696, 3.512549529889803, 3.6148829431077196, 1.783046482946789, 1.0931434981422505]","25_lag_30_median_AMOCann, 28_lag_amoSSTjfm, 25_lag_32_median_stratZ50ndj01, 27_lag_scpPSLjfm, 34_lag_amo3, 25_lag_32_median_stratZ50ndj02, 33_lag_atlSICjfm, 25_lag_31_median_nhSICjfm, 25_lag_33_median_amo3, 25_lag_33_median_stratZ50ndj04_399_25"
LRforcedPSO,21,10,amo2,picntrl,1087.5,2050.5,0.4,36,26,26,16.81931200180275,-0.036544452462118716,399,"['26_lag_31_median_AMOCann', '28_lag_amo1', '31_lag_nhSICjfm', '26_lag_34_median_AMOCann', '26_lag_33_median_naoPSLjfm', '26_lag_amo2', '26_lag_27_median_eapPSLjfm', '34_lag_amo2', '26_lag_30_median_shSICsep', '26_lag_stratZ50ndj03']","[0.24989178327832562, 4.712415801307164, 1.775692922210661, 0.772987130262436, 1.7610059691927749, 4.923553876433411, 4.210402795612602, 4.599499913555778, 3.9857622976673523, 5.658988829885775]","26_lag_31_median_AMOCann, 28_lag_amo1, 31_lag_nhSICjfm, 26_lag_34_median_AMOCann, 26_lag_33_median_naoPSLjfm, 26_lag_amo2, 26_lag_27_median_eapPSLjfm, 34_lag_amo2, 26_lag_30_median_shSICsep, 26_lag_stratZ50ndj03_399_26"
LRforcedPSO,22,10,amo2,picntrl,1088.5,2050.5,0.4,37,27,27,15.722768542482797,0.038741392633808,399,"['27_lag_35_median_eurPSLjfm', '27_lag_32_median_stratZ50ndj04', '34_lag_scpPSLjfm', '36_lag_atlSICjfm', '27_lag_32_median_naoPSLjfm', '32_lag_eurPSLjfm', '27_lag_35_median_nhSICjfm', '33_lag_nhSICjfm', '33_lag_nppc2SSTjfm', '27_lag_naoPSLjfm']","[1.4788021776602722, 3.4320075134845656, 0.6050677858122775, 3.509049850926786, 3.7271405099183674, 3.515239981696623, 2.140117975511604, 0.590486093797832, 6.816876749391906, 3.528793416137084]","27_lag_35_median_eurPSLjfm, 27_lag_32_median_stratZ50ndj04, 34_lag_scpPSLjfm, 36_lag_atlSICjfm, 27_lag_32_median_naoPSLjfm, 32_lag_eurPSLjfm, 27_lag_35_median_nhSICjfm, 33_lag_nhSICjfm, 33_lag_nppc2SSTjfm, 27_lag_naoPSLjfm_399_27"
LRforcedPSO,23,10,amo2,picntrl,1089.5,2050.5,0.4,38,28,28,14.92861818993696,0.01202532733883665,399,"['28_lag_36_median_amoSSTmjjaso', '37_lag_amoSSTmjjaso', '28_lag_34_median_amo1', '28_lag_34_median_AMOCann', '28_lag_29_median_eapPSLjfm', '31_lag_amo1', '28_lag_31_median_atlSICjfm', '36_lag_AMOCann', '32_lag_nppc2SSTjfm', '32_lag_amoSSTmjjaso']","[2.871214552635535, 1.0776648021932829, 3.0092214301855513, 2.87184815472666, 5.510070734797483, 3.4391357529905164, 7.1589276277383895, 1.7378958327319474, 0.6781574871062634, 3.8710938030814805]","28_lag_36_median_amoSSTmjjaso, 37_lag_amoSSTmjjaso, 28_lag_34_median_amo1, 28_lag_34_median_AMOCann, 28_lag_29_median_eapPSLjfm, 31_lag_amo1, 28_lag_31_median_atlSICjfm, 36_lag_AMOCann, 32_lag_nppc2SSTjfm, 32_lag_amoSSTmjjaso_399_28"
LRforcedPSO,24,10,amo2,picntrl,1090.5,2050.5,0.4,39,29,29,15.434929940367722,0.04810428784637457,399,"['29_lag_stratZ50ndj03', '29_lag_31_median_amo3', '29_lag_31_median_nppc2SSTjfm', '29_lag_37_median_amo3', '29_lag_37_median_eapPSLjfm', '35_lag_atlSICsep', '29_lag_37_median_nppc2SSTjfm', '29_lag_34_median_AMOCann', '32_lag_atlSICjfm', '29_lag_amoSSTmjjaso']","[4.258315279820849, 1.4045895155730808, 8.40000736206547, 3.787484796864666, 3.399926149580976, 2.6381698222136007, 2.942202869974322, 3.2890899345829254, 5.062659027032517, 0.3811687406980475]","29_lag_stratZ50ndj03, 29_lag_31_median_amo3, 29_lag_31_median_nppc2SSTjfm, 29_lag_37_median_amo3, 29_lag_37_median_eapPSLjfm, 35_lag_atlSICsep, 29_lag_37_median_nppc2SSTjfm, 29_lag_34_median_AMOCann, 32_lag_atlSICjfm, 29_lag_amoSSTmjjaso_399_29"
LRforcedPSO,25,10,amo2,picntrl,1091.5,2050.5,0.4,40,30,30,16.311170339805628,-0.049599200878985866,399,"['31_lag_amoSSTmjjaso', '31_lag_nhSICjfm', '30_lag_32_median_nppc2SSTjfm', '30_lag_31_median_stratZ50ndj03', '34_lag_nhSICsep', '30_lag_39_median_atlSICsep', '33_lag_stratZ50ndj01', '35_lag_eapPSLjfm', '30_lag_35_median_amo1', '39_lag_scpPSLjfm']","[8.179962713637172, 2.1794039666660137, 1.4033361561560032, 2.6005789362305176, 2.0186864678219933, 6.120065221698809, 1.7423240980489307, 2.217284054486946, 1.2389988946974775, 3.431403776418702]","31_lag_amoSSTmjjaso, 31_lag_nhSICjfm, 30_lag_32_median_nppc2SSTjfm, 30_lag_31_median_stratZ50ndj03, 34_lag_nhSICsep, 30_lag_39_median_atlSICsep, 33_lag_stratZ50ndj01, 35_lag_eapPSLjfm, 30_lag_35_median_amo1, 39_lag_scpPSLjfm_399_30"
LRforcedPSO,26,10,amo2,picntrl,1092.5,2050.5,0.4,41,31,31,14.934437402780109,-0.03900394996763628,399,"['31_lag_39_median_amo3', '31_lag_amoSSTjfm', '31_lag_33_median_shSICmar', '31_lag_36_median_nppc2SSTjfm', '31_lag_34_median_amo2', '37_lag_amo3', '36_lag_amo2', '35_lag_amo2', '39_lag_stratZ50ndj04', '31_lag_37_median_stratZ50ndj04']","[5.860005610477774, 1.6394211044820288, 0.30479402903280217, 2.41626233296763, 6.8527960693914665, 0.5334460863781665, 3.6092758097422317, 0.7278316026561278, 1.0104249076273675, 0.26253915120733673]","31_lag_39_median_amo3, 31_lag_amoSSTjfm, 31_lag_33_median_shSICmar, 31_lag_36_median_nppc2SSTjfm, 31_lag_34_median_amo2, 37_lag_amo3, 36_lag_amo2, 35_lag_amo2, 39_lag_stratZ50ndj04, 31_lag_37_median_stratZ50ndj04_399_31"
LRforcedPSO,27,10,amo2,picntrl,1093.5,2050.5,0.4,42,32,32,15.810299304240655,-0.03310961902030467,399,"['36_lag_scpPSLjfm', '41_lag_shSICmar', '38_lag_stratZ50ndj01', '32_lag_40_median_stratZ50ndj01', '32_lag_36_median_amo3', '35_lag_stratZ50ndj02', '39_lag_stratZ50ndj04', '32_lag_36_median_scpPSLjfm', '32_lag_nppc2SSTjfm', '32_lag_35_median_stratZ50ndj01']","[4.789720446214334, 1.5582828135349516, 0.5747348356639783, 5.032841209582823, 0.05165615393853962, 1.0952903935497886, 1.9583448338713865, 8.042829323750485, 0.5042555314375967, 8.980849659744756]","36_lag_scpPSLjfm, 41_lag_shSICmar, 38_lag_stratZ50ndj01, 32_lag_40_median_stratZ50ndj01, 32_lag_36_median_amo3, 35_lag_stratZ50ndj02, 39_lag_stratZ50ndj04, 32_lag_36_median_scpPSLjfm, 32_lag_nppc2SSTjfm, 32_lag_35_median_stratZ50ndj01_399_32"
LRforcedPSO,28,10,amo2,picntrl,1094.5,2050.5,0.4,43,33,33,14.856034986220488,0.0011975917166846903,399,"['37_lag_nppc2SSTjfm', '41_lag_eapPSLjfm', '33_lag_37_median_eurPSLjfm', '36_lag_nhSICjfm', '33_lag_34_median_shSICmar', '33_lag_amoSSTjfm', '33_lag_39_median_nppc2SSTjfm', '40_lag_atlSICsep', '41_lag_shSICmar', '38_lag_atlSICjfm']","[8.975472247980228, 3.9348359689663663, 1.7989749028923914, 1.5815290411985181, 0.13349796342252418, 2.2564049429085653, 3.6102262388275825, 0.9450818673949879, 1.6900887591857554, 0.2100975861851353]","37_lag_nppc2SSTjfm, 41_lag_eapPSLjfm, 33_lag_37_median_eurPSLjfm, 36_lag_nhSICjfm, 33_lag_34_median_shSICmar, 33_lag_amoSSTjfm, 33_lag_39_median_nppc2SSTjfm, 40_lag_atlSICsep, 41_lag_shSICmar, 38_lag_atlSICjfm_399_33"
LRforcedPSO,29,10,amo2,picntrl,1095.5,2050.5,0.4,44,34,34,16.249423400292404,-0.09132699222003149,399,"['37_lag_atlSICjfm', '34_lag_43_median_eurPSLjfm', '38_lag_scpPSLjfm', '34_lag_36_median_shSICsep', '34_lag_42_median_shSICmar', '34_lag_amoSSTmjjaso', '34_lag_41_median_shSICsep', '34_lag_39_median_nhSICsep', '34_lag_37_median_shSICmar', '34_lag_39_median_stratZ50ndj01']","[5.833329978871191, 1.1407970171136022, 6.920320761994296, 6.053277136485173, 3.3070995817715136, 3.7376547852509034, 4.08349305934639, 2.746663238112955, 1.8429294668248382, 2.6628628476276504]","37_lag_atlSICjfm, 34_lag_43_median_eurPSLjfm, 38_lag_scpPSLjfm, 34_lag_36_median_shSICsep, 34_lag_42_median_shSICmar, 34_lag_amoSSTmjjaso, 34_lag_41_median_shSICsep, 34_lag_39_median_nhSICsep, 34_lag_37_median_shSICmar, 34_lag_39_median_stratZ50ndj01_399_34"
LRforcedPSO,30,10,amo2,picntrl,1096.5,2050.5,0.4,45,35,35,16.952782725675135,0.0032775637641145883,399,"['42_lag_nhSICjfm', '35_lag_36_median_stratZ50ndj03', '35_lag_37_median_nhSICjfm', '41_lag_eurPSLjfm', '40_lag_shSICmar', '37_lag_stratZ50ndj01', '37_lag_scpPSLjfm', '35_lag_40_median_stratZ50ndj03', '35_lag_37_median_amoSSTjfm', '39_lag_atlSICjfm']","[2.874173116702284, 0.15926429672031617, 1.2386410189532882, 7.257654691449005, 1.6904956155087287, 3.5303270192498086, 8.888308640695646, 3.9189373534390057, 0.1270260326148609, 1.6539562523844165]","42_lag_nhSICjfm, 35_lag_36_median_stratZ50ndj03, 35_lag_37_median_nhSICjfm, 41_lag_eurPSLjfm, 40_lag_shSICmar, 37_lag_stratZ50ndj01, 37_lag_scpPSLjfm, 35_lag_40_median_stratZ50ndj03, 35_lag_37_median_amoSSTjfm, 39_lag_atlSICjfm_399_35"
LRforcedPSO,31,10,amo2,picntrl,1097.5,2050.5,0.4,46,36,36,14.059230066058422,0.03323877251954297,399,"['36_lag_44_median_stratZ50ndj02', '43_lag_atlSICsep', '36_lag_44_median_nhSICjfm', '36_lag_42_median_shSICsep', '37_lag_atlSICjfm', '41_lag_atlSICsep', '36_lag_38_median_amo1', '40_lag_amo3', '43_lag_amo1', '36_lag_45_median_eapPSLjfm']","[2.6413729775769257, 1.2476563302444816, 0.10159790843333383, 1.979060136273194, 2.42142981002591, 2.153232259046998, 5.43053477763705, 1.8277618350221836, 1.9317491786833152, 1.8379289227571665]","36_lag_44_median_stratZ50ndj02, 43_lag_atlSICsep, 36_lag_44_median_nhSICjfm, 36_lag_42_median_shSICsep, 37_lag_atlSICjfm, 41_lag_atlSICsep, 36_lag_38_median_amo1, 40_lag_amo3, 43_lag_amo1, 36_lag_45_median_eapPSLjfm_399_36"
LRforcedPSO,32,10,amo2,picntrl,1098.5,2050.5,0.4,47,37,37,18.89332156403451,-0.17816767856445903,399,"['37_lag_42_median_atlSICsep', '43_lag_stratZ50ndj03', '37_lag_46_median_naoPSLjfm', '37_lag_39_median_nhSICjfm', '45_lag_shSICmar', '45_lag_AMOCann', '41_lag_stratZ50ndj04', '45_lag_amo3', '46_lag_amo1', '38_lag_stratZ50ndj03']","[4.766318263599981, 3.12460130162766, 5.570324421762773, 4.724137115778785, 2.0469049643806, 2.195000990228211, 1.4991863168209534, 3.2700651021248106, 5.318125931944165, 4.398113335113045]","37_lag_42_median_atlSICsep, 43_lag_stratZ50ndj03, 37_lag_46_median_naoPSLjfm, 37_lag_39_median_nhSICjfm, 45_lag_shSICmar, 45_lag_AMOCann, 41_lag_stratZ50ndj04, 45_lag_amo3, 46_lag_amo1, 38_lag_stratZ50ndj03_399_37"
LRforcedPSO,33,10,amo2,picntrl,1099.5,2050.5,0.4,48,38,38,17.963698149235277,0.0152059005693231,399,"['44_lag_shSICsep', '38_lag_44_median_stratZ50ndj02', '38_lag_44_median_stratZ50ndj03', '38_lag_shSICmar', '47_lag_eurPSLjfm', '38_lag_AMOCann', '40_lag_amoSSTjfm', '38_lag_43_median_nhSICsep', '44_lag_amo1', '38_lag_eapPSLjfm']","[7.740054577751114, 4.464175794515999, 6.520533810615003, 2.1613746890673635, 3.9371949070559236, 1.2342381151949038, 2.6298067853990954, 2.6133727065123757, 2.985292249413609, 2.0734869385428194]","44_lag_shSICsep, 38_lag_44_median_stratZ50ndj02, 38_lag_44_median_stratZ50ndj03, 38_lag_shSICmar, 47_lag_eurPSLjfm, 38_lag_AMOCann, 40_lag_amoSSTjfm, 38_lag_43_median_nhSICsep, 44_lag_amo1, 38_lag_eapPSLjfm_399_38"
LRforcedPSO,34,10,amo2,picntrl,1100.5,2050.5,0.4,49,39,39,18.48352994151887,-0.005446228722855342,399,"['39_lag_shSICsep', '39_lag_42_median_stratZ50ndj01', '42_lag_nhSICjfm', '39_lag_43_median_scpPSLjfm', '39_lag_41_median_stratZ50ndj01', '39_lag_48_median_amoSSTmjjaso', '48_lag_stratZ50ndj03', '39_lag_44_median_stratZ50ndj02', '39_lag_42_median_AMOCann', '40_lag_shSICmar']","[7.182776651214429, 1.1407270481107563, 0.3356693029923754, 4.084438602167918, 8.176572059789677, 2.403867171589096, 3.2191065080151926, 8.091939938196155, 1.59583671425227, 2.5100767914652433]","39_lag_shSICsep, 39_lag_42_median_stratZ50ndj01, 42_lag_nhSICjfm, 39_lag_43_median_scpPSLjfm, 39_lag_41_median_stratZ50ndj01, 39_lag_48_median_amoSSTmjjaso, 48_lag_stratZ50ndj03, 39_lag_44_median_stratZ50ndj02, 39_lag_42_median_AMOCann, 40_lag_shSICmar_399_39"
LRforcedPSO,35,10,amo2,picntrl,1101.5,2050.5,0.4,50,40,40,15.13470638844836,-0.007007463880507617,399,"['44_lag_AMOCann', '47_lag_stratZ50ndj02', '44_lag_amo1', '44_lag_amoSSTjfm', '40_lag_48_median_amoSSTjfm', '44_lag_scpPSLjfm', '42_lag_amo1', '40_lag_44_median_stratZ50ndj02', '49_lag_amo2', '42_lag_amo2']","[4.707997485756346, 0.35177191749740544, 3.3910019323201652, 1.7689576961704603, 0.8808857284994627, 2.096942908385625, 3.2124254887083703, 1.476172094050245, 4.43337219252596, 4.207564483284392]","44_lag_AMOCann, 47_lag_stratZ50ndj02, 44_lag_amo1, 44_lag_amoSSTjfm, 40_lag_48_median_amoSSTjfm, 44_lag_scpPSLjfm, 42_lag_amo1, 40_lag_44_median_stratZ50ndj02, 49_lag_amo2, 42_lag_amo2_399_40"
LRforcedPSO,36,10,amo2,picntrl,1102.5,2050.5,0.4,51,41,41,14.496812027572423,0.0962457970193215,399,"['41_lag_47_median_amoSSTjfm', '41_lag_eurPSLjfm', '41_lag_48_median_shSICsep', '41_lag_43_median_amo2', '46_lag_nppc2SSTjfm', '41_lag_50_median_AMOCann', '41_lag_amo3', '41_lag_46_median_shSICsep', '46_lag_AMOCann', '50_lag_nhSICsep']","[5.259288016124984, 1.374434432398699, 5.16592847843398, 0.2088554866591803, 1.842545641896665, 6.467344440350267, 0.20514546078094753, 9.138227854459869, 5.798791871608491, 5.220119696228198]","41_lag_47_median_amoSSTjfm, 41_lag_eurPSLjfm, 41_lag_48_median_shSICsep, 41_lag_43_median_amo2, 46_lag_nppc2SSTjfm, 41_lag_50_median_AMOCann, 41_lag_amo3, 41_lag_46_median_shSICsep, 46_lag_AMOCann, 50_lag_nhSICsep_399_41"
LRforcedPSO,37,10,amo2,picntrl,1103.5,2050.5,0.4,52,42,42,18.029510392854345,-0.02630094104284259,399,"['49_lag_nhSICsep', '50_lag_scpPSLjfm', '42_lag_47_median_atlSICsep', '47_lag_stratZ50ndj04', '42_lag_amoSSTmjjaso', '42_lag_50_median_shSICsep', '46_lag_eurPSLjfm', '50_lag_atlSICjfm', '42_lag_44_median_AMOCann', '42_lag_47_median_shSICmar']","[3.166421883405879, 0.9143552015483145, 5.234078892676187, 7.7556067777188, 0.500360169762688, 5.142645151553012, 4.527661373474876, 4.006926638396813, 9.498028426712144, 1.8227017774792902]","49_lag_nhSICsep, 50_lag_scpPSLjfm, 42_lag_47_median_atlSICsep, 47_lag_stratZ50ndj04, 42_lag_amoSSTmjjaso, 42_lag_50_median_shSICsep, 46_lag_eurPSLjfm, 50_lag_atlSICjfm, 42_lag_44_median_AMOCann, 42_lag_47_median_shSICmar_399_42"
LRforcedPSO,38,10,amo2,picntrl,1104.5,2050.5,0.4,53,43,43,15.838526322441735,0.08024121976044633,399,"['43_lag_52_median_stratZ50ndj02', '48_lag_amoSSTmjjaso', '48_lag_amo2', '45_lag_amo2', '43_lag_51_median_AMOCann', '49_lag_shSICsep', '43_lag_50_median_amo1', '43_lag_49_median_stratZ50ndj04', '45_lag_shSICmar', '43_lag_52_median_scpPSLjfm']","[1.4544306641318023, 1.337081729999321, 4.194860172835169, 4.703646926173882, 1.8495940816524623, 2.1082414218936645, 5.936353775706046, 7.147035618281919, 0.5424943762227983, 0.26376135571142534]","43_lag_52_median_stratZ50ndj02, 48_lag_amoSSTmjjaso, 48_lag_amo2, 45_lag_amo2, 43_lag_51_median_AMOCann, 49_lag_shSICsep, 43_lag_50_median_amo1, 43_lag_49_median_stratZ50ndj04, 45_lag_shSICmar, 43_lag_52_median_scpPSLjfm_399_43"
LRforcedPSO,39,10,amo2,picntrl,1105.5,2050.5,0.4,54,44,44,15.919988135366543,0.06597909498280818,399,"['44_lag_51_median_eapPSLjfm', '47_lag_eurPSLjfm', '44_lag_53_median_nhSICsep', '44_lag_47_median_stratZ50ndj02', '47_lag_nppc2SSTjfm', '50_lag_naoPSLjfm', '44_lag_49_median_shSICsep', '50_lag_stratZ50ndj03', '44_lag_45_median_nhSICjfm', '51_lag_stratZ50ndj02']","[1.6640605410532068, 3.4741822547812102, 0.9670393435646769, 7.639630048845922, 1.149376514634584, 2.982066520466768, 3.5003797198915443, 0.4840595960679721, 4.73940418181609, 3.0048191295985793]","44_lag_51_median_eapPSLjfm, 47_lag_eurPSLjfm, 44_lag_53_median_nhSICsep, 44_lag_47_median_stratZ50ndj02, 47_lag_nppc2SSTjfm, 50_lag_naoPSLjfm, 44_lag_49_median_shSICsep, 50_lag_stratZ50ndj03, 44_lag_45_median_nhSICjfm, 51_lag_stratZ50ndj02_399_44"
LRforcedPSO,40,10,amo2,picntrl,1106.5,2050.5,0.4,55,45,45,14.375485137265438,0.07182648881951191,399,"['46_lag_shSICmar', '45_lag_51_median_stratZ50ndj04', '45_lag_49_median_stratZ50ndj01', '45_lag_stratZ50ndj03', '45_lag_49_median_amo2', '47_lag_amo1', '45_lag_53_median_atlSICjfm', '47_lag_amoSSTjfm', '45_lag_49_median_atlSICsep', '45_lag_54_median_shSICsep']","[4.711375296210079, 2.320585281070353, 1.196488964295913, 1.023913719454363, 3.6366485159306023, 5.941456828191534, 4.574319518247146, 8.628312716868216, 3.497806197457635, 2.521472769685107]","46_lag_shSICmar, 45_lag_51_median_stratZ50ndj04, 45_lag_49_median_stratZ50ndj01, 45_lag_stratZ50ndj03, 45_lag_49_median_amo2, 47_lag_amo1, 45_lag_53_median_atlSICjfm, 47_lag_amoSSTjfm, 45_lag_49_median_atlSICsep, 45_lag_54_median_shSICsep_399_45"
LRforcedPSO,41,10,amo2,picntrl,1107.5,2050.5,0.4,56,46,46,17.31573041903661,-0.08712422195879727,399,"['46_lag_48_median_atlSICsep', '53_lag_nppc2SSTjfm', '47_lag_amo2', '52_lag_eurPSLjfm', '46_lag_53_median_shSICsep', '47_lag_amo1', '55_lag_nhSICsep', '55_lag_amo1', '55_lag_amo2', '53_lag_eurPSLjfm']","[2.2425437877822354, 6.371960813527487, 3.6588883733782502, 0.12253627356038876, 2.7634577335881456, 5.246035823846132, 1.4749309216918185, 0.3960785558058362, 2.098110556575609, 6.056549225421183]","46_lag_48_median_atlSICsep, 53_lag_nppc2SSTjfm, 47_lag_amo2, 52_lag_eurPSLjfm, 46_lag_53_median_shSICsep, 47_lag_amo1, 55_lag_nhSICsep, 55_lag_amo1, 55_lag_amo2, 53_lag_eurPSLjfm_399_46"
LRforcedPSO,42,10,amo2,picntrl,1108.5,2050.5,0.4,57,47,47,16.30320553312505,-0.1507645694976505,399,"['51_lag_stratZ50ndj02', '47_lag_54_median_amo3', '47_lag_54_median_amoSSTjfm', '54_lag_nhSICsep', '47_lag_51_median_AMOCann', '47_lag_49_median_amoSSTjfm', '53_lag_amo2', '47_lag_51_median_amoSSTmjjaso', '47_lag_49_median_nhSICsep', '49_lag_atlSICjfm']","[2.0239872028681543, 6.001375725123346, 2.826289087852487, 3.4807499700860323, 1.4943363449869214, 1.5516280683612393, 0.7497716302369923, 5.236553981840681, 0.861013054345074, 7.624622662360721]","51_lag_stratZ50ndj02, 47_lag_54_median_amo3, 47_lag_54_median_amoSSTjfm, 54_lag_nhSICsep, 47_lag_51_median_AMOCann, 47_lag_49_median_amoSSTjfm, 53_lag_amo2, 47_lag_51_median_amoSSTmjjaso, 47_lag_49_median_nhSICsep, 49_lag_atlSICjfm_399_47"
LRforcedPSO,43,10,amo2,picntrl,1109.5,2050.5,0.4,58,48,48,14.578685703407759,0.019181068344168717,399,"['54_lag_nhSICjfm', '48_lag_54_median_nhSICsep', '51_lag_amo3', '53_lag_nhSICjfm', '48_lag_53_median_nhSICsep', '55_lag_nhSICsep', '48_lag_56_median_AMOCann', '48_lag_51_median_stratZ50ndj04', '49_lag_scpPSLjfm', '48_lag_stratZ50ndj01']","[0.4457279676003374, 2.07522958356936, 0.3487569907172059, 7.3731718380842395, 4.992760564413983, 5.991585680283262, 0.14529154011735557, 2.663930456427863, 0.0664817796258852, 1.9435281305119787]","54_lag_nhSICjfm, 48_lag_54_median_nhSICsep, 51_lag_amo3, 53_lag_nhSICjfm, 48_lag_53_median_nhSICsep, 55_lag_nhSICsep, 48_lag_56_median_AMOCann, 48_lag_51_median_stratZ50ndj04, 49_lag_scpPSLjfm, 48_lag_stratZ50ndj01_399_48"
LRforcedPSO,44,10,amo2,picntrl,1110.5,2050.5,0.4,59,49,49,15.491099174815517,0.039019049010671596,399,"['56_lag_stratZ50ndj01', '51_lag_stratZ50ndj01', '49_lag_53_median_atlSICsep', '49_lag_52_median_stratZ50ndj04', '49_lag_52_median_nhSICsep', '52_lag_stratZ50ndj03', '55_lag_eapPSLjfm', '53_lag_stratZ50ndj03', '49_lag_52_median_amo2', '51_lag_naoPSLjfm']","[4.682253069146833, 2.886093219144776, 2.6614619004070317, 4.742400036448188, 5.352556752506445, 1.2648663102528133, 1.5644807790255637, 2.888301792684601, 4.964197136912631, 2.902948586978999]","56_lag_stratZ50ndj01, 51_lag_stratZ50ndj01, 49_lag_53_median_atlSICsep, 49_lag_52_median_stratZ50ndj04, 49_lag_52_median_nhSICsep, 52_lag_stratZ50ndj03, 55_lag_eapPSLjfm, 53_lag_stratZ50ndj03, 49_lag_52_median_amo2, 51_lag_naoPSLjfm_399_49"
LRforcedPSO,45,10,amo2,picntrl,1111.5,2050.5,0.4,60,50,50,14.477667647522567,0.04729018801046611,399,"['54_lag_stratZ50ndj01', '50_lag_59_median_stratZ50ndj03', '50_lag_54_median_nhSICjfm', '50_lag_55_median_atlSICsep', '51_lag_AMOCann', '50_lag_57_median_atlSICsep', '50_lag_58_median_shSICmar', '54_lag_atlSICjfm', '51_lag_amo1', '51_lag_eapPSLjfm']","[2.7706178595424014, 2.960403238445977, 0.8227315219830533, 5.171396642944403, 0.5630150255187711, 5.25909296546304, 2.128875174456562, 6.5396736865905725, 4.514532493773449, 1.4822110979277188]","54_lag_stratZ50ndj01, 50_lag_59_median_stratZ50ndj03, 50_lag_54_median_nhSICjfm, 50_lag_55_median_atlSICsep, 51_lag_AMOCann, 50_lag_57_median_atlSICsep, 50_lag_58_median_shSICmar, 54_lag_atlSICjfm, 51_lag_amo1, 51_lag_eapPSLjfm_399_50"
LRforcedPSO,46,10,amo2,picntrl,1112.5,2050.5,0.4,61,51,51,15.221612203287528,-0.002954590834808466,399,"['51_lag_60_median_nhSICsep', '59_lag_shSICsep', '51_lag_54_median_stratZ50ndj03', '56_lag_shSICsep', '51_lag_54_median_atlSICjfm', '51_lag_53_median_scpPSLjfm', '51_lag_53_median_naoPSLjfm', '59_lag_stratZ50ndj01', '57_lag_nppc2SSTjfm', '51_lag_56_median_AMOCann']","[1.7861896168542586, 3.2285716787757757, 0.3357182037821751, 0.0366920046157162, 4.7754456360524555, 6.526899806512214, 0.09606876196601455, 0.10798842407342946, 4.4798166611420775, 5.42205976317099]","51_lag_60_median_nhSICsep, 59_lag_shSICsep, 51_lag_54_median_stratZ50ndj03, 56_lag_shSICsep, 51_lag_54_median_atlSICjfm, 51_lag_53_median_scpPSLjfm, 51_lag_53_median_naoPSLjfm, 59_lag_stratZ50ndj01, 57_lag_nppc2SSTjfm, 51_lag_56_median_AMOCann_399_51"
LRforcedPSO,47,10,amo2,picntrl,1113.5,2050.5,0.4,62,52,52,15.931636951859575,0.012447533503831315,399,"['57_lag_amoSSTjfm', '59_lag_naoPSLjfm', '54_lag_amo3', '53_lag_amo2', '61_lag_naoPSLjfm', '59_lag_amoSSTmjjaso', '61_lag_stratZ50ndj04', '52_lag_61_median_nhSICjfm', '52_lag_59_median_shSICsep', '54_lag_amo1']","[3.9897230728738142, 7.695923710448348, 4.5521638933714055, 0.634666969223991, 2.0550917350144227, 2.0429826225652636, 0.8759442853854758, 6.143089114912492, 4.086431717141654, 4.109359551654784]","57_lag_amoSSTjfm, 59_lag_naoPSLjfm, 54_lag_amo3, 53_lag_amo2, 61_lag_naoPSLjfm, 59_lag_amoSSTmjjaso, 61_lag_stratZ50ndj04, 52_lag_61_median_nhSICjfm, 52_lag_59_median_shSICsep, 54_lag_amo1_399_52"
LRforcedPSO,48,10,amo2,picntrl,1114.5,2050.5,0.4,63,53,53,16.45983289061074,-0.10952277179951271,399,"['61_lag_AMOCann', '53_lag_58_median_stratZ50ndj04', '53_lag_55_median_atlSICjfm', '56_lag_shSICsep', '53_lag_56_median_amo2', '53_lag_55_median_nppc2SSTjfm', '62_lag_stratZ50ndj01', '55_lag_stratZ50ndj01', '55_lag_stratZ50ndj04', '60_lag_nppc2SSTjfm']","[5.088316098945407, 2.2741003693243513, 6.307426292977148, 2.372760777433287, 1.2732291172769976, 5.413260267541942, 0.10222233537553649, 0.7137368141792884, 3.3989146925012097, 0.9788943774716259]","61_lag_AMOCann, 53_lag_58_median_stratZ50ndj04, 53_lag_55_median_atlSICjfm, 56_lag_shSICsep, 53_lag_56_median_amo2, 53_lag_55_median_nppc2SSTjfm, 62_lag_stratZ50ndj01, 55_lag_stratZ50ndj01, 55_lag_stratZ50ndj04, 60_lag_nppc2SSTjfm_399_53"
LRforcedPSO,49,10,amo2,picntrl,1115.5,2050.5,0.4,64,54,54,15.877513171705194,0.06713992549922293,399,"['54_lag_naoPSLjfm', '54_lag_62_median_nppc2SSTjfm', '55_lag_nhSICsep', '55_lag_nppc2SSTjfm', '54_lag_60_median_nppc2SSTjfm', '54_lag_58_median_naoPSLjfm', '54_lag_62_median_amoSSTjfm', '54_lag_56_median_AMOCann', '59_lag_atlSICjfm', '54_lag_60_median_shSICsep']","[1.1038601820230767, 2.9818232459303218, 1.4539144862779771, 1.6909477948749156, 0.5404858984551968, 0.8319035817295983, 4.553599631453336, 6.775614659285704, 3.8414853503489947, 6.913050127557582]","54_lag_naoPSLjfm, 54_lag_62_median_nppc2SSTjfm, 55_lag_nhSICsep, 55_lag_nppc2SSTjfm, 54_lag_60_median_nppc2SSTjfm, 54_lag_58_median_naoPSLjfm, 54_lag_62_median_amoSSTjfm, 54_lag_56_median_AMOCann, 59_lag_atlSICjfm, 54_lag_60_median_shSICsep_399_54"
LRforcedPSO,50,10,amo2,picntrl,1116.5,2050.5,0.4,65,55,55,16.171502973624918,-0.012042093830622614,399,"['64_lag_amo3', '58_lag_scpPSLjfm', '60_lag_amoSSTjfm', '59_lag_nhSICjfm', '55_lag_64_median_amo3', '55_lag_59_median_stratZ50ndj04', '64_lag_amoSSTjfm', '64_lag_nppc2SSTjfm', '60_lag_stratZ50ndj03', '64_lag_stratZ50ndj02']","[7.42454959260241, 0.07966085469637996, 2.2861578552892965, 5.877884143750698, 0.33107741683341985, 3.765207454228465, 6.261247251619967, 7.201647150751089, 5.060586778967647, 3.634309715992437]","64_lag_amo3, 58_lag_scpPSLjfm, 60_lag_amoSSTjfm, 59_lag_nhSICjfm, 55_lag_64_median_amo3, 55_lag_59_median_stratZ50ndj04, 64_lag_amoSSTjfm, 64_lag_nppc2SSTjfm, 60_lag_stratZ50ndj03, 64_lag_stratZ50ndj02_399_55"
LRforcedPSO,51,10,amo2,picntrl,1117.5,2050.5,0.4,66,56,56,15.124787133969075,0.012110461302778736,399,"['64_lag_eurPSLjfm', '56_lag_62_median_atlSICsep', '56_lag_64_median_atlSICsep', '56_lag_64_median_stratZ50ndj01', '62_lag_stratZ50ndj01', '56_lag_AMOCann', '56_lag_60_median_stratZ50ndj04', '56_lag_65_median_atlSICjfm', '58_lag_amo1', '57_lag_stratZ50ndj04']","[3.6208410838864467, 2.57971519508194, 4.283115490913811, 1.7948316533369653, 0.8341710592704068, 4.3860329605548865, 1.3740298702698084, 6.116264861211189, 0.5593057214522403, 3.4865692041491325]","64_lag_eurPSLjfm, 56_lag_62_median_atlSICsep, 56_lag_64_median_atlSICsep, 56_lag_64_median_stratZ50ndj01, 62_lag_stratZ50ndj01, 56_lag_AMOCann, 56_lag_60_median_stratZ50ndj04, 56_lag_65_median_atlSICjfm, 58_lag_amo1, 57_lag_stratZ50ndj04_399_56"
LRforcedPSO,52,10,amo2,picntrl,1118.5,2050.5,0.4,67,57,57,15.328106592402577,0.018086228070095117,399,"['57_lag_59_median_shSICsep', '64_lag_amo3', '59_lag_AMOCann', '61_lag_amoSSTmjjaso', '57_lag_61_median_amoSSTjfm', '57_lag_63_median_stratZ50ndj03', '58_lag_eapPSLjfm', '62_lag_nppc2SSTjfm', '66_lag_amoSSTmjjaso', '57_lag_65_median_atlSICsep']","[2.1497098805686132, 4.1983452334627, 5.8209770577141695, 3.8736998224095647, 4.815164544310155, 1.6860611922769149, 3.4364840321837704, 0.2017394689358376, 2.3375352978234876, 0.9969801563466341]","57_lag_59_median_shSICsep, 64_lag_amo3, 59_lag_AMOCann, 61_lag_amoSSTmjjaso, 57_lag_61_median_amoSSTjfm, 57_lag_63_median_stratZ50ndj03, 58_lag_eapPSLjfm, 62_lag_nppc2SSTjfm, 66_lag_amoSSTmjjaso, 57_lag_65_median_atlSICsep_399_57"
LRforcedPSO,53,10,amo2,picntrl,1119.5,2050.5,0.4,68,58,58,15.46638773649553,0.029724636301454013,399,"['58_lag_66_median_amoSSTmjjaso', '58_lag_stratZ50ndj04', '58_lag_64_median_stratZ50ndj01', '58_lag_66_median_AMOCann', '58_lag_66_median_amo3', '67_lag_atlSICsep', '58_lag_67_median_shSICsep', '58_lag_59_median_amo2', '59_lag_amoSSTjfm', '58_lag_64_median_amo1']","[4.624620869281621, 1.6813339114194008, 2.5284924256769177, 4.337266262861588, 2.785421445426646, 1.8001357548208787, 4.13209869621225, 4.81808255329053, 4.140727646479315, 5.171272031658365]","58_lag_66_median_amoSSTmjjaso, 58_lag_stratZ50ndj04, 58_lag_64_median_stratZ50ndj01, 58_lag_66_median_AMOCann, 58_lag_66_median_amo3, 67_lag_atlSICsep, 58_lag_67_median_shSICsep, 58_lag_59_median_amo2, 59_lag_amoSSTjfm, 58_lag_64_median_amo1_399_58"
LRforcedPSO,54,10,amo2,picntrl,1120.5,2050.5,0.4,69,59,59,16.784019017589497,0.08583248609032551,399,"['59_lag_61_median_nhSICjfm', '59_lag_66_median_stratZ50ndj02', '59_lag_67_median_amoSSTmjjaso', '59_lag_62_median_nhSICjfm', '59_lag_64_median_stratZ50ndj02', '67_lag_nppc2SSTjfm', '59_lag_67_median_shSICsep', '67_lag_scpPSLjfm', '64_lag_scpPSLjfm', '66_lag_nhSICsep']","[1.669945660325002, 3.4872015220385215, 2.2130617742180085, 7.756865609581722, 6.386395383787673, 0.6821966621673621, 6.141037110918292, 5.868377230179709, 0.7951219818037991, 2.7042100277245424]","59_lag_61_median_nhSICjfm, 59_lag_66_median_stratZ50ndj02, 59_lag_67_median_amoSSTmjjaso, 59_lag_62_median_nhSICjfm, 59_lag_64_median_stratZ50ndj02, 67_lag_nppc2SSTjfm, 59_lag_67_median_shSICsep, 67_lag_scpPSLjfm, 64_lag_scpPSLjfm, 66_lag_nhSICsep_399_59"
LRforcedPSO,55,10,amo2,picntrl,1121.5,2050.5,0.4,70,60,60,15.770955501886666,-0.05315068877809166,399,"['60_lag_63_median_shSICmar', '66_lag_amoSSTjfm', '62_lag_scpPSLjfm', '60_lag_67_median_amo2', '60_lag_62_median_eapPSLjfm', '60_lag_61_median_naoPSLjfm', '67_lag_scpPSLjfm', '60_lag_61_median_nppc2SSTjfm', '60_lag_68_median_stratZ50ndj01', '63_lag_amo1']","[1.4356648173209035, 4.824020975208063, 2.789619651751895, 0.1515170000701751, 5.699082342042219, 0.5953175517896305, 5.80937429607353, 4.3458618753277065, 1.1573871470225434, 0.3003776943160723]","60_lag_63_median_shSICmar, 66_lag_amoSSTjfm, 62_lag_scpPSLjfm, 60_lag_67_median_amo2, 60_lag_62_median_eapPSLjfm, 60_lag_61_median_naoPSLjfm, 67_lag_scpPSLjfm, 60_lag_61_median_nppc2SSTjfm, 60_lag_68_median_stratZ50ndj01, 63_lag_amo1_399_60"
LRforcedPSO,56,10,amo2,picntrl,1122.5,2050.5,0.4,71,61,61,17.590024501071017,-0.07072334711148442,399,"['61_lag_64_median_stratZ50ndj03', '63_lag_amoSSTmjjaso', '61_lag_66_median_amo1', '70_lag_AMOCann', '66_lag_amo3', '61_lag_amoSSTmjjaso', '61_lag_62_median_amo1', '67_lag_shSICsep', '63_lag_nhSICsep', '61_lag_62_median_shSICmar']","[0.8941812636507791, 3.2425869520952215, 1.4356782042865834, 9.20900211936788, 0.6829318336769106, 2.9367328421972, 7.821402803995059, 1.7699741046196387, 2.1149920923763794, 2.6835996628946805]","61_lag_64_median_stratZ50ndj03, 63_lag_amoSSTmjjaso, 61_lag_66_median_amo1, 70_lag_AMOCann, 66_lag_amo3, 61_lag_amoSSTmjjaso, 61_lag_62_median_amo1, 67_lag_shSICsep, 63_lag_nhSICsep, 61_lag_62_median_shSICmar_399_61"
LRforcedPSO,57,10,amo2,picntrl,1123.5,2050.5,0.4,72,62,62,15.75864469021375,-0.10311283920834165,399,"['62_lag_65_median_naoPSLjfm', '67_lag_nppc2SSTjfm', '62_lag_68_median_stratZ50ndj01', '62_lag_67_median_shSICsep', '62_lag_66_median_amoSSTmjjaso', '63_lag_amo2', '62_lag_66_median_nhSICsep', '71_lag_atlSICjfm', '70_lag_amo1', '68_lag_amoSSTmjjaso']","[4.182456769299508, 1.3409168122548394, 9.268528445151084, 1.8203624906046905, 5.118031547388721, 2.0172622539205456, 0.46805024974720943, 0.9170671846957816, 1.639474062735907, 0.2710754103858122]","62_lag_65_median_naoPSLjfm, 67_lag_nppc2SSTjfm, 62_lag_68_median_stratZ50ndj01, 62_lag_67_median_shSICsep, 62_lag_66_median_amoSSTmjjaso, 63_lag_amo2, 62_lag_66_median_nhSICsep, 71_lag_atlSICjfm, 70_lag_amo1, 68_lag_amoSSTmjjaso_399_62"
LRforcedPSO,58,10,amo2,picntrl,1124.5,2050.5,0.4,73,63,63,15.26586960415578,0.056265783718188765,399,"['68_lag_amo2', '63_lag_70_median_atlSICjfm', '63_lag_67_median_amoSSTjfm', '63_lag_67_median_stratZ50ndj04', '67_lag_AMOCann', '71_lag_amoSSTjfm', '63_lag_69_median_amoSSTmjjaso', '63_lag_72_median_nhSICsep', '64_lag_shSICsep', '63_lag_nppc2SSTjfm']","[0.7227371237410658, 4.5829602451036315, 3.4580234851989076, 3.145535495281912, 0.10568978372369031, 1.6388098649940712, 4.71300921084691, 1.7707739080401979, 4.278954522310268, 7.823434002718653]","68_lag_amo2, 63_lag_70_median_atlSICjfm, 63_lag_67_median_amoSSTjfm, 63_lag_67_median_stratZ50ndj04, 67_lag_AMOCann, 71_lag_amoSSTjfm, 63_lag_69_median_amoSSTmjjaso, 63_lag_72_median_nhSICsep, 64_lag_shSICsep, 63_lag_nppc2SSTjfm_399_63"
LRforcedPSO,59,10,amo2,picntrl,1125.5,2050.5,0.4,74,64,64,15.037871887924876,0.10656701341475493,399,"['70_lag_stratZ50ndj02', '64_lag_71_median_nhSICsep', '67_lag_nhSICsep', '65_lag_shSICsep', '69_lag_nppc2SSTjfm', '64_lag_71_median_nppc2SSTjfm', '65_lag_amoSSTmjjaso', '67_lag_amo1', '64_lag_69_median_nppc2SSTjfm', '73_lag_scpPSLjfm']","[2.2049848946253334, 2.8244500418755543, 0.6452718044020003, 5.211467902365374, 5.102320185337753, 6.2498782834253745, 0.7745447560653815, 2.0187047574700205, 0.6167590794481121, 6.9659061905855495]","70_lag_stratZ50ndj02, 64_lag_71_median_nhSICsep, 67_lag_nhSICsep, 65_lag_shSICsep, 69_lag_nppc2SSTjfm, 64_lag_71_median_nppc2SSTjfm, 65_lag_amoSSTmjjaso, 67_lag_amo1, 64_lag_69_median_nppc2SSTjfm, 73_lag_scpPSLjfm_399_64"
LRforcedPSO,60,10,amo2,picntrl,1126.5,2050.5,0.4,75,65,65,15.614197311196255,0.1448615023013526,399,"['69_lag_shSICsep', '65_lag_69_median_AMOCann', '65_lag_71_median_stratZ50ndj02', '65_lag_67_median_atlSICjfm', '68_lag_amo1', '65_lag_67_median_stratZ50ndj01', '65_lag_71_median_AMOCann', '65_lag_74_median_shSICmar', '65_lag_stratZ50ndj02', '65_lag_nppc2SSTjfm']","[6.883074976995122, 0.5667642759052285, 3.0667735066569612, 5.0601960140705255, 3.3126814043553887, 1.8719903533625128, 2.682112687361573, 9.718118371538523, 4.384067749576214, 6.836912029949458]","69_lag_shSICsep, 65_lag_69_median_AMOCann, 65_lag_71_median_stratZ50ndj02, 65_lag_67_median_atlSICjfm, 68_lag_amo1, 65_lag_67_median_stratZ50ndj01, 65_lag_71_median_AMOCann, 65_lag_74_median_shSICmar, 65_lag_stratZ50ndj02, 65_lag_nppc2SSTjfm_399_65"
LRforcedPSO,61,10,amo2,picntrl,1127.5,2050.5,0.4,76,66,66,15.817929595622584,0.017673091891273928,399,"['74_lag_nhSICsep', '74_lag_stratZ50ndj02', '68_lag_eapPSLjfm', '66_lag_72_median_eurPSLjfm', '72_lag_scpPSLjfm', '66_lag_73_median_shSICsep', '71_lag_amo3', '74_lag_atlSICjfm', '66_lag_71_median_amoSSTmjjaso', '69_lag_atlSICjfm']","[1.8218835210991706, 8.15494960540224, 2.2013032064180553, 2.523317723801952, 1.9102080191219208, 3.09963583770835, 3.2908140934776693, 2.254905808746514, 0.19548021820030748, 6.174408621858948]","74_lag_nhSICsep, 74_lag_stratZ50ndj02, 68_lag_eapPSLjfm, 66_lag_72_median_eurPSLjfm, 72_lag_scpPSLjfm, 66_lag_73_median_shSICsep, 71_lag_amo3, 74_lag_atlSICjfm, 66_lag_71_median_amoSSTmjjaso, 69_lag_atlSICjfm_399_66"
LRforcedPSO,62,10,amo2,picntrl,1128.5,2050.5,0.4,77,67,67,16.21110474124487,0.06920241669180292,399,"['73_lag_stratZ50ndj04', '67_lag_amo1', '70_lag_amo3', '72_lag_AMOCann', '67_lag_76_median_stratZ50ndj04', '76_lag_stratZ50ndj03', '76_lag_amoSSTmjjaso', '76_lag_atlSICsep', '67_lag_70_median_atlSICsep', '75_lag_eapPSLjfm']","[6.24766745458847, 0.6834902668165022, 8.656302806673517, 3.7619597217805296, 2.2840281004108505, 0.25240134797830116, 0.19811839481460147, 1.0353724636561168, 0.013191690472588391, 2.452375127985283]","73_lag_stratZ50ndj04, 67_lag_amo1, 70_lag_amo3, 72_lag_AMOCann, 67_lag_76_median_stratZ50ndj04, 76_lag_stratZ50ndj03, 76_lag_amoSSTmjjaso, 76_lag_atlSICsep, 67_lag_70_median_atlSICsep, 75_lag_eapPSLjfm_399_67"
LRforcedPSO,63,10,amo2,picntrl,1129.5,2050.5,0.4,78,68,68,15.982319251961234,0.007614110319104822,399,"['77_lag_eurPSLjfm', '68_lag_73_median_atlSICsep', '68_lag_77_median_amo1', '76_lag_stratZ50ndj01', '68_lag_77_median_stratZ50ndj04', '68_lag_72_median_nppc2SSTjfm', '74_lag_eapPSLjfm', '68_lag_70_median_shSICmar', '72_lag_scpPSLjfm', '68_lag_72_median_atlSICjfm']","[3.1227294993538184, 6.26495853070853, 5.338343570153301, 3.4544064511073884, 3.7937423091138562, 1.1906174190263137, 3.1169498002405582, 3.7367389336376906, 0.36944637785231116, 2.154790189303175]","77_lag_eurPSLjfm, 68_lag_73_median_atlSICsep, 68_lag_77_median_amo1, 76_lag_stratZ50ndj01, 68_lag_77_median_stratZ50ndj04, 68_lag_72_median_nppc2SSTjfm, 74_lag_eapPSLjfm, 68_lag_70_median_shSICmar, 72_lag_scpPSLjfm, 68_lag_72_median_atlSICjfm_399_68"
LRforcedPSO,64,10,amo2,picntrl,1130.5,2050.5,0.4,79,69,69,14.567246760504267,0.0277775364379166,399,"['69_lag_77_median_stratZ50ndj02', '77_lag_amo3', '75_lag_nppc2SSTjfm', '69_lag_72_median_amo1', '74_lag_shSICsep', '69_lag_75_median_atlSICsep', '69_lag_76_median_nhSICjfm', '74_lag_atlSICjfm', '72_lag_eurPSLjfm', '69_lag_75_median_amo3']","[0.471058642748833, 4.765223577154835, 2.085247254091387, 1.4494173919778515, 4.574437336658621, 0.6542940891038036, 0.2423371367358449, 1.940688566707923, 1.2344634450546295, 4.933252393115022]","69_lag_77_median_stratZ50ndj02, 77_lag_amo3, 75_lag_nppc2SSTjfm, 69_lag_72_median_amo1, 74_lag_shSICsep, 69_lag_75_median_atlSICsep, 69_lag_76_median_nhSICjfm, 74_lag_atlSICjfm, 72_lag_eurPSLjfm, 69_lag_75_median_amo3_399_69"
LRforcedPSO,65,10,amo2,picntrl,1131.5,2050.5,0.4,80,70,70,14.567969528096503,0.02194170918122042,399,"['71_lag_AMOCann', '70_lag_nhSICsep', '74_lag_shSICmar', '77_lag_atlSICjfm', '70_lag_77_median_scpPSLjfm', '78_lag_shSICmar', '70_lag_77_median_naoPSLjfm', '70_lag_71_median_scpPSLjfm', '73_lag_naoPSLjfm', '70_lag_74_median_shSICmar']","[1.0093220230462698, 1.0305669426376785, 5.192193281726021, 2.176016679363899, 4.0077659505542895, 2.8806254946238052, 1.4252202604132247, 1.3383545280300133, 2.8119341782319225, 0.5135770137352136]","71_lag_AMOCann, 70_lag_nhSICsep, 74_lag_shSICmar, 77_lag_atlSICjfm, 70_lag_77_median_scpPSLjfm, 78_lag_shSICmar, 70_lag_77_median_naoPSLjfm, 70_lag_71_median_scpPSLjfm, 73_lag_naoPSLjfm, 70_lag_74_median_shSICmar_399_70"
LRforcedPSO,66,10,amo2,picntrl,1132.5,2050.5,0.4,81,71,71,16.827285779481493,0.07758459774896495,399,"['76_lag_amo2', '71_lag_75_median_shSICmar', '71_lag_78_median_AMOCann', '71_lag_73_median_amo1', '71_lag_75_median_nhSICsep', '73_lag_amoSSTjfm', '71_lag_75_median_shSICsep', '74_lag_nppc2SSTjfm', '71_lag_76_median_eapPSLjfm', '72_lag_amoSSTjfm']","[7.988707605390026, 4.884776945463916, 3.174718266812455, 5.243891439830982, 0.9394642490124827, 5.567407986484209, 4.959821038746597, 1.3064577408671774, 1.5828876161547623, 6.674411246388898]","76_lag_amo2, 71_lag_75_median_shSICmar, 71_lag_78_median_AMOCann, 71_lag_73_median_amo1, 71_lag_75_median_nhSICsep, 73_lag_amoSSTjfm, 71_lag_75_median_shSICsep, 74_lag_nppc2SSTjfm, 71_lag_76_median_eapPSLjfm, 72_lag_amoSSTjfm_399_71"
LRforcedPSO,67,10,amo2,picntrl,1133.5,2050.5,0.4,82,72,72,15.615627285686056,0.067598851078303,399,"['79_lag_atlSICsep', '72_lag_80_median_shSICmar', '72_lag_73_median_amoSSTmjjaso', '72_lag_77_median_shSICmar', '78_lag_eapPSLjfm', '73_lag_amo1', '72_lag_80_median_nhSICsep', '81_lag_stratZ50ndj02', '72_lag_75_median_naoPSLjfm', '73_lag_stratZ50ndj03']","[3.135802972229442, 5.466995063448195, 4.519453628821335, 3.4500757351132005, 5.750171728912024, 0.4548160980113387, 2.5613878054345545, 4.9226090778608995, 1.2357237644030565, 2.2923192783828794]","79_lag_atlSICsep, 72_lag_80_median_shSICmar, 72_lag_73_median_amoSSTmjjaso, 72_lag_77_median_shSICmar, 78_lag_eapPSLjfm, 73_lag_amo1, 72_lag_80_median_nhSICsep, 81_lag_stratZ50ndj02, 72_lag_75_median_naoPSLjfm, 73_lag_stratZ50ndj03_399_72"
LRforcedPSO,68,10,amo2,picntrl,1134.5,2050.5,0.4,83,73,73,17.970052627682712,-0.06457856932680364,399,"['73_lag_82_median_atlSICjfm', '81_lag_amo3', '81_lag_stratZ50ndj02', '74_lag_eurPSLjfm', '77_lag_scpPSLjfm', '73_lag_80_median_nhSICjfm', '75_lag_amoSSTjfm', '73_lag_eapPSLjfm', '76_lag_AMOCann', '79_lag_shSICsep']","[9.141618920017777, 4.32302918353326, 2.522001741736391, 1.2394049317739935, 1.5388588016227196, 4.24929766195978, 4.259421267280066, 1.9286209902151956, 0.6309265787868732, 4.910856647938633]","73_lag_82_median_atlSICjfm, 81_lag_amo3, 81_lag_stratZ50ndj02, 74_lag_eurPSLjfm, 77_lag_scpPSLjfm, 73_lag_80_median_nhSICjfm, 75_lag_amoSSTjfm, 73_lag_eapPSLjfm, 76_lag_AMOCann, 79_lag_shSICsep_399_73"
LRforcedPSO,69,10,amo2,picntrl,1135.5,2050.5,0.4,84,74,74,15.356639194804732,0.11025145929915754,399,"['74_lag_atlSICjfm', '74_lag_81_median_stratZ50ndj04', '79_lag_amoSSTmjjaso', '80_lag_atlSICjfm', '74_lag_79_median_eapPSLjfm', '74_lag_83_median_amo1', '74_lag_76_median_amoSSTjfm', '82_lag_nppc2SSTjfm', '74_lag_shSICsep', '74_lag_80_median_eurPSLjfm']","[3.4472590930261724, 1.295174644593489, 3.7888517605034284, 6.250903047523533, 5.273334530655919, 4.2228665117772515, 0.9371042056046122, 0.6712934935098573, 4.057962217717259, 2.2434548629338025]","74_lag_atlSICjfm, 74_lag_81_median_stratZ50ndj04, 79_lag_amoSSTmjjaso, 80_lag_atlSICjfm, 74_lag_79_median_eapPSLjfm, 74_lag_83_median_amo1, 74_lag_76_median_amoSSTjfm, 82_lag_nppc2SSTjfm, 74_lag_shSICsep, 74_lag_80_median_eurPSLjfm_399_74"
LRforcedPSO,70,10,amo2,picntrl,1136.5,2050.5,0.4,85,75,75,16.157026799414353,-0.10568110736686136,399,"['84_lag_stratZ50ndj02', '83_lag_stratZ50ndj01', '75_lag_81_median_scpPSLjfm', '83_lag_nhSICjfm', '78_lag_amo3', '76_lag_nhSICsep', '75_lag_83_median_shSICsep', '81_lag_eurPSLjfm', '75_lag_82_median_shSICsep', '84_lag_amo2']","[0.41364876922823157, 1.927057391321192, 7.571582596073824, 3.7845235817209506, 2.2901967714687217, 4.027362662917959, 3.0779388359877498, 2.5569900476683394, 4.908755447519953, 4.915268372273818]","84_lag_stratZ50ndj02, 83_lag_stratZ50ndj01, 75_lag_81_median_scpPSLjfm, 83_lag_nhSICjfm, 78_lag_amo3, 76_lag_nhSICsep, 75_lag_83_median_shSICsep, 81_lag_eurPSLjfm, 75_lag_82_median_shSICsep, 84_lag_amo2_399_75"
LRforcedPSO,71,10,amo2,picntrl,1137.5,2050.5,0.4,86,76,76,15.682052489377943,-0.08605418119859579,399,"['83_lag_amo3', '76_lag_80_median_atlSICsep', '76_lag_77_median_AMOCann', '76_lag_85_median_stratZ50ndj02', '83_lag_amo2', '76_lag_82_median_scpPSLjfm', '79_lag_eurPSLjfm', '80_lag_nppc2SSTjfm', '84_lag_amo1', '76_lag_scpPSLjfm']","[2.771887045943286, 2.79415775546957, 2.7962172918608807, 1.239419592653011, 5.430735777275279, 1.157136820051388, 1.6922536659579652, 4.016125950307949, 1.1441224520639555, 2.8246527382600384]","83_lag_amo3, 76_lag_80_median_atlSICsep, 76_lag_77_median_AMOCann, 76_lag_85_median_stratZ50ndj02, 83_lag_amo2, 76_lag_82_median_scpPSLjfm, 79_lag_eurPSLjfm, 80_lag_nppc2SSTjfm, 84_lag_amo1, 76_lag_scpPSLjfm_399_76"
LRforcedPSO,72,10,amo2,picntrl,1138.5,2050.5,0.4,87,77,77,15.998067855302612,0.04874345555489828,399,"['77_lag_78_median_amo3', '85_lag_amoSSTjfm', '85_lag_eapPSLjfm', '77_lag_84_median_shSICmar', '80_lag_amo1', '77_lag_86_median_amoSSTjfm', '77_lag_86_median_stratZ50ndj04', '85_lag_nppc2SSTjfm', '78_lag_eurPSLjfm', '77_lag_86_median_nhSICsep']","[1.887348493918772, 0.865674109916224, 6.718063111700204, 3.811517311412813, 2.5950528385582716, 5.147899885174072, 6.756510559219883, 1.2390469947300602, 1.8872974305719055, 7.954984348826741]","77_lag_78_median_amo3, 85_lag_amoSSTjfm, 85_lag_eapPSLjfm, 77_lag_84_median_shSICmar, 80_lag_amo1, 77_lag_86_median_amoSSTjfm, 77_lag_86_median_stratZ50ndj04, 85_lag_nppc2SSTjfm, 78_lag_eurPSLjfm, 77_lag_86_median_nhSICsep_399_77"
LRforcedPSO,73,10,amo2,picntrl,1139.5,2050.5,0.4,88,78,78,15.365531043252005,-0.010524588424942718,399,"['78_lag_81_median_nhSICsep', '78_lag_81_median_naoPSLjfm', '78_lag_82_median_eurPSLjfm', '87_lag_atlSICsep', '78_lag_81_median_atlSICsep', '78_lag_82_median_scpPSLjfm', '83_lag_stratZ50ndj04', '84_lag_shSICsep', '78_lag_80_median_eapPSLjfm', '85_lag_nppc2SSTjfm']","[2.658425238097635, 2.214678322504877, 1.1444974805561419, 1.1862190344524848, 1.4518484872319277, 5.995872817475554, 0.9716233360122857, 1.513599481579222, 6.355338636324774, 0.8698994885907823]","78_lag_81_median_nhSICsep, 78_lag_81_median_naoPSLjfm, 78_lag_82_median_eurPSLjfm, 87_lag_atlSICsep, 78_lag_81_median_atlSICsep, 78_lag_82_median_scpPSLjfm, 83_lag_stratZ50ndj04, 84_lag_shSICsep, 78_lag_80_median_eapPSLjfm, 85_lag_nppc2SSTjfm_399_78"
LRforcedPSO,74,10,amo2,picntrl,1140.5,2050.5,0.4,89,79,79,15.970743279984063,0.034330393926832466,399,"['83_lag_naoPSLjfm', '85_lag_eurPSLjfm', '83_lag_stratZ50ndj01', '88_lag_AMOCann', '81_lag_stratZ50ndj02', '79_lag_stratZ50ndj03', '79_lag_84_median_amo2', '82_lag_naoPSLjfm', '79_lag_80_median_atlSICjfm', '82_lag_stratZ50ndj01']","[4.4006135968384275, 1.1514688061736873, 7.0150500601744525, 1.8029802043771355, 5.502114569573475, 4.729716095288383, 4.143785279919707, 0.3511178949345357, 4.375440936589183, 3.5499958032901358]","83_lag_naoPSLjfm, 85_lag_eurPSLjfm, 83_lag_stratZ50ndj01, 88_lag_AMOCann, 81_lag_stratZ50ndj02, 79_lag_stratZ50ndj03, 79_lag_84_median_amo2, 82_lag_naoPSLjfm, 79_lag_80_median_atlSICjfm, 82_lag_stratZ50ndj01_399_79"
LRforcedPSO,75,10,amo2,picntrl,1141.5,2050.5,0.4,90,80,80,13.553849232485394,0.021735311671240782,399,"['83_lag_eapPSLjfm', '80_lag_86_median_scpPSLjfm', '80_lag_88_median_stratZ50ndj01', '85_lag_nhSICsep', '84_lag_nhSICjfm', '87_lag_nppc2SSTjfm', '80_lag_stratZ50ndj03', '80_lag_83_median_amoSSTmjjaso', '84_lag_nppc2SSTjfm', '82_lag_amo3']","[2.176667789751093, 5.026447497632014, 2.073713401986586, 2.003212617275656, 1.34685996710936, 0.3061443118797076, 1.7831066878602577, 0.7941853008368565, 0.1329732432774584, 0.30149513326751354]","83_lag_eapPSLjfm, 80_lag_86_median_scpPSLjfm, 80_lag_88_median_stratZ50ndj01, 85_lag_nhSICsep, 84_lag_nhSICjfm, 87_lag_nppc2SSTjfm, 80_lag_stratZ50ndj03, 80_lag_83_median_amoSSTmjjaso, 84_lag_nppc2SSTjfm, 82_lag_amo3_399_80"
LRforcedPSO,76,10,amo2,picntrl,1142.5,2050.5,0.4,91,81,81,15.920798325412054,0.00731192528295086,399,"['85_lag_amo3', '89_lag_shSICmar', '87_lag_stratZ50ndj03', '85_lag_amoSSTjfm', '87_lag_shSICsep', '86_lag_amo3', '89_lag_scpPSLjfm', '81_lag_85_median_stratZ50ndj03', '81_lag_83_median_stratZ50ndj02', '81_lag_88_median_amoSSTmjjaso']","[0.7347496732692314, 6.576652022903076, 2.624087962698411, 1.1645251461114352, 5.447343537379259, 3.4755298256711917, 2.2843488025621976, 3.2057458496159423, 6.204990970234483, 0.562551397413456]","85_lag_amo3, 89_lag_shSICmar, 87_lag_stratZ50ndj03, 85_lag_amoSSTjfm, 87_lag_shSICsep, 86_lag_amo3, 89_lag_scpPSLjfm, 81_lag_85_median_stratZ50ndj03, 81_lag_83_median_stratZ50ndj02, 81_lag_88_median_amoSSTmjjaso_399_81"
LRforcedPSO,77,10,amo2,picntrl,1143.5,2050.5,0.4,92,82,82,15.608498684783914,0.027709059633412355,399,"['89_lag_shSICsep', '82_lag_91_median_stratZ50ndj01', '82_lag_85_median_amo2', '89_lag_naoPSLjfm', '82_lag_91_median_atlSICjfm', '84_lag_AMOCann', '82_lag_90_median_stratZ50ndj02', '90_lag_amo1', '82_lag_amoSSTjfm', '82_lag_83_median_naoPSLjfm']","[2.587325224751929, 8.905102633570042, 4.147645495080921, 0.150226976400603, 4.036861482826701, 1.0105607689866236, 1.147951986588577, 3.5440601670878777, 1.1278805848247586, 6.065631750494987]","89_lag_shSICsep, 82_lag_91_median_stratZ50ndj01, 82_lag_85_median_amo2, 89_lag_naoPSLjfm, 82_lag_91_median_atlSICjfm, 84_lag_AMOCann, 82_lag_90_median_stratZ50ndj02, 90_lag_amo1, 82_lag_amoSSTjfm, 82_lag_83_median_naoPSLjfm_399_82"
LRforcedPSO,78,10,amo2,picntrl,1144.5,2050.5,0.4,93,83,83,15.150966398860675,0.05951494902940114,399,"['83_lag_90_median_stratZ50ndj03', '83_lag_86_median_nhSICsep', '84_lag_naoPSLjfm', '83_lag_89_median_stratZ50ndj01', '86_lag_naoPSLjfm', '83_lag_stratZ50ndj02', '83_lag_89_median_amo2', '83_lag_86_median_scpPSLjfm', '83_lag_85_median_nhSICjfm', '83_lag_91_median_stratZ50ndj03']","[0.7980304510719112, 1.6674692168473086, 2.7234439855107624, 3.295722749032743, 1.9076081343522837, 1.0645512246530018, 3.911360873517948, 6.019664890815605, 8.711780792268577, 2.7151062291865653]","83_lag_90_median_stratZ50ndj03, 83_lag_86_median_nhSICsep, 84_lag_naoPSLjfm, 83_lag_89_median_stratZ50ndj01, 86_lag_naoPSLjfm, 83_lag_stratZ50ndj02, 83_lag_89_median_amo2, 83_lag_86_median_scpPSLjfm, 83_lag_85_median_nhSICjfm, 83_lag_91_median_stratZ50ndj03_399_83"
LRforcedPSO,79,10,amo2,picntrl,1145.5,2050.5,0.4,94,84,84,15.097794425409969,0.10300978068304818,399,"['84_lag_91_median_amoSSTjfm', '85_lag_amoSSTjfm', '85_lag_shSICmar', '93_lag_AMOCann', '84_lag_90_median_stratZ50ndj01', '84_lag_86_median_amo1', '87_lag_stratZ50ndj02', '89_lag_stratZ50ndj04', '85_lag_eapPSLjfm', '85_lag_amo1']","[1.357973666949146, 0.3990769617386114, 7.5473668875160165, 0.11218534401030311, 4.6680131387808, 2.556874856338367, 2.42920252461521, 3.1340647379500215, 1.3338385122376284, 7.075313468146014]","84_lag_91_median_amoSSTjfm, 85_lag_amoSSTjfm, 85_lag_shSICmar, 93_lag_AMOCann, 84_lag_90_median_stratZ50ndj01, 84_lag_86_median_amo1, 87_lag_stratZ50ndj02, 89_lag_stratZ50ndj04, 85_lag_eapPSLjfm, 85_lag_amo1_399_84"
LRforcedPSO,80,10,amo2,picntrl,1146.5,2050.5,0.4,95,85,85,14.977114398696662,0.14245859108068168,399,"['85_lag_92_median_stratZ50ndj01', '87_lag_nhSICjfm', '86_lag_scpPSLjfm', '87_lag_amo3', '85_lag_88_median_eapPSLjfm', '89_lag_eapPSLjfm', '85_lag_94_median_eurPSLjfm', '88_lag_stratZ50ndj02', '85_lag_90_median_atlSICjfm', '93_lag_stratZ50ndj04']","[5.364416229028805, 0.11921635716793588, 1.5849670132963585, 5.265176845591315, 0.45904287443297775, 6.6216996870856, 0.9793522100098695, 0.019136685287026722, 7.205148247127575, 5.173881904237523]","85_lag_92_median_stratZ50ndj01, 87_lag_nhSICjfm, 86_lag_scpPSLjfm, 87_lag_amo3, 85_lag_88_median_eapPSLjfm, 89_lag_eapPSLjfm, 85_lag_94_median_eurPSLjfm, 88_lag_stratZ50ndj02, 85_lag_90_median_atlSICjfm, 93_lag_stratZ50ndj04_399_85"
LRforcedPSO,81,10,amo2,picntrl,1147.5,2050.5,0.4,96,86,86,16.36785928860374,-0.09052519141350353,399,"['86_lag_amoSSTmjjaso', '93_lag_stratZ50ndj02', '86_lag_92_median_scpPSLjfm', '90_lag_eurPSLjfm', '94_lag_AMOCann', '90_lag_scpPSLjfm', '90_lag_amo3', '87_lag_eapPSLjfm', '86_lag_90_median_nppc2SSTjfm', '91_lag_scpPSLjfm']","[3.7413013862544826, 0.41976618859244397, 2.817869838379565, 0.5620993807295669, 7.507944544479564, 2.290197435882771, 6.212755105505046, 0.05974630723421015, 0.7220298694670912, 1.3081480963393908]","86_lag_amoSSTmjjaso, 93_lag_stratZ50ndj02, 86_lag_92_median_scpPSLjfm, 90_lag_eurPSLjfm, 94_lag_AMOCann, 90_lag_scpPSLjfm, 90_lag_amo3, 87_lag_eapPSLjfm, 86_lag_90_median_nppc2SSTjfm, 91_lag_scpPSLjfm_399_86"
LRforcedPSO,82,10,amo2,picntrl,1148.5,2050.5,0.4,97,87,87,16.739573432176467,-0.06313726051700137,399,"['90_lag_eurPSLjfm', '87_lag_94_median_stratZ50ndj01', '87_lag_91_median_stratZ50ndj04', '87_lag_91_median_nhSICjfm', '95_lag_amoSSTmjjaso', '93_lag_scpPSLjfm', '87_lag_amoSSTmjjaso', '95_lag_atlSICsep', '94_lag_amoSSTjfm', '87_lag_93_median_stratZ50ndj01']","[2.4285577968628687, 0.6276508427771219, 6.115940848197869, 5.378462931374859, 4.722726247586062, 2.2002201781052992, 0.6531157196667259, 5.471630727057222, 7.276124202632069, 1.5541522302294002]","90_lag_eurPSLjfm, 87_lag_94_median_stratZ50ndj01, 87_lag_91_median_stratZ50ndj04, 87_lag_91_median_nhSICjfm, 95_lag_amoSSTmjjaso, 93_lag_scpPSLjfm, 87_lag_amoSSTmjjaso, 95_lag_atlSICsep, 94_lag_amoSSTjfm, 87_lag_93_median_stratZ50ndj01_399_87"
LRforcedPSO,83,10,amo2,picntrl,1149.5,2050.5,0.4,98,88,88,16.312912908833454,0.05736641600732139,399,"['97_lag_amo3', '90_lag_stratZ50ndj03', '88_lag_amoSSTmjjaso', '91_lag_shSICsep', '95_lag_naoPSLjfm', '95_lag_stratZ50ndj04', '92_lag_shSICmar', '90_lag_nhSICsep', '88_lag_93_median_scpPSLjfm', '88_lag_94_median_shSICmar']","[4.817364064218594, 5.708922069943814, 6.053586251484305, 2.7949694385016404, 2.798869562754181, 5.961920960570167, 0.6952257720010273, 4.061285663895918, 3.642525544704103, 0.7629063794954796]","97_lag_amo3, 90_lag_stratZ50ndj03, 88_lag_amoSSTmjjaso, 91_lag_shSICsep, 95_lag_naoPSLjfm, 95_lag_stratZ50ndj04, 92_lag_shSICmar, 90_lag_nhSICsep, 88_lag_93_median_scpPSLjfm, 88_lag_94_median_shSICmar_399_88"
LRforcedPSO,84,10,amo2,picntrl,1150.5,2050.5,0.4,99,89,89,16.439402139200986,0.0013540637650064358,399,"['89_lag_94_median_AMOCann', '97_lag_atlSICsep', '89_lag_96_median_eurPSLjfm', '89_lag_91_median_naoPSLjfm', '89_lag_90_median_stratZ50ndj02', '89_lag_96_median_amoSSTjfm', '94_lag_amo3', '94_lag_amo2', '97_lag_stratZ50ndj04', '96_lag_stratZ50ndj01']","[5.8085649956341285, 0.9846189950385202, 5.846068078766617, 3.854240190524269, 0.07007746632580947, 0.9074629236851255, 0.33592347914072285, 0.9310155015606281, 6.246833521275054, 5.629637890166361]","89_lag_94_median_AMOCann, 97_lag_atlSICsep, 89_lag_96_median_eurPSLjfm, 89_lag_91_median_naoPSLjfm, 89_lag_90_median_stratZ50ndj02, 89_lag_96_median_amoSSTjfm, 94_lag_amo3, 94_lag_amo2, 97_lag_stratZ50ndj04, 96_lag_stratZ50ndj01_399_89"
LRforcedPSO,85,10,amo2,picntrl,1151.5,2050.5,0.4,100,90,90,16.71848183603302,-0.03176031304767846,399,"['90_lag_95_median_amo1', '93_lag_amoSSTmjjaso', '90_lag_93_median_nhSICjfm', '90_lag_98_median_nhSICsep', '90_lag_eurPSLjfm', '93_lag_stratZ50ndj04', '90_lag_96_median_atlSICsep', '90_lag_amoSSTmjjaso', '90_lag_96_median_amo1', '93_lag_scpPSLjfm']","[9.005045170617912, 0.41944723141945595, 1.9773750779361592, 4.5393254065894295, 0.5161881139216433, 0.21159726606676799, 0.6740384770765324, 9.305696710178083, 3.5737166375633542, 0.9119748572314208]","90_lag_95_median_amo1, 93_lag_amoSSTmjjaso, 90_lag_93_median_nhSICjfm, 90_lag_98_median_nhSICsep, 90_lag_eurPSLjfm, 93_lag_stratZ50ndj04, 90_lag_96_median_atlSICsep, 90_lag_amoSSTmjjaso, 90_lag_96_median_amo1, 93_lag_scpPSLjfm_399_90"
