model,num_irrelevant,max_allowed_features,target_feature,dataset,year_start,year_end,splitsize,max_lag,init_lag,max_forecast,mae_score,corr_score,n_total_features,selected_feature_list,feature_importances,selected_features
LRforcedPSO,0,6,traMC,shigh,866.5,2005.5,0.4,15,5,5,14.29291621109785,0.18401915208641043,1235,"['5_lag_7_median_shSICsep', '12_lag_traEU', '5_lag_12_median_solFORC', '5_lag_7_median_arcTSjfm', '12_lag_amo1', '6_lag_traDS']","[3.4680179172344623, 4.012920726242186, 5.928539990784529, 6.245212137859902, 0.6789017687683714, 0.09526483613374737]","5_lag_7_median_shSICsep, 12_lag_traEU, 5_lag_12_median_solFORC, 5_lag_7_median_arcTSjfm, 12_lag_amo1, 6_lag_traDS_1235_5"
LRforcedPSO,1,6,traMC,shigh,867.5,2005.5,0.4,16,6,6,14.93919690137122,-0.12888709966458867,1235,"['15_lag_mhfIP30', '10_lag_traCA', '6_lag_7_median_traCA', '6_lag_7_median_nppc3SSTjfm', '6_lag_11_median_traCA', '8_lag_tripol3']","[1.0995286701576816, 5.124729680756445, 0.13898028912443294, 3.455969341780256, 1.8194220646985393, 0.3488126168882921]","15_lag_mhfIP30, 10_lag_traCA, 6_lag_7_median_traCA, 6_lag_7_median_nppc3SSTjfm, 6_lag_11_median_traCA, 8_lag_tripol3_1235_6"
LRforcedPSO,2,6,traMC,shigh,868.5,2005.5,0.4,17,7,7,13.465578325198573,0.03828109649109671,1235,"['7_lag_11_median_eapPSLjfm', '8_lag_traEU', '15_lag_nppc2SSTjfm', '7_lag_15_median_seurTSjfm', '13_lag_nppc3SSTjfm', '15_lag_eapPSLjfm']","[1.763034605994492, 1.4170219967580548, 1.7250229882845691, 1.416848085291422, 1.8891298740589433, 1.685373775925711]","7_lag_11_median_eapPSLjfm, 8_lag_traEU, 15_lag_nppc2SSTjfm, 7_lag_15_median_seurTSjfm, 13_lag_nppc3SSTjfm, 15_lag_eapPSLjfm_1235_7"
LRforcedPSO,3,6,traMC,shigh,869.5,2005.5,0.4,18,8,8,12.998839434441672,0.24060239136070777,1235,"['14_lag_traBS', '8_lag_14_median_traMC', '8_lag_10_median_labSSTjfm', '16_lag_AMOCann', '8_lag_9_median_nppc3SSTjfm', '17_lag_wnorPRjfm']","[2.6446289771490656, 2.644803503524786, 1.984245564298739, 2.0484856666287614, 2.3047723991578333, 1.9837415063198605]","14_lag_traBS, 8_lag_14_median_traMC, 8_lag_10_median_labSSTjfm, 16_lag_AMOCann, 8_lag_9_median_nppc3SSTjfm, 17_lag_wnorPRjfm_1235_8"
LRforcedPSO,4,6,traMC,shigh,870.5,2005.5,0.4,19,9,9,13.640857115748554,-0.002785257847628708,1235,"['10_lag_nhTSjfm', '9_lag_ismPRjja', '9_lag_14_median_labSSTjfm', '9_lag_17_median_stratZ50ndj01', '10_lag_stratZ50ndj03', '9_lag_16_median_scpPSLjfm']","[0.5781802915602245, 0.8653361628679797, 2.898207143517551, 1.0399068780225011, 1.757605378623408, 1.2322534769878128]","10_lag_nhTSjfm, 9_lag_ismPRjja, 9_lag_14_median_labSSTjfm, 9_lag_17_median_stratZ50ndj01, 10_lag_stratZ50ndj03, 9_lag_16_median_scpPSLjfm_1235_9"
LRforcedPSO,5,6,traMC,shigh,871.5,2005.5,0.4,20,10,10,13.10477276845834,0.39302401346716004,1235,"['19_lag_ormenSSTjfm', '15_lag_traFB', '10_lag_13_median_mhfIP30', '18_lag_solFORC', '10_lag_17_median_traWP', '12_lag_traIFC']","[1.5194750683035245, 2.84450395061495, 1.4739881600008076, 3.414630508433385, 5.0311696981638505, 1.7912875759872158]","19_lag_ormenSSTjfm, 15_lag_traFB, 10_lag_13_median_mhfIP30, 18_lag_solFORC, 10_lag_17_median_traWP, 12_lag_traIFC_1235_10"
LRforcedPSO,6,6,traMC,shigh,872.5,2005.5,0.4,21,11,11,15.344866817029537,0.019784092762117674,1235,"['15_lag_tripol2', '11_lag_19_median_naoPSLjfm', '11_lag_cetTSjfm', '11_lag_17_median_atlSICjfm', '17_lag_nhTSjfm', '11_lag_20_median_samPSLann']","[2.992928869753566, 3.6232687114795077, 1.7422618940622403, 5.749290485842145, 1.4636116984391467, 4.86720444241227]","15_lag_tripol2, 11_lag_19_median_naoPSLjfm, 11_lag_cetTSjfm, 11_lag_17_median_atlSICjfm, 17_lag_nhTSjfm, 11_lag_20_median_samPSLann_1235_11"
LRforcedPSO,7,6,traMC,shigh,873.5,2005.5,0.4,22,12,12,15.226445391702844,0.058043685156563274,1235,"['17_lag_amo1', '12_lag_15_median_traWP', '14_lag_ginwSSTjfm', '18_lag_glTSjfm', '17_lag_traDS', '20_lag_amo3']","[0.7147716255142544, 4.636674295296057, 0.3045456614665518, 0.5940147157398137, 1.5739393796812209, 4.382068749734003]","17_lag_amo1, 12_lag_15_median_traWP, 14_lag_ginwSSTjfm, 18_lag_glTSjfm, 17_lag_traDS, 20_lag_amo3_1235_12"
LRforcedPSO,8,6,traMC,shigh,874.5,2005.5,0.4,23,13,13,14.490957979895372,-0.10143289456991282,1235,"['13_lag_22_median_tripol2', '13_lag_19_median_atlSICsep', '15_lag_traBO', '21_lag_amoSSTmjjaso', '21_lag_amo1', '16_lag_nhTSjfm']","[2.9941659531386446, 2.245624467984411, 2.2501913112001706, 2.245624465126514, 2.2458335853563143, 2.294861516926865]","13_lag_22_median_tripol2, 13_lag_19_median_atlSICsep, 15_lag_traBO, 21_lag_amoSSTmjjaso, 21_lag_amo1, 16_lag_nhTSjfm_1235_13"
LRforcedPSO,9,6,traMC,shigh,875.5,2005.5,0.4,24,14,14,13.68682930588931,0.09072279373377454,1235,"['23_lag_nchinaPRjja', '14_lag_23_median_traFSC', '14_lag_18_median_traWP', '19_lag_naoPSLjfm', '19_lag_pdoSSTjfm', '22_lag_nchinaPRjja']","[1.8070085547391683, 2.4093436506231316, 2.3604857313698395, 2.2925605181874005, 1.8070103326345552, 1.8070098842335556]","23_lag_nchinaPRjja, 14_lag_23_median_traFSC, 14_lag_18_median_traWP, 19_lag_naoPSLjfm, 19_lag_pdoSSTjfm, 22_lag_nchinaPRjja_1235_14"
LRforcedPSO,10,6,traMC,shigh,876.5,2005.5,0.4,25,15,15,13.377744281846638,0.27820422078078066,1235,"['15_lag_24_median_traIT', '19_lag_glTSjfm', '15_lag_21_median_nhSICsep', '15_lag_24_median_nppc2SSTjfm', '17_lag_tripol3', '15_lag_22_median_seurTSjfm']","[1.2540940446699622, 0.5120387370868755, 4.681750807298406, 1.5884958161224816, 0.15000986305168063, 2.2954578550098548]","15_lag_24_median_traIT, 19_lag_glTSjfm, 15_lag_21_median_nhSICsep, 15_lag_24_median_nppc2SSTjfm, 17_lag_tripol3, 15_lag_22_median_seurTSjfm_1235_15"
LRforcedPSO,11,6,traMC,shigh,877.5,2005.5,0.4,26,16,16,12.774162061619629,0.30719048122675746,1235,"['17_lag_traBO', '16_lag_23_median_shSICsep', '16_lag_19_median_nchinaPRjja', '17_lag_nhSICsep', '20_lag_glTSjfm', '16_lag_24_median_cetTSjfm']","[3.522173662939334, 5.939466848095973, 0.036723145851166095, 0.0953975966664018, 3.6828452598861166, 0.7572432623363827]","17_lag_traBO, 16_lag_23_median_shSICsep, 16_lag_19_median_nchinaPRjja, 17_lag_nhSICsep, 20_lag_glTSjfm, 16_lag_24_median_cetTSjfm_1235_16"
LRforcedPSO,12,6,traMC,shigh,878.5,2005.5,0.4,27,17,17,14.34549911210199,0.257105682435132,1235,"['26_lag_mhfATL45', '17_lag_25_median_amo1', '26_lag_stratZ50ndj03', '18_lag_yrvPRjja', '19_lag_wnorPRjfm', '21_lag_traCA']","[3.767821205515771, 5.387640634453399, 1.4336178013750072, 3.6300337188564384, 0.008369958341184258, 5.738089955855807]","26_lag_mhfATL45, 17_lag_25_median_amo1, 26_lag_stratZ50ndj03, 18_lag_yrvPRjja, 19_lag_wnorPRjfm, 21_lag_traCA_1235_17"
LRforcedPSO,13,6,traMC,shigh,879.5,2005.5,0.4,28,18,18,15.194403208071083,0.32653718810179105,1235,"['18_lag_20_median_amoSSTmjjaso', '25_lag_nhTSjfm', '18_lag_24_median_scpPSLjfm', '18_lag_19_median_yrvPRjja', '18_lag_25_median_shSICsep', '19_lag_mhfATL60']","[8.646407631863248, 2.074667047413236, 4.198701050114497, 1.3123538971185678, 1.1117737212798033, 6.238357877506193]","18_lag_20_median_amoSSTmjjaso, 25_lag_nhTSjfm, 18_lag_24_median_scpPSLjfm, 18_lag_19_median_yrvPRjja, 18_lag_25_median_shSICsep, 19_lag_mhfATL60_1235_18"
LRforcedPSO,14,6,traMC,shigh,880.5,2005.5,0.4,29,19,19,13.30352643205533,0.19078447825668626,1235,"['26_lag_stratZ50ndj04', '19_lag_stratZ50ndj01', '19_lag_23_median_shTSjfm', '28_lag_cetTSjfm', '19_lag_22_median_eurPSLjfm', '27_lag_tripol1']","[1.558339032166529, 1.558448218856976, 1.8217413130036408, 1.5784053154021476, 2.077703039850752, 1.558284432643203]","26_lag_stratZ50ndj04, 19_lag_stratZ50ndj01, 19_lag_23_median_shTSjfm, 28_lag_cetTSjfm, 19_lag_22_median_eurPSLjfm, 27_lag_tripol1_1235_19"
LRforcedPSO,15,6,traMC,shigh,881.5,2005.5,0.4,30,20,20,13.293648461726606,0.15899138479538283,1235,"['26_lag_stratZ50ndj01', '20_lag_24_median_traDS', '20_lag_24_median_traEU', '21_lag_traFS', '20_lag_21_median_mhfATL45', '20_lag_23_median_mhfATL30']","[0.2995823849652979, 1.018212420422941, 1.8251636191983955, 0.07867202261473416, 0.4917625459377195, 3.637376683557532]","26_lag_stratZ50ndj01, 20_lag_24_median_traDS, 20_lag_24_median_traEU, 21_lag_traFS, 20_lag_21_median_mhfATL45, 20_lag_23_median_mhfATL30_1235_20"
LRforcedPSO,16,6,traMC,shigh,882.5,2005.5,0.4,31,21,21,16.7740672910757,-0.2142107006807633,1235,"['29_lag_shTSjfm', '22_lag_alpi', '21_lag_amoSSTmjjaso', '21_lag_glTSjfm', '21_lag_24_median_nhTSjfm', '21_lag_24_median_amo1']","[4.882612766209804, 0.26345507057182616, 2.157990439346338, 3.177998775721047, 2.7510241994374667, 2.5604241503142315]","29_lag_shTSjfm, 22_lag_alpi, 21_lag_amoSSTmjjaso, 21_lag_glTSjfm, 21_lag_24_median_nhTSjfm, 21_lag_24_median_amo1_1235_21"
LRforcedPSO,17,6,traMC,shigh,883.5,2005.5,0.4,32,22,22,14.385095209982403,-0.035617426959874285,1235,"['31_lag_nchinaPRjja', '25_lag_traBS', '27_lag_seurTSjfm', '22_lag_25_median_traBO', '29_lag_amoSSTmjjaso', '22_lag_24_median_mhfIP30']","[0.3884223808362979, 0.9926721298429833, 0.21262784946944002, 0.9991244622706414, 0.23794592101516443, 5.944180462162015]","31_lag_nchinaPRjja, 25_lag_traBS, 27_lag_seurTSjfm, 22_lag_25_median_traBO, 29_lag_amoSSTmjjaso, 22_lag_24_median_mhfIP30_1235_22"
LRforcedPSO,18,6,traMC,shigh,884.5,2005.5,0.4,33,23,23,13.82095148485885,-0.14796558192594655,1235,"['23_lag_28_median_eapPSLjfm', '23_lag_24_median_nppc2SSTjfm', '32_lag_atlSICjfm', '24_lag_glomaSSTjfm', '26_lag_nchinaPRjja', '23_lag_26_median_nhSICjfm']","[1.5738391608209135, 0.014724782999358865, 0.8129152861730322, 0.4748507031128728, 0.9537959855994878, 1.6020751307104852]","23_lag_28_median_eapPSLjfm, 23_lag_24_median_nppc2SSTjfm, 32_lag_atlSICjfm, 24_lag_glomaSSTjfm, 26_lag_nchinaPRjja, 23_lag_26_median_nhSICjfm_1235_23"
LRforcedPSO,19,6,traMC,shigh,885.5,2005.5,0.4,34,24,24,13.48361270357307,0.04798399307976217,1235,"['26_lag_traTLS', '24_lag_31_median_traMC', '24_lag_31_median_tripol2', '24_lag_30_median_amo3', '32_lag_glTSjfm', '24_lag_32_median_labSSTjfm']","[1.4417547042898047, 1.0813160373631339, 1.0813160282864018, 1.1390429496742933, 1.4278527471993927, 1.1360802254917588]","26_lag_traTLS, 24_lag_31_median_traMC, 24_lag_31_median_tripol2, 24_lag_30_median_amo3, 32_lag_glTSjfm, 24_lag_32_median_labSSTjfm_1235_24"
LRforcedPSO,20,6,traMC,shigh,886.5,2005.5,0.4,35,25,25,13.723451835654982,0.04232463985175294,1235,"['34_lag_glomaSSTjfm', '25_lag_33_median_mhfATL30', '30_lag_ensoSSTjfm', '32_lag_satlSSTjfm', '30_lag_tripol2', '31_lag_neurTSjfm']","[1.029882801674166, 0.410907881419714, 9.429091704570137, 2.4051766044431453, 5.656622526888739, 0.13234319238351766]","34_lag_glomaSSTjfm, 25_lag_33_median_mhfATL30, 30_lag_ensoSSTjfm, 32_lag_satlSSTjfm, 30_lag_tripol2, 31_lag_neurTSjfm_1235_25"
LRforcedPSO,21,6,traMC,shigh,887.5,2005.5,0.4,36,26,26,15.780880110633591,0.08336930546496242,1235,"['26_lag_30_median_amo2', '32_lag_mhfATL30', '26_lag_solFORC', '26_lag_32_median_satlSSTjfm', '30_lag_atlSICsep', '26_lag_32_median_traFSC']","[0.8836676277859645, 3.7767653485064407, 2.933331062633343, 7.304327391138454, 0.38332941925133035, 3.1754436989215087]","26_lag_30_median_amo2, 32_lag_mhfATL30, 26_lag_solFORC, 26_lag_32_median_satlSSTjfm, 30_lag_atlSICsep, 26_lag_32_median_traFSC_1235_26"
LRforcedPSO,22,6,traMC,shigh,888.5,2005.5,0.4,37,27,27,13.760670878485529,0.2497128140692712,1235,"['28_lag_nhTSjfm', '34_lag_atlSICjfm', '27_lag_36_median_yrvPRjja', '36_lag_atlSICsep', '34_lag_nppc3SSTjfm', '27_lag_34_median_eurPSLjfm']","[5.49153959468218, 0.8191229082107139, 3.608227651643981, 1.9059590222563507, 2.990104041742134, 1.5762256989680843]","28_lag_nhTSjfm, 34_lag_atlSICjfm, 27_lag_36_median_yrvPRjja, 36_lag_atlSICsep, 34_lag_nppc3SSTjfm, 27_lag_34_median_eurPSLjfm_1235_27"
LRforcedPSO,23,6,traMC,shigh,889.5,2005.5,0.4,38,28,28,13.879565982041319,0.048351157357652004,1235,"['28_lag_traFB', '28_lag_29_median_naoPSLjfm', '30_lag_ormenSSTjfm', '33_lag_stratZ50ndj04', '32_lag_AMOCann', '32_lag_wnorPRjfm']","[1.9548558248504575, 1.9302008291212818, 2.183412441853956, 1.953815676329081, 2.5735829763470983, 1.931995597501291]","28_lag_traFB, 28_lag_29_median_naoPSLjfm, 30_lag_ormenSSTjfm, 33_lag_stratZ50ndj04, 32_lag_AMOCann, 32_lag_wnorPRjfm_1235_28"
LRforcedPSO,24,6,traMC,shigh,890.5,2005.5,0.4,39,29,29,13.280058040680906,0.08796377522863512,1235,"['29_lag_32_median_AMOCann', '32_lag_mhfIP30', '34_lag_mhfATL60', '37_lag_nchinaPRjja', '31_lag_nppc3SSTjfm', '29_lag_33_median_samPSLann']","[0.6165422407436185, 0.6807419182713637, 0.7767036692489231, 0.6282214543735264, 0.8219815287579533, 0.8220359096585578]","29_lag_32_median_AMOCann, 32_lag_mhfIP30, 34_lag_mhfATL60, 37_lag_nchinaPRjja, 31_lag_nppc3SSTjfm, 29_lag_33_median_samPSLann_1235_29"
LRforcedPSO,25,6,traMC,shigh,891.5,2005.5,0.4,40,30,30,15.214496628225996,0.1221128298618325,1235,"['30_lag_36_median_amo1', '30_lag_37_median_eapPSLjfm', '30_lag_34_median_traTLS', '37_lag_stratZ50ndj03', '39_lag_nchinaPRjja', '30_lag_39_median_amo3']","[4.730665976134583, 5.442430081036122, 0.0014546202849157197, 1.1848183591976706, 2.584958733831808, 2.4442617662555417]","30_lag_36_median_amo1, 30_lag_37_median_eapPSLjfm, 30_lag_34_median_traTLS, 37_lag_stratZ50ndj03, 39_lag_nchinaPRjja, 30_lag_39_median_amo3_1235_30"
LRforcedPSO,26,6,traMC,shigh,892.5,2005.5,0.4,41,31,31,15.127026016917366,0.047494750649364405,1235,"['31_lag_34_median_shSICmar', '40_lag_amoSSTmjjaso', '32_lag_nhSICsep', '36_lag_traCA', '31_lag_33_median_stratZ50ndj01', '33_lag_naoPSLjfm']","[0.3387186150128052, 1.5497138510871693, 5.353234299215122, 2.9866723115583005, 3.080987912285522, 0.7833555831209651]","31_lag_34_median_shSICmar, 40_lag_amoSSTmjjaso, 32_lag_nhSICsep, 36_lag_traCA, 31_lag_33_median_stratZ50ndj01, 33_lag_naoPSLjfm_1235_31"
LRforcedPSO,27,6,traMC,shigh,893.5,2005.5,0.4,42,32,32,13.406139668844556,0.06483101590967144,1235,"['32_lag_33_median_stratZ50ndj01', '32_lag_41_median_mhfATL30', '40_lag_shTSjfm', '32_lag_35_median_mhfATL45', '34_lag_tripol1', '35_lag_labSSTjfm']","[1.06452681998947, 1.3472142652728352, 1.0213295522139585, 1.0740727649305595, 1.1291361446679018, 1.2925790085357267]","32_lag_33_median_stratZ50ndj01, 32_lag_41_median_mhfATL30, 40_lag_shTSjfm, 32_lag_35_median_mhfATL45, 34_lag_tripol1, 35_lag_labSSTjfm_1235_32"
LRforcedPSO,28,6,traMC,shigh,894.5,2005.5,0.4,43,33,33,14.34675784286446,-0.036880053561793275,1235,"['33_lag_34_median_traTLS', '42_lag_glTSjfm', '33_lag_34_median_ormenSSTjfm', '33_lag_34_median_yrvPRjja', '41_lag_traFSC', '33_lag_36_median_mhfATL45']","[0.09843546145847881, 3.4249849992952424, 1.0057277592160823, 0.9981597828805313, 0.09106812235499362, 3.9056303044495166]","33_lag_34_median_traTLS, 42_lag_glTSjfm, 33_lag_34_median_ormenSSTjfm, 33_lag_34_median_yrvPRjja, 41_lag_traFSC, 33_lag_36_median_mhfATL45_1235_33"
LRforcedPSO,29,6,traMC,shigh,895.5,2005.5,0.4,44,34,34,14.783451457735145,-0.09534238078114732,1235,"['34_lag_39_median_pdoSSTjfm', '41_lag_amo3', '34_lag_41_median_mhfATL30', '40_lag_traDS', '37_lag_shTSjfm', '34_lag_38_median_traDS']","[5.007830229579964, 0.5511679041817885, 1.7948080167010705, 0.03278608107564551, 5.212912919684342, 0.3825124291110953]","34_lag_39_median_pdoSSTjfm, 41_lag_amo3, 34_lag_41_median_mhfATL30, 40_lag_traDS, 37_lag_shTSjfm, 34_lag_38_median_traDS_1235_34"
LRforcedPSO,30,6,traMC,shigh,896.5,2005.5,0.4,45,35,35,15.316046299832728,-0.10069433355716464,1235,"['35_lag_41_median_glomaSSTjfm', '42_lag_traFSC', '42_lag_tripol3', '37_lag_traEC', '41_lag_stratZ50ndj02', '37_lag_traCA']","[5.5351410980887845, 0.13563895782918323, 6.335053236249909, 1.7573411634804348, 2.2150217327693493, 2.2462195369911893]","35_lag_41_median_glomaSSTjfm, 42_lag_traFSC, 42_lag_tripol3, 37_lag_traEC, 41_lag_stratZ50ndj02, 37_lag_traCA_1235_35"
LRforcedPSO,31,6,traMC,shigh,897.5,2005.5,0.4,46,36,36,13.919201531652924,0.05701803716791004,1235,"['36_lag_39_median_gyreSSTjfm', '36_lag_39_median_traBO', '41_lag_gyreSSTjfm', '36_lag_42_median_nhSICsep', '41_lag_yrvPRjja', '36_lag_37_median_AMOCann']","[2.3159364889498084, 2.459340222121415, 2.3230923251159257, 2.406538663543129, 3.0279500542989237, 2.4972939107861643]","36_lag_39_median_gyreSSTjfm, 36_lag_39_median_traBO, 41_lag_gyreSSTjfm, 36_lag_42_median_nhSICsep, 41_lag_yrvPRjja, 36_lag_37_median_AMOCann_1235_36"
LRforcedPSO,32,6,traMC,shigh,898.5,2005.5,0.4,47,37,37,13.598402846197542,0.08086886722675048,1235,"['42_lag_traFSC', '46_lag_ensoSSTjfm', '37_lag_43_median_amo1', '43_lag_traCA', '37_lag_eurPSLjfm', '37_lag_41_median_amo3']","[1.6271621098912161, 1.9872298602956728, 1.694800404360228, 1.7216234053050776, 1.528411824234862, 1.6729919056038787]","42_lag_traFSC, 46_lag_ensoSSTjfm, 37_lag_43_median_amo1, 43_lag_traCA, 37_lag_eurPSLjfm, 37_lag_41_median_amo3_1235_37"
LRforcedPSO,33,6,traMC,shigh,899.5,2005.5,0.4,48,38,38,15.099478208569732,-0.21998162590891573,1235,"['47_lag_traFB', '41_lag_shSICsep', '44_lag_traDP', '38_lag_43_median_shSICsep', '47_lag_tripol1', '38_lag_glTSjfm']","[1.3459937405820845, 4.045161976620635, 4.146909841720994, 2.4655068355191467, 1.7471278432745674, 1.6457157306905188]","47_lag_traFB, 41_lag_shSICsep, 44_lag_traDP, 38_lag_43_median_shSICsep, 47_lag_tripol1, 38_lag_glTSjfm_1235_38"
LRforcedPSO,34,6,traMC,shigh,900.5,2005.5,0.4,49,39,39,14.460147285435395,0.0863464671389768,1235,"['39_lag_40_median_nhSICjfm', '39_lag_43_median_amo1', '42_lag_glomaSSTjfm', '41_lag_arcTSjfm', '39_lag_42_median_traEU', '39_lag_46_median_traCA']","[0.6578099385645544, 0.2215747745438872, 7.348697335422617, 2.047602975943499, 2.17496006978231, 0.07379118633271986]","39_lag_40_median_nhSICjfm, 39_lag_43_median_amo1, 42_lag_glomaSSTjfm, 41_lag_arcTSjfm, 39_lag_42_median_traEU, 39_lag_46_median_traCA_1235_39"
LRforcedPSO,35,6,traMC,shigh,901.5,2005.5,0.4,50,40,40,13.974238562093918,0.194836464860889,1235,"['40_lag_44_median_nhSICsep', '40_lag_49_median_glTSjfm', '40_lag_49_median_stratZ50ndj04', '40_lag_48_median_traBS', '48_lag_traDS', '40_lag_42_median_shTSjfm']","[1.7317385543972215, 8.360492330484554, 0.11999668613995773, 0.5466834102877911, 3.5907018632142496, 6.117773945957188]","40_lag_44_median_nhSICsep, 40_lag_49_median_glTSjfm, 40_lag_49_median_stratZ50ndj04, 40_lag_48_median_traBS, 48_lag_traDS, 40_lag_42_median_shTSjfm_1235_40"
LRforcedPSO,36,6,traMC,shigh,902.5,2005.5,0.4,51,41,41,13.395234834504542,0.1471253945108874,1235,"['41_lag_43_median_traCA', '49_lag_tripol2', '41_lag_48_median_nppc3SSTjfm', '41_lag_43_median_satlSSTjfm', '50_lag_AMOCann', '41_lag_44_median_satlSSTjfm']","[1.7666828579399452, 1.765296381294549, 1.7690443583968638, 2.353625889148397, 1.7660880059881021, 1.7678836972539176]","41_lag_43_median_traCA, 49_lag_tripol2, 41_lag_48_median_nppc3SSTjfm, 41_lag_43_median_satlSSTjfm, 50_lag_AMOCann, 41_lag_44_median_satlSSTjfm_1235_41"
LRforcedPSO,37,6,traMC,shigh,903.5,2005.5,0.4,52,42,42,13.720413404266914,-0.05145155811921871,1235,"['50_lag_mhfIP30', '42_lag_51_median_glTSjfm', '48_lag_mhfATL60', '43_lag_neurTSjfm', '42_lag_49_median_traCA', '42_lag_eurPSLjfm']","[1.5238195190086297, 1.4110119672570502, 1.5144232134194526, 1.390675497771921, 1.6613573570948097, 1.4793692672898087]","50_lag_mhfIP30, 42_lag_51_median_glTSjfm, 48_lag_mhfATL60, 43_lag_neurTSjfm, 42_lag_49_median_traCA, 42_lag_eurPSLjfm_1235_42"
LRforcedPSO,38,6,traMC,shigh,904.5,2005.5,0.4,53,43,43,13.355657279390506,0.12942377499971072,1235,"['47_lag_ginwSSTjfm', '44_lag_atlSICjfm', '43_lag_46_median_nhSICjfm', '43_lag_eapPSLjfm', '43_lag_nppc2SSTjfm', '47_lag_traFB']","[2.9018856040829295, 0.8682535753423348, 1.5833320678195726, 0.856765799980284, 1.7949747955876383, 1.2080772130346418]","47_lag_ginwSSTjfm, 44_lag_atlSICjfm, 43_lag_46_median_nhSICjfm, 43_lag_eapPSLjfm, 43_lag_nppc2SSTjfm, 47_lag_traFB_1235_43"
LRforcedPSO,39,6,traMC,shigh,905.5,2005.5,0.4,54,44,44,14.800989276514784,-0.09786806125056625,1235,"['47_lag_alpi', '51_lag_stratZ50ndj04', '44_lag_49_median_mhfIP30', '44_lag_48_median_ismPRjja', '47_lag_ismPRjja', '50_lag_traFS']","[2.2263427835581737, 2.3549778556657146, 2.31846125910261, 2.2724329834630588, 2.3186829508099343, 2.96549450787135]","47_lag_alpi, 51_lag_stratZ50ndj04, 44_lag_49_median_mhfIP30, 44_lag_48_median_ismPRjja, 47_lag_ismPRjja, 50_lag_traFS_1235_44"
LRforcedPSO,40,6,traMC,shigh,906.5,2005.5,0.4,55,45,45,14.526559953065098,-0.00972253738298916,1235,"['49_lag_nppc3SSTjfm', '45_lag_52_median_stratZ50ndj03', '50_lag_alpi', '49_lag_wnorPRjfm', '45_lag_46_median_nppc3SSTjfm', '53_lag_atlSICsep']","[1.029904763388652, 3.4756777611768452, 0.5915185631691564, 5.109640462625499, 0.1487429462408567, 1.3056296014498976]","49_lag_nppc3SSTjfm, 45_lag_52_median_stratZ50ndj03, 50_lag_alpi, 49_lag_wnorPRjfm, 45_lag_46_median_nppc3SSTjfm, 53_lag_atlSICsep_1235_45"
LRforcedPSO,41,6,traMC,shigh,907.5,2005.5,0.4,56,46,46,13.311186189131684,0.13821947764497491,1235,"['46_lag_47_median_nppc3SSTjfm', '51_lag_traBS', '46_lag_52_median_nchinaPRjja', '46_lag_54_median_shSICmar', '51_lag_cetTSjfm', '46_lag_55_median_atlSICsep']","[0.4374056607994632, 3.157498328252313, 1.248300420136788, 0.20492218536395868, 0.7766856200154137, 1.2773107260467338]","46_lag_47_median_nppc3SSTjfm, 51_lag_traBS, 46_lag_52_median_nchinaPRjja, 46_lag_54_median_shSICmar, 51_lag_cetTSjfm, 46_lag_55_median_atlSICsep_1235_46"
LRforcedPSO,42,6,traMC,shigh,908.5,2005.5,0.4,57,47,47,14.223935513965898,-0.03038468139555509,1235,"['47_lag_52_median_amoSSTmjjaso', '47_lag_54_median_traWP', '47_lag_53_median_stratZ50ndj04', '51_lag_traBS', '56_lag_nhSICjfm', '47_lag_arcTSjfm']","[2.7756194170304926, 1.6219225205343601, 0.6498433805798332, 0.6269834969254013, 4.933525987391709, 0.9800064045007684]","47_lag_52_median_amoSSTmjjaso, 47_lag_54_median_traWP, 47_lag_53_median_stratZ50ndj04, 51_lag_traBS, 56_lag_nhSICjfm, 47_lag_arcTSjfm_1235_47"
LRforcedPSO,43,6,traMC,shigh,909.5,2005.5,0.4,58,48,48,14.393475920491246,0.06893166823229455,1235,"['48_lag_50_median_eurPSLjfm', '48_lag_56_median_cetTSjfm', '48_lag_55_median_alpi', '54_lag_traDS', '51_lag_traBO', '54_lag_stratZ50ndj03']","[2.3055494270078647, 1.5495310213870646, 3.5779301173997506, 6.4839542241108, 2.3819468613889683, 0.3268803330052741]","48_lag_50_median_eurPSLjfm, 48_lag_56_median_cetTSjfm, 48_lag_55_median_alpi, 54_lag_traDS, 51_lag_traBO, 54_lag_stratZ50ndj03_1235_48"
LRforcedPSO,44,6,traMC,shigh,910.5,2005.5,0.4,59,49,49,15.50497199376067,-0.15787768558437223,1235,"['49_lag_54_median_amo1', '57_lag_traWP', '51_lag_traFS', '54_lag_neurTSjfm', '49_lag_54_median_amo2', '49_lag_57_median_pdoSSTjfm']","[5.305339816735447, 1.3166316195973096, 2.017878358901692, 3.134677355222756, 6.394330474622119, 1.655625294043281]","49_lag_54_median_amo1, 57_lag_traWP, 51_lag_traFS, 54_lag_neurTSjfm, 49_lag_54_median_amo2, 49_lag_57_median_pdoSSTjfm_1235_49"
LRforcedPSO,45,6,traMC,shigh,911.5,2005.5,0.4,60,50,50,14.134409289574123,0.15524327021544929,1235,"['56_lag_pdoSSTjfm', '50_lag_54_median_nhTSjfm', '50_lag_53_median_stratZ50ndj02', '50_lag_57_median_traEC', '50_lag_51_median_alpi', '50_lag_58_median_scpPSLjfm']","[2.6300437509628907, 2.626874657938589, 2.625498835968632, 2.625652206038445, 2.62705508540081, 3.500569914972249]","56_lag_pdoSSTjfm, 50_lag_54_median_nhTSjfm, 50_lag_53_median_stratZ50ndj02, 50_lag_57_median_traEC, 50_lag_51_median_alpi, 50_lag_58_median_scpPSLjfm_1235_50"
LRforcedPSO,46,6,traMC,shigh,912.5,2005.5,0.4,61,51,51,13.791224201837023,0.09400145406014926,1235,"['51_lag_58_median_ginwSSTjfm', '57_lag_nhSICjfm', '51_lag_57_median_tripol2', '51_lag_60_median_nppc2SSTjfm', '51_lag_60_median_glomaSSTjfm', '60_lag_wnorPRjfm']","[1.6061348488387825, 1.920913320407328, 1.9958718662384771, 1.4976484148527385, 1.9920016628295951, 1.8387152537604274]","51_lag_58_median_ginwSSTjfm, 57_lag_nhSICjfm, 51_lag_57_median_tripol2, 51_lag_60_median_nppc2SSTjfm, 51_lag_60_median_glomaSSTjfm, 60_lag_wnorPRjfm_1235_51"
LRforcedPSO,47,6,traMC,shigh,913.5,2005.5,0.4,62,52,52,13.862262940266868,0.10845527670861038,1235,"['57_lag_alpi', '52_lag_58_median_traBO', '52_lag_58_median_atlSICjfm', '52_lag_59_median_atlSICjfm', '56_lag_atlSICjfm', '52_lag_57_median_AMOCann']","[2.6064816091596477, 1.6360782370900306, 6.166592166317521, 7.120752305555309, 4.127433711900739, 3.9848349509076346]","57_lag_alpi, 52_lag_58_median_traBO, 52_lag_58_median_atlSICjfm, 52_lag_59_median_atlSICjfm, 56_lag_atlSICjfm, 52_lag_57_median_AMOCann_1235_52"
LRforcedPSO,48,6,traMC,shigh,914.5,2005.5,0.4,63,53,53,16.13840904562031,-0.27305144467163683,1235,"['61_lag_traDP', '61_lag_nhSICjfm', '60_lag_nppc3SSTjfm', '59_lag_scpPSLjfm', '53_lag_56_median_solFORC', '55_lag_satlSSTjfm']","[2.8903617323140067, 2.255329746895249, 2.1704728956540227, 2.167779504884558, 2.4868431230538834, 2.5731391468875513]","61_lag_traDP, 61_lag_nhSICjfm, 60_lag_nppc3SSTjfm, 59_lag_scpPSLjfm, 53_lag_56_median_solFORC, 55_lag_satlSSTjfm_1235_53"
LRforcedPSO,49,6,traMC,shigh,915.5,2005.5,0.4,64,54,54,14.859316812732619,0.013666862071484452,1235,"['54_lag_61_median_traEU', '57_lag_gyreSSTjfm', '54_lag_63_median_solFORC', '59_lag_mhfATL60', '54_lag_58_median_traTLS', '54_lag_61_median_pdoSSTjfm']","[3.922457863777491, 0.08308732827894794, 1.1474097100397866, 1.3939452373124421, 0.22862656779985358, 5.932196772764559]","54_lag_61_median_traEU, 57_lag_gyreSSTjfm, 54_lag_63_median_solFORC, 59_lag_mhfATL60, 54_lag_58_median_traTLS, 54_lag_61_median_pdoSSTjfm_1235_54"
LRforcedPSO,50,6,traMC,shigh,916.5,2005.5,0.4,65,55,55,14.03330788661576,0.02804416852627569,1235,"['55_lag_56_median_amoSSTmjjaso', '57_lag_shSICsep', '63_lag_arcTSjfm', '63_lag_nchinaPRjja', '56_lag_amo3', '58_lag_tripol2']","[3.201677592827215, 1.3951553893572655, 1.0895669782138047, 0.9166841248680733, 0.22336538702358233, 1.8187372778442583]","55_lag_56_median_amoSSTmjjaso, 57_lag_shSICsep, 63_lag_arcTSjfm, 63_lag_nchinaPRjja, 56_lag_amo3, 58_lag_tripol2_1235_55"
LRforcedPSO,51,6,traMC,shigh,917.5,2005.5,0.4,66,56,56,14.398167345570716,0.043409897428843505,1235,"['60_lag_stratZ50ndj02', '60_lag_satlSSTjfm', '64_lag_traTLS', '64_lag_traBO', '56_lag_57_median_traWP', '56_lag_61_median_satlSSTjfm']","[0.665412672444603, 3.5273162772481825, 7.2868150655177, 1.174548367474614, 0.5682225507870236, 2.5347994981208384]","60_lag_stratZ50ndj02, 60_lag_satlSSTjfm, 64_lag_traTLS, 64_lag_traBO, 56_lag_57_median_traWP, 56_lag_61_median_satlSSTjfm_1235_56"
LRforcedPSO,52,6,traMC,shigh,918.5,2005.5,0.4,67,57,57,17.317948591219377,0.1017059322915991,1235,"['61_lag_traTLS', '57_lag_amoSSTmjjaso', '57_lag_62_median_amo3', '66_lag_tripol2', '57_lag_59_median_shSICmar', '61_lag_nhTSjfm']","[0.31215969932427257, 1.0974982097896238, 5.328200175787796, 4.508605863007508, 1.9956799388372382, 1.631639080660122]","61_lag_traTLS, 57_lag_amoSSTmjjaso, 57_lag_62_median_amo3, 66_lag_tripol2, 57_lag_59_median_shSICmar, 61_lag_nhTSjfm_1235_57"
LRforcedPSO,53,6,traMC,shigh,919.5,2005.5,0.4,68,58,58,14.192136665383252,-0.1068390019492819,1235,"['58_lag_62_median_traBS', '67_lag_shSICmar', '65_lag_tripol2', '58_lag_63_median_amo2', '66_lag_alpi', '62_lag_traMC']","[2.054056375440106, 1.9340480503170376, 1.6356090576604727, 2.1562978421085734, 1.706215660924495, 1.6564622659477954]","58_lag_62_median_traBS, 67_lag_shSICmar, 65_lag_tripol2, 58_lag_63_median_amo2, 66_lag_alpi, 62_lag_traMC_1235_58"
LRforcedPSO,54,6,traMC,shigh,920.5,2005.5,0.4,69,59,59,13.56782633674794,0.0510642506440013,1235,"['59_lag_65_median_mhfATL30', '59_lag_67_median_traWP', '66_lag_tripol3', '66_lag_tripol2', '66_lag_ginwSSTjfm', '64_lag_eurPSLjfm']","[0.6903998980337551, 0.5575779429045209, 2.443210023874684, 0.41335648232512945, 2.0029927110399655, 2.632318404423158]","59_lag_65_median_mhfATL30, 59_lag_67_median_traWP, 66_lag_tripol3, 66_lag_tripol2, 66_lag_ginwSSTjfm, 64_lag_eurPSLjfm_1235_59"
LRforcedPSO,55,6,traMC,shigh,921.5,2005.5,0.4,70,60,60,15.076245837652237,0.07189997636633598,1235,"['60_lag_amo2', '61_lag_traFSC', '60_lag_61_median_labSSTjfm', '60_lag_69_median_stratZ50ndj01', '60_lag_66_median_nchinaPRjja', '60_lag_61_median_eurPSLjfm']","[7.173218365553101, 1.7429510312198726, 0.1101851399447984, 0.9743285745207526, 2.5704149660847424, 0.9327101707133973]","60_lag_amo2, 61_lag_traFSC, 60_lag_61_median_labSSTjfm, 60_lag_69_median_stratZ50ndj01, 60_lag_66_median_nchinaPRjja, 60_lag_61_median_eurPSLjfm_1235_60"
LRforcedPSO,56,6,traMC,shigh,922.5,2005.5,0.4,71,61,61,13.57486594390949,-0.0006123851382662769,1235,"['70_lag_mhfIP30', '61_lag_64_median_neurTSjfm', '61_lag_64_median_mhfATL60', '61_lag_70_median_traEU', '61_lag_63_median_tripol1', '61_lag_62_median_pdoSSTjfm']","[0.9281973124510363, 1.0241912556392962, 1.220140071789899, 0.9151901635953612, 1.2134231279563215, 0.915662006948255]","70_lag_mhfIP30, 61_lag_64_median_neurTSjfm, 61_lag_64_median_mhfATL60, 61_lag_70_median_traEU, 61_lag_63_median_tripol1, 61_lag_62_median_pdoSSTjfm_1235_61"
LRforcedPSO,57,6,traMC,shigh,923.5,2005.5,0.4,72,62,62,14.187552062807791,-0.038458791338768776,1235,"['62_lag_64_median_traBO', '62_lag_63_median_ismPRjja', '70_lag_mhfATL60', '62_lag_63_median_traWP', '71_lag_ismPRjja', '68_lag_tripol2']","[3.924849260649756, 0.26105991514333127, 2.693486430145353, 2.533517154453717, 2.431938335067141, 0.33377032365501336]","62_lag_64_median_traBO, 62_lag_63_median_ismPRjja, 70_lag_mhfATL60, 62_lag_63_median_traWP, 71_lag_ismPRjja, 68_lag_tripol2_1235_62"
LRforcedPSO,58,6,traMC,shigh,924.5,2005.5,0.4,73,63,63,14.093922726026431,-0.0499644200296943,1235,"['72_lag_traEU', '63_lag_66_median_traWP', '68_lag_traFB', '65_lag_traEU', '72_lag_stratZ50ndj04', '63_lag_65_median_traFB']","[1.6895786711754575, 1.8479269788525277, 2.2406445262089285, 2.1781449176282344, 1.9270187522057274, 1.7707285869820069]","72_lag_traEU, 63_lag_66_median_traWP, 68_lag_traFB, 65_lag_traEU, 72_lag_stratZ50ndj04, 63_lag_65_median_traFB_1235_63"
LRforcedPSO,59,6,traMC,shigh,925.5,2005.5,0.4,74,64,64,15.415912190583112,-0.1044089090275617,1235,"['73_lag_naoPSLjfm', '69_lag_nhSICsep', '72_lag_shSICmar', '64_lag_solFORC', '68_lag_samPSLann', '66_lag_pdoSSTjfm']","[3.1063619853879683, 1.8456091997774404, 5.967713361841101, 0.010142355821836091, 2.300892556295498, 0.8271302362170765]","73_lag_naoPSLjfm, 69_lag_nhSICsep, 72_lag_shSICmar, 64_lag_solFORC, 68_lag_samPSLann, 66_lag_pdoSSTjfm_1235_64"
LRforcedPSO,60,6,traMC,shigh,926.5,2005.5,0.4,75,65,65,14.073000118332924,0.05451679161581059,1235,"['65_lag_72_median_traBS', '65_lag_73_median_traIT', '65_lag_72_median_tripol2', '68_lag_glomaSSTjfm', '71_lag_traBS', '65_lag_67_median_neurTSjfm']","[4.0569886435480225, 2.528965530082477, 4.90269569859302, 3.0469149027165123, 0.5516812466184682, 2.130835063944545]","65_lag_72_median_traBS, 65_lag_73_median_traIT, 65_lag_72_median_tripol2, 68_lag_glomaSSTjfm, 71_lag_traBS, 65_lag_67_median_neurTSjfm_1235_65"
LRforcedPSO,61,6,traMC,shigh,927.5,2005.5,0.4,76,66,66,13.89559276794876,0.05022591856750689,1235,"['69_lag_nhSICsep', '66_lag_74_median_eapPSLjfm', '75_lag_labSSTjfm', '66_lag_73_median_traEC', '75_lag_traBS', '66_lag_shTSjfm']","[2.9390483331925292, 0.7036514229692781, 0.21527695162424543, 0.39998108102577135, 2.995201865510337, 2.3554719827917943]","69_lag_nhSICsep, 66_lag_74_median_eapPSLjfm, 75_lag_labSSTjfm, 66_lag_73_median_traEC, 75_lag_traBS, 66_lag_shTSjfm_1235_66"
LRforcedPSO,62,6,traMC,shigh,928.5,2005.5,0.4,77,67,67,13.812549029344163,0.03556796773416185,1235,"['67_lag_68_median_nhTSjfm', '75_lag_labSSTjfm', '67_lag_76_median_mhfATL45', '67_lag_69_median_glTSjfm', '67_lag_76_median_traFB', '67_lag_72_median_traCA']","[2.109541762802254, 2.1081264222485596, 2.309288042590306, 2.1563202840304942, 2.810473381309678, 2.1090118217684752]","67_lag_68_median_nhTSjfm, 75_lag_labSSTjfm, 67_lag_76_median_mhfATL45, 67_lag_69_median_glTSjfm, 67_lag_76_median_traFB, 67_lag_72_median_traCA_1235_67"
LRforcedPSO,63,6,traMC,shigh,929.5,2005.5,0.4,78,68,68,14.71155907673159,-0.043938479851109886,1235,"['73_lag_glomaSSTjfm', '68_lag_71_median_nppc3SSTjfm', '75_lag_stratZ50ndj04', '68_lag_69_median_tripol3', '75_lag_shTSjfm', '73_lag_ismPRjja']","[4.994753548864361, 2.3839836827467202, 0.46635190333852883, 5.570851234413505, 5.5733492431218075, 0.1254928303009457]","73_lag_glomaSSTjfm, 68_lag_71_median_nppc3SSTjfm, 75_lag_stratZ50ndj04, 68_lag_69_median_tripol3, 75_lag_shTSjfm, 73_lag_ismPRjja_1235_68"
LRforcedPSO,64,6,traMC,shigh,930.5,2005.5,0.4,79,69,69,15.949925411497036,-0.1315719940310731,1235,"['69_lag_75_median_atlSICjfm', '69_lag_76_median_gyreSSTjfm', '69_lag_78_median_amo2', '69_lag_77_median_arcTSjfm', '69_lag_73_median_traWP', '69_lag_75_median_satlSSTjfm']","[5.698073801368366, 4.8224884084928865, 0.9979296878351178, 6.710638447126815, 2.328999107677358, 6.047793999827505]","69_lag_75_median_atlSICjfm, 69_lag_76_median_gyreSSTjfm, 69_lag_78_median_amo2, 69_lag_77_median_arcTSjfm, 69_lag_73_median_traWP, 69_lag_75_median_satlSSTjfm_1235_69"
LRforcedPSO,65,6,traMC,shigh,931.5,2005.5,0.4,80,70,70,15.136653590469686,-0.16993921963169575,1235,"['70_lag_79_median_nppc2SSTjfm', '70_lag_74_median_nhSICjfm', '78_lag_traDP', '71_lag_shSICsep', '70_lag_79_median_ismPRjja', '70_lag_79_median_eurPSLjfm']","[3.9511294487486364, 1.5614056386960797, 4.2070596448408875, 0.9949990817342531, 1.176025018409268, 1.4311900609679018]","70_lag_79_median_nppc2SSTjfm, 70_lag_74_median_nhSICjfm, 78_lag_traDP, 71_lag_shSICsep, 70_lag_79_median_ismPRjja, 70_lag_79_median_eurPSLjfm_1235_70"
LRforcedPSO,66,6,traMC,shigh,932.5,2005.5,0.4,81,71,71,15.41541773717162,-0.08725574964133306,1235,"['71_lag_76_median_wnorPRjfm', '71_lag_amo3', '71_lag_78_median_naoPSLjfm', '76_lag_traEC', '78_lag_traBS', '71_lag_79_median_tripol2']","[6.070808173943014, 1.0173664974040992, 6.910757727024148, 0.4769616559159253, 4.836445149182937, 2.7246821271046784]","71_lag_76_median_wnorPRjfm, 71_lag_amo3, 71_lag_78_median_naoPSLjfm, 76_lag_traEC, 78_lag_traBS, 71_lag_79_median_tripol2_1235_71"
LRforcedPSO,67,6,traMC,shigh,933.5,2005.5,0.4,82,72,72,15.482658090577083,-0.085229147235708,1235,"['72_lag_81_median_stratZ50ndj02', '73_lag_tripol1', '72_lag_76_median_glomaSSTjfm', '77_lag_ismPRjja', '73_lag_nhSICsep', '81_lag_stratZ50ndj04']","[3.948373646429877, 2.2100930149680575, 0.5272174695213323, 4.115430560252165, 1.1199553433666427, 5.338750357027853]","72_lag_81_median_stratZ50ndj02, 73_lag_tripol1, 72_lag_76_median_glomaSSTjfm, 77_lag_ismPRjja, 73_lag_nhSICsep, 81_lag_stratZ50ndj04_1235_72"
LRforcedPSO,68,6,traMC,shigh,934.5,2005.5,0.4,83,73,73,14.419737105209238,-0.04316202536138036,1235,"['75_lag_atlSICjfm', '76_lag_neurTSjfm', '73_lag_traEU', '73_lag_75_median_traFSC', '73_lag_79_median_ormenSSTjfm', '73_lag_81_median_mhfIP30']","[2.1064985985088356, 1.0443148699571942, 0.8442536797974682, 1.608812679201641, 4.083962891310444, 1.691316662297968]","75_lag_atlSICjfm, 76_lag_neurTSjfm, 73_lag_traEU, 73_lag_75_median_traFSC, 73_lag_79_median_ormenSSTjfm, 73_lag_81_median_mhfIP30_1235_73"
LRforcedPSO,69,6,traMC,shigh,935.5,2005.5,0.4,84,74,74,13.83610623014475,0.01259830677412174,1235,"['81_lag_nchinaPRjja', '79_lag_atlSICjfm', '75_lag_AMOCann', '75_lag_pdoSSTjfm', '82_lag_ismPRjja', '74_lag_81_median_amo1']","[1.2964221896808192, 1.3429055744851481, 1.0846501826904353, 1.3344898046763445, 1.1002028248018616, 1.4422984197805198]","81_lag_nchinaPRjja, 79_lag_atlSICjfm, 75_lag_AMOCann, 75_lag_pdoSSTjfm, 82_lag_ismPRjja, 74_lag_81_median_amo1_1235_74"
LRforcedPSO,70,6,traMC,shigh,936.5,2005.5,0.4,85,75,75,13.807791020313866,0.15466326964874155,1235,"['81_lag_traMC', '75_lag_77_median_naoPSLjfm', '81_lag_glTSjfm', '75_lag_79_median_amoSSTmjjaso', '84_lag_yrvPRjja', '77_lag_seurTSjfm']","[3.232665207469495, 0.4230288667092559, 4.846775369725713, 0.06378413717188103, 3.413918358115243, 1.559132310946712]","81_lag_traMC, 75_lag_77_median_naoPSLjfm, 81_lag_glTSjfm, 75_lag_79_median_amoSSTmjjaso, 84_lag_yrvPRjja, 77_lag_seurTSjfm_1235_75"
LRforcedPSO,71,6,traMC,shigh,937.5,2005.5,0.4,86,76,76,14.151609490133877,-0.07036025442180699,1235,"['77_lag_gyreSSTjfm', '85_lag_eurPSLjfm', '76_lag_85_median_ormenSSTjfm', '82_lag_scpPSLjfm', '76_lag_82_median_traIT', '82_lag_eurPSLjfm']","[0.6672404691406886, 2.5504252666349707, 0.9460453778770521, 1.9806040556919964, 1.1872155116806997, 1.8388187894473589]","77_lag_gyreSSTjfm, 85_lag_eurPSLjfm, 76_lag_85_median_ormenSSTjfm, 82_lag_scpPSLjfm, 76_lag_82_median_traIT, 82_lag_eurPSLjfm_1235_76"
LRforcedPSO,72,6,traMC,shigh,938.5,2005.5,0.4,87,77,82,13.599226205013876,0.02234825471937037,1235,"['86_lag_arcTSjfm', '82_lag_ensoSSTjfm', '84_lag_amo2', '85_lag_ginwSSTjfm', '83_lag_amoSSTmjjaso', '85_lag_glTSjfm']","[1.4901183505462485, 1.5516223526834074, 1.490676516018033, 1.4901247850581902, 1.748986493593711, 1.9868244673943698]","86_lag_arcTSjfm, 82_lag_ensoSSTjfm, 84_lag_amo2, 85_lag_ginwSSTjfm, 83_lag_amoSSTmjjaso, 85_lag_glTSjfm_1235_82"
LRforcedPSO,73,6,traMC,shigh,939.5,2005.5,0.4,88,78,78,14.49896921789887,0.05486550023258641,1235,"['84_lag_naoPSLjfm', '83_lag_ismPRjja', '84_lag_traFB', '78_lag_83_median_traCA', '84_lag_traEU', '86_lag_traBO']","[2.865077702996931, 4.383072721320993, 1.5682784969391506, 4.471032429318111, 1.128525592743232, 0.834340171358793]","84_lag_naoPSLjfm, 83_lag_ismPRjja, 84_lag_traFB, 78_lag_83_median_traCA, 84_lag_traEU, 86_lag_traBO_1235_78"
LRforcedPSO,74,6,traMC,shigh,940.5,2005.5,0.4,89,79,79,15.398344594200541,-0.033267350503392454,1235,"['87_lag_traEU', '86_lag_glomaSSTjfm', '79_lag_85_median_shSICmar', '83_lag_cetTSjfm', '81_lag_ormenSSTjfm', '79_lag_85_median_mhfIP30']","[2.3945203988553736, 1.5369308188889779, 1.8898228766612224, 0.09050207676245492, 7.393551834377835, 0.051310099106201434]","87_lag_traEU, 86_lag_glomaSSTjfm, 79_lag_85_median_shSICmar, 83_lag_cetTSjfm, 81_lag_ormenSSTjfm, 79_lag_85_median_mhfIP30_1235_79"
LRforcedPSO,75,6,traMC,shigh,941.5,2005.5,0.4,90,80,80,13.530292829299572,0.041217151966607773,1235,"['82_lag_tripol3', '80_lag_88_median_stratZ50ndj02', '80_lag_85_median_amo2', '85_lag_ormenSSTjfm', '80_lag_89_median_traWP', '86_lag_mhfATL60']","[1.4942800689580333, 1.3653926792913311, 1.356156801368333, 1.4398314045401517, 1.807895923128227, 1.3571310066329687]","82_lag_tripol3, 80_lag_88_median_stratZ50ndj02, 80_lag_85_median_amo2, 85_lag_ormenSSTjfm, 80_lag_89_median_traWP, 86_lag_mhfATL60_1235_80"
LRforcedPSO,76,6,traMC,shigh,942.5,2005.5,0.4,91,81,81,13.501707233619573,0.0757188712663058,1235,"['84_lag_mhfATL30', '81_lag_90_median_nchinaPRjja', '81_lag_86_median_nchinaPRjja', '81_lag_89_median_tripol2', '81_lag_85_median_ormenSSTjfm', '81_lag_87_median_tripol2']","[2.358921678247567, 3.1452274590772764, 2.358966439740384, 3.1452257047071464, 2.3589205985925887, 2.358924262695566]","84_lag_mhfATL30, 81_lag_90_median_nchinaPRjja, 81_lag_86_median_nchinaPRjja, 81_lag_89_median_tripol2, 81_lag_85_median_ormenSSTjfm, 81_lag_87_median_tripol2_1235_81"
LRforcedPSO,77,6,traMC,shigh,943.5,2005.5,0.4,92,82,82,14.261459131447047,-0.033440601129145806,1235,"['88_lag_ensoSSTjfm', '82_lag_86_median_eurPSLjfm', '89_lag_shSICsep', '82_lag_83_median_labSSTjfm', '82_lag_89_median_traEC', '82_lag_84_median_traDP']","[1.1112441561756565, 1.6136284790276019, 1.4005485667016977, 4.113752255433338, 2.139506409276068, 0.7002139594239694]","88_lag_ensoSSTjfm, 82_lag_86_median_eurPSLjfm, 89_lag_shSICsep, 82_lag_83_median_labSSTjfm, 82_lag_89_median_traEC, 82_lag_84_median_traDP_1235_82"
LRforcedPSO,78,6,traMC,shigh,944.5,2005.5,0.4,93,83,83,14.963558774361008,0.011850056718086612,1235,"['83_lag_shSICsep', '83_lag_85_median_scpPSLjfm', '90_lag_scpPSLjfm', '85_lag_nppc2SSTjfm', '83_lag_86_median_traFSC', '83_lag_89_median_naoPSLjfm']","[1.4724673694725716, 1.0232262291647025, 3.382104197683198, 5.715897363680115, 3.4157540913650646, 0.28055157395030506]","83_lag_shSICsep, 83_lag_85_median_scpPSLjfm, 90_lag_scpPSLjfm, 85_lag_nppc2SSTjfm, 83_lag_86_median_traFSC, 83_lag_89_median_naoPSLjfm_1235_83"
LRforcedPSO,79,6,traMC,shigh,945.5,2005.5,0.4,94,84,84,15.19642489469954,-0.1459378931596198,1235,"['85_lag_AMOCann', '93_lag_alpi', '84_lag_91_median_solFORC', '85_lag_traCA', '88_lag_tripol1', '92_lag_nhSICsep']","[2.0397036803206587, 2.569086024648478, 2.391332252371093, 1.929190685055102, 1.9385064951969908, 2.1214243941416444]","85_lag_AMOCann, 93_lag_alpi, 84_lag_91_median_solFORC, 85_lag_traCA, 88_lag_tripol1, 92_lag_nhSICsep_1235_84"
LRforcedPSO,80,6,traMC,shigh,946.5,2005.5,0.4,95,85,85,14.104792596091542,0.011994386173471096,1235,"['85_lag_94_median_yrvPRjja', '85_lag_tripol1', '85_lag_92_median_glomaSSTjfm', '88_lag_nhSICsep', '85_lag_94_median_wnorPRjfm', '92_lag_arcTSjfm']","[1.018158993670756, 0.8387447014169265, 4.437033861033067, 5.073158456184117, 0.09041596108935579, 1.6549553242352282]","85_lag_94_median_yrvPRjja, 85_lag_tripol1, 85_lag_92_median_glomaSSTjfm, 88_lag_nhSICsep, 85_lag_94_median_wnorPRjfm, 92_lag_arcTSjfm_1235_85"
LRforcedPSO,81,6,traMC,shigh,947.5,2005.5,0.4,96,86,86,13.794068976649308,-0.013203260702180624,1235,"['90_lag_amo2', '86_lag_94_median_seurTSjfm', '90_lag_naoPSLjfm', '86_lag_88_median_stratZ50ndj01', '91_lag_traWP', '86_lag_95_median_ensoSSTjfm']","[4.118561750630725, 3.143941995446413, 0.1221892365633952, 0.7049792271284598, 0.9062857719448374, 2.342403405127641]","90_lag_amo2, 86_lag_94_median_seurTSjfm, 90_lag_naoPSLjfm, 86_lag_88_median_stratZ50ndj01, 91_lag_traWP, 86_lag_95_median_ensoSSTjfm_1235_86"
LRforcedPSO,82,6,traMC,shigh,948.5,2005.5,0.4,97,87,87,13.698887805807018,0.09410831264498301,1235,"['88_lag_mhfATL60', '87_lag_91_median_stratZ50ndj02', '87_lag_92_median_traFSC', '87_lag_93_median_labSSTjfm', '87_lag_92_median_amo3', '91_lag_satlSSTjfm']","[0.695490246651584, 4.0730744609697584, 0.25186791620008186, 1.6153736863351789, 0.49812481076946113, 2.7869609421626507]","88_lag_mhfATL60, 87_lag_91_median_stratZ50ndj02, 87_lag_92_median_traFSC, 87_lag_93_median_labSSTjfm, 87_lag_92_median_amo3, 91_lag_satlSSTjfm_1235_87"
LRforcedPSO,83,6,traMC,shigh,949.5,2005.5,0.4,98,88,88,14.147131842000126,0.13721291109514955,1235,"['88_lag_94_median_nhSICjfm', '94_lag_shSICsep', '88_lag_90_median_traBS', '88_lag_94_median_samPSLann', '88_lag_93_median_amoSSTmjjaso', '95_lag_arcTSjfm']","[4.990193138294943, 1.2921476292670455, 1.2822568950043731, 5.171908442579065, 2.2721550181158907, 2.813240987046745]","88_lag_94_median_nhSICjfm, 94_lag_shSICsep, 88_lag_90_median_traBS, 88_lag_94_median_samPSLann, 88_lag_93_median_amoSSTmjjaso, 95_lag_arcTSjfm_1235_88"
LRforcedPSO,84,6,traMC,shigh,950.5,2005.5,0.4,99,89,89,13.782572570207025,0.033990829986737206,1235,"['89_lag_97_median_traCA', '89_lag_96_median_seurTSjfm', '97_lag_wnorPRjfm', '95_lag_nppc2SSTjfm', '89_lag_93_median_ismPRjja', '96_lag_traDP']","[1.3401889525497612, 1.3867125994339118, 1.5860501905151314, 1.7869162279111144, 1.559810206577982, 1.7390927099900044]","89_lag_97_median_traCA, 89_lag_96_median_seurTSjfm, 97_lag_wnorPRjfm, 95_lag_nppc2SSTjfm, 89_lag_93_median_ismPRjja, 96_lag_traDP_1235_89"
LRforcedPSO,85,6,traMC,shigh,951.5,2005.5,0.4,100,90,90,13.603664820222264,0.03793208677400222,1235,"['93_lag_nchinaPRjja', '90_lag_99_median_atlSICjfm', '90_lag_tripol1', '90_lag_amo1', '97_lag_traEU', '90_lag_91_median_eurPSLjfm']","[1.5979860046657461, 1.4096944922013643, 1.836373332161995, 1.4306810865664152, 1.8788811231985185, 1.4091609171671726]","93_lag_nchinaPRjja, 90_lag_99_median_atlSICjfm, 90_lag_tripol1, 90_lag_amo1, 97_lag_traEU, 90_lag_91_median_eurPSLjfm_1235_90"
