model,num_irrelevant,max_allowed_features,target_feature,dataset,year_start,year_end,splitsize,max_lag,init_lag,max_forecast,mae_score,corr_score,n_total_features,selected_feature_list,feature_importances,selected_features
LRforcedPSO,0,30,mhfATL60,shigh,1514.5,2005.5,0.8,15,5,5,31.018425889646362,-0.06902786554740821,1235,"['5_lag_8_median_scpPSLjfm', '5_lag_8_median_AMOCann', '9_lag_nhSICsep', '5_lag_6_median_satlSSTjfm', '5_lag_7_median_seurTSjfm', '5_lag_7_median_nhSICsep', '13_lag_pdoSSTjfm', '9_lag_nhSICjfm', '5_lag_8_median_nppc3SSTjfm', '13_lag_yrvPRjja', '11_lag_neurTSjfm', '5_lag_13_median_nppc3SSTjfm', '5_lag_11_median_amo1', '5_lag_6_median_tripol3', '5_lag_12_median_mhfIP30', '5_lag_shSICsep', '9_lag_labSSTjfm', '5_lag_12_median_seurTSjfm', '14_lag_shSICmar', '7_lag_mhfIP30', '5_lag_9_median_traIFC', '6_lag_traIT', '9_lag_traWP', '5_lag_13_median_alpi', '5_lag_8_median_traIT', '9_lag_cetTSjfm', '7_lag_tripol1', '5_lag_6_median_ginwSSTjfm', '12_lag_nppc2SSTjfm', '5_lag_9_median_alpi']","[1.3121640030635646, 8.419722278952769, 2.87968191273007, 0.6791562362983345, 6.3557399275888855, 3.7325061602162215, 5.71333332537336, 8.144302399256194, 6.959199350840805, 2.0842540027018863, 1.7481928785506735, 2.254377886989401, 0.02664101608298175, 1.8602282445496048, 0.9913917604647811, 4.790627114785719, 4.413049948515417, 4.20918141116687, 0.2585595455916305, 5.513078168356356, 3.071905491164724, 3.041959882367136, 0.0902322967153939, 2.179403017204984, 0.6576202630689103, 9.236389994674647, 1.789860096549397, 5.405144286504817, 6.315830859357323, 4.236413417501426]","5_lag_8_median_scpPSLjfm, 5_lag_8_median_AMOCann, 9_lag_nhSICsep, 5_lag_6_median_satlSSTjfm, 5_lag_7_median_seurTSjfm, 5_lag_7_median_nhSICsep, 13_lag_pdoSSTjfm, 9_lag_nhSICjfm, 5_lag_8_median_nppc3SSTjfm, 13_lag_yrvPRjja, 11_lag_neurTSjfm, 5_lag_13_median_nppc3SSTjfm, 5_lag_11_median_amo1, 5_lag_6_median_tripol3, 5_lag_12_median_mhfIP30, 5_lag_shSICsep, 9_lag_labSSTjfm, 5_lag_12_median_seurTSjfm, 14_lag_shSICmar, 7_lag_mhfIP30, 5_lag_9_median_traIFC, 6_lag_traIT, 9_lag_traWP, 5_lag_13_median_alpi, 5_lag_8_median_traIT, 9_lag_cetTSjfm, 7_lag_tripol1, 5_lag_6_median_ginwSSTjfm, 12_lag_nppc2SSTjfm, 5_lag_9_median_alpi_1235_5"
LRforcedPSO,1,30,mhfATL60,shigh,1515.5,2005.5,0.8,16,6,6,28.20721756030647,-0.0693361444402372,1235,"['6_lag_9_median_traIFC', '6_lag_nchinaPRjja', '6_lag_12_median_traDP', '6_lag_11_median_nchinaPRjja', '7_lag_nppc2SSTjfm', '9_lag_mhfATL45', '11_lag_glomaSSTjfm', '6_lag_8_median_mhfATL60', '6_lag_12_median_traBS', '10_lag_alpi', '6_lag_12_median_stratZ50ndj04', '6_lag_yrvPRjja', '6_lag_13_median_yrvPRjja', '9_lag_yrvPRjja', '12_lag_stratZ50ndj04', '6_lag_nhTSjfm', '6_lag_13_median_ismPRjja', '6_lag_11_median_satlSSTjfm', '6_lag_10_median_traEU', '6_lag_traDS', '9_lag_nhTSjfm', '6_lag_7_median_mhfATL60', '10_lag_traDS', '12_lag_mhfATL45', '6_lag_11_median_mhfATL45', '6_lag_traEU', '12_lag_seurTSjfm', '13_lag_gyreSSTjfm', '6_lag_12_median_glomaSSTjfm', '15_lag_tripol2']","[2.476021722262349, 3.2908894684739813, 1.696678857170422, 0.86377475524408, 3.858949297117986, 4.033709902325436, 1.408873581797474, 1.64840142365696, 1.1242469569969167, 7.111531625894742, 4.8674632530570925, 2.7604169865302897, 1.5945352614919237, 4.492017235862736, 5.104936078093976, 4.352485090718612, 5.691945534429001, 3.9101281208615024, 3.367349814628053, 4.77385797235949, 1.39072544077324, 6.66985369969364, 2.9611363749489854, 8.042793937836286, 6.829473990532179, 3.7818734370613205, 2.634684360318486, 3.5326051728634678, 1.1271442749608251, 0.9236260167419523]","6_lag_9_median_traIFC, 6_lag_nchinaPRjja, 6_lag_12_median_traDP, 6_lag_11_median_nchinaPRjja, 7_lag_nppc2SSTjfm, 9_lag_mhfATL45, 11_lag_glomaSSTjfm, 6_lag_8_median_mhfATL60, 6_lag_12_median_traBS, 10_lag_alpi, 6_lag_12_median_stratZ50ndj04, 6_lag_yrvPRjja, 6_lag_13_median_yrvPRjja, 9_lag_yrvPRjja, 12_lag_stratZ50ndj04, 6_lag_nhTSjfm, 6_lag_13_median_ismPRjja, 6_lag_11_median_satlSSTjfm, 6_lag_10_median_traEU, 6_lag_traDS, 9_lag_nhTSjfm, 6_lag_7_median_mhfATL60, 10_lag_traDS, 12_lag_mhfATL45, 6_lag_11_median_mhfATL45, 6_lag_traEU, 12_lag_seurTSjfm, 13_lag_gyreSSTjfm, 6_lag_12_median_glomaSSTjfm, 15_lag_tripol2_1235_6"
LRforcedPSO,2,30,mhfATL60,shigh,1516.5,2005.5,0.8,17,7,7,22.449941925258763,-0.05244671737908538,1235,"['16_lag_traTLS', '8_lag_atlSICsep', '7_lag_15_median_mhfATL45', '7_lag_10_median_traBS', '11_lag_traBS', '7_lag_10_median_gyreSSTjfm', '15_lag_mhfATL30', '13_lag_naoPSLjfm', '16_lag_mhfATL30', '7_lag_14_median_traMC', '7_lag_10_median_shTSjfm', '13_lag_ensoSSTjfm', '11_lag_gyreSSTjfm', '7_lag_12_median_ensoSSTjfm', '10_lag_arcTSjfm', '14_lag_traFS', '7_lag_12_median_neurTSjfm', '7_lag_13_median_tripol1', '11_lag_traFB', '12_lag_amoSSTmjjaso', '15_lag_nhSICjfm', '16_lag_traBS', '7_lag_stratZ50ndj04', '7_lag_8_median_nhTSjfm', '7_lag_11_median_traEC', '7_lag_11_median_traTLS', '10_lag_mhfIP30', '7_lag_16_median_scpPSLjfm', '16_lag_atlSICjfm', '7_lag_15_median_shSICmar']","[3.7222157500471305, 0.054508851039136275, 6.7572673565489705, 8.473788261198877, 2.0303390655262987, 3.646505815720392, 1.9853393645883983, 0.3045763005496571, 2.7273068081270946, 1.269096880826826, 6.952980812247308, 4.830915735299386, 5.049883476185261, 9.968521860378042, 3.88980766446878, 9.96243051914789, 4.744694839744019, 3.131931108794868, 0.8443683860697249, 4.74232093950139, 2.3806919574010514, 0.859152535882636, 0.43790200776142285, 6.316318826147567, 5.053847727987906, 4.667729105954372, 2.284184379876269, 5.213831829840315, 1.5614023461985553, 5.7477470678639815]","16_lag_traTLS, 8_lag_atlSICsep, 7_lag_15_median_mhfATL45, 7_lag_10_median_traBS, 11_lag_traBS, 7_lag_10_median_gyreSSTjfm, 15_lag_mhfATL30, 13_lag_naoPSLjfm, 16_lag_mhfATL30, 7_lag_14_median_traMC, 7_lag_10_median_shTSjfm, 13_lag_ensoSSTjfm, 11_lag_gyreSSTjfm, 7_lag_12_median_ensoSSTjfm, 10_lag_arcTSjfm, 14_lag_traFS, 7_lag_12_median_neurTSjfm, 7_lag_13_median_tripol1, 11_lag_traFB, 12_lag_amoSSTmjjaso, 15_lag_nhSICjfm, 16_lag_traBS, 7_lag_stratZ50ndj04, 7_lag_8_median_nhTSjfm, 7_lag_11_median_traEC, 7_lag_11_median_traTLS, 10_lag_mhfIP30, 7_lag_16_median_scpPSLjfm, 16_lag_atlSICjfm, 7_lag_15_median_shSICmar_1235_7"
LRforcedPSO,3,30,mhfATL60,shigh,1517.5,2005.5,0.8,18,8,8,33.82342336251355,0.36062262960885594,1235,"['16_lag_traBS', '14_lag_wnorPRjfm', '11_lag_mhfATL45', '8_lag_17_median_mhfATL60', '10_lag_mhfATL30', '8_lag_17_median_eapPSLjfm', '12_lag_glTSjfm', '8_lag_16_median_traIFC', '17_lag_nchinaPRjja', '16_lag_tripol3', '8_lag_9_median_traBS', '11_lag_glTSjfm', '15_lag_traCA', '9_lag_tripol2', '8_lag_12_median_traEC', '8_lag_10_median_ensoSSTjfm', '15_lag_ginwSSTjfm', '16_lag_tripol2', '16_lag_wnorPRjfm', '8_lag_9_median_ormenSSTjfm', '17_lag_traIFC', '10_lag_arcTSjfm', '11_lag_ormenSSTjfm', '8_lag_17_median_amo2', '8_lag_16_median_traDS', '8_lag_15_median_traTLS', '8_lag_15_median_stratZ50ndj04', '8_lag_11_median_mhfATL30', '8_lag_16_median_mhfATL60', '8_lag_11_median_stratZ50ndj04']","[7.891295068590923, 0.067197388472092, 2.870743615652147, 4.954460300507758, 2.423183055769158, 6.062328380012151, 9.802292461124223, 1.9045262012287, 2.2395039352188633, 4.170236215891737, 4.107404059786573, 8.456621955599886, 5.565394934406038, 2.9527844997086206, 6.262172571141578, 5.091335920585163, 8.16662150639533, 1.3765897055555492, 0.09100733949130735, 4.216985656052669, 6.696613108767386, 9.122513188393349, 8.823950394831217, 1.6060740028052312, 3.327315514454501, 2.5210576010770964, 6.563533905686434, 0.24803837501695014, 0.6820539790787237, 8.241061915065075]","16_lag_traBS, 14_lag_wnorPRjfm, 11_lag_mhfATL45, 8_lag_17_median_mhfATL60, 10_lag_mhfATL30, 8_lag_17_median_eapPSLjfm, 12_lag_glTSjfm, 8_lag_16_median_traIFC, 17_lag_nchinaPRjja, 16_lag_tripol3, 8_lag_9_median_traBS, 11_lag_glTSjfm, 15_lag_traCA, 9_lag_tripol2, 8_lag_12_median_traEC, 8_lag_10_median_ensoSSTjfm, 15_lag_ginwSSTjfm, 16_lag_tripol2, 16_lag_wnorPRjfm, 8_lag_9_median_ormenSSTjfm, 17_lag_traIFC, 10_lag_arcTSjfm, 11_lag_ormenSSTjfm, 8_lag_17_median_amo2, 8_lag_16_median_traDS, 8_lag_15_median_traTLS, 8_lag_15_median_stratZ50ndj04, 8_lag_11_median_mhfATL30, 8_lag_16_median_mhfATL60, 8_lag_11_median_stratZ50ndj04_1235_8"
LRforcedPSO,4,30,mhfATL60,shigh,1518.5,2005.5,0.8,19,9,9,29.774812739295133,0.1250939876946994,1235,"['9_lag_eurPSLjfm', '9_lag_scpPSLjfm', '9_lag_13_median_traEU', '16_lag_traIT', '9_lag_15_median_amoSSTmjjaso', '9_lag_17_median_nchinaPRjja', '15_lag_nhTSjfm', '18_lag_ismPRjja', '9_lag_13_median_stratZ50ndj04', '9_lag_12_median_seurTSjfm', '14_lag_labSSTjfm', '12_lag_AMOCann', '9_lag_14_median_ginwSSTjfm', '9_lag_14_median_ensoSSTjfm', '18_lag_neurTSjfm', '14_lag_nchinaPRjja', '9_lag_16_median_traMC', '9_lag_12_median_amoSSTmjjaso', '9_lag_13_median_shTSjfm', '17_lag_traMC', '15_lag_traIT', '9_lag_18_median_scpPSLjfm', '16_lag_traWP', '9_lag_12_median_labSSTjfm', '9_lag_shSICsep', '13_lag_stratZ50ndj04', '12_lag_tripol1', '9_lag_10_median_nhSICsep', '9_lag_10_median_labSSTjfm', '9_lag_13_median_satlSSTjfm']","[3.7908917354149274, 2.461162929514158, 2.5088656157448703, 2.0180422740943165, 2.7912961118225343, 1.8806171497909467, 5.997814605668889, 6.507799809553674, 2.9881189868272813, 5.365770161297901, 6.532059145467082, 6.718343889786439, 6.095080257033143, 7.73002357591265, 2.6500029713709043, 2.959523780830704, 0.1902301132217854, 1.7901125158894295, 9.325268022685275, 3.036962948757232, 5.082905314436048, 4.385927326385277, 6.250453967486298, 4.8018239363848245, 7.8295775683078155, 0.44503304651330744, 2.59190859921514, 2.8474913456163264, 3.017839104623972, 7.2042716587685485]","9_lag_eurPSLjfm, 9_lag_scpPSLjfm, 9_lag_13_median_traEU, 16_lag_traIT, 9_lag_15_median_amoSSTmjjaso, 9_lag_17_median_nchinaPRjja, 15_lag_nhTSjfm, 18_lag_ismPRjja, 9_lag_13_median_stratZ50ndj04, 9_lag_12_median_seurTSjfm, 14_lag_labSSTjfm, 12_lag_AMOCann, 9_lag_14_median_ginwSSTjfm, 9_lag_14_median_ensoSSTjfm, 18_lag_neurTSjfm, 14_lag_nchinaPRjja, 9_lag_16_median_traMC, 9_lag_12_median_amoSSTmjjaso, 9_lag_13_median_shTSjfm, 17_lag_traMC, 15_lag_traIT, 9_lag_18_median_scpPSLjfm, 16_lag_traWP, 9_lag_12_median_labSSTjfm, 9_lag_shSICsep, 13_lag_stratZ50ndj04, 12_lag_tripol1, 9_lag_10_median_nhSICsep, 9_lag_10_median_labSSTjfm, 9_lag_13_median_satlSSTjfm_1235_9"
LRforcedPSO,5,30,mhfATL60,shigh,1519.5,2005.5,0.8,20,10,10,24.453574028489193,0.031104652287710012,1235,"['10_lag_12_median_traEC', '19_lag_scpPSLjfm', '19_lag_mhfIP30', '10_lag_ginwSSTjfm', '17_lag_samPSLann', '14_lag_ensoSSTjfm', '10_lag_12_median_traDS', '12_lag_nhTSjfm', '11_lag_traIFC', '18_lag_traFB', '10_lag_alpi', '18_lag_tripol3', '10_lag_12_median_stratZ50ndj04', '10_lag_17_median_naoPSLjfm', '10_lag_17_median_glTSjfm', '10_lag_13_median_nchinaPRjja', '18_lag_tripol1', '10_lag_18_median_glTSjfm', '16_lag_traDP', '17_lag_traFS', '18_lag_traWP', '15_lag_tripol1', '10_lag_13_median_traEC', '10_lag_19_median_alpi', '13_lag_nhSICsep', '10_lag_19_median_stratZ50ndj02', '19_lag_tripol1', '10_lag_13_median_shSICmar', '10_lag_16_median_ginwSSTjfm', '10_lag_traBO']","[2.3747250187285474, 2.2275643282811552, 1.2928062963078375, 2.7035709092947613, 0.6477728542423158, 0.6319007244807473, 5.615748609216428, 3.3809366810400032, 0.7694497234455362, 3.7236847829052415, 8.85833313249261, 2.8516549661988684, 4.340076719717773, 4.043317480120548, 4.502293917453477, 6.042797993977425, 6.291254415189911, 4.539776418368584, 6.379991544088568, 6.393041442974166, 1.9839303535135837, 2.0182310951176348, 9.45551183152011, 6.093163643799414, 2.23091696001293, 0.43127752660791074, 8.61992461246469, 0.9338882821304111, 1.7239249689324314, 6.969206060552613]","10_lag_12_median_traEC, 19_lag_scpPSLjfm, 19_lag_mhfIP30, 10_lag_ginwSSTjfm, 17_lag_samPSLann, 14_lag_ensoSSTjfm, 10_lag_12_median_traDS, 12_lag_nhTSjfm, 11_lag_traIFC, 18_lag_traFB, 10_lag_alpi, 18_lag_tripol3, 10_lag_12_median_stratZ50ndj04, 10_lag_17_median_naoPSLjfm, 10_lag_17_median_glTSjfm, 10_lag_13_median_nchinaPRjja, 18_lag_tripol1, 10_lag_18_median_glTSjfm, 16_lag_traDP, 17_lag_traFS, 18_lag_traWP, 15_lag_tripol1, 10_lag_13_median_traEC, 10_lag_19_median_alpi, 13_lag_nhSICsep, 10_lag_19_median_stratZ50ndj02, 19_lag_tripol1, 10_lag_13_median_shSICmar, 10_lag_16_median_ginwSSTjfm, 10_lag_traBO_1235_10"
LRforcedPSO,6,30,mhfATL60,shigh,1520.5,2005.5,0.8,21,11,11,28.967769570523004,0.34860186263991805,1235,"['13_lag_traIFC', '12_lag_ginwSSTjfm', '11_lag_tripol3', '11_lag_yrvPRjja', '16_lag_cetTSjfm', '13_lag_traDS', '11_lag_19_median_atlSICsep', '15_lag_amo1', '19_lag_nhSICsep', '11_lag_17_median_ginwSSTjfm', '14_lag_amo2', '19_lag_samPSLann', '11_lag_19_median_arcTSjfm', '11_lag_17_median_solFORC', '11_lag_18_median_traIT', '11_lag_eurPSLjfm', '16_lag_nhSICsep', '11_lag_15_median_traBS', '11_lag_14_median_traFSC', '13_lag_amoSSTmjjaso', '12_lag_yrvPRjja', '11_lag_20_median_labSSTjfm', '11_lag_13_median_stratZ50ndj02', '18_lag_labSSTjfm', '15_lag_traIFC', '13_lag_alpi', '11_lag_16_median_traIFC', '11_lag_13_median_traIT', '11_lag_traFSC', '11_lag_20_median_amo2']","[3.766442566597597, 9.219229535064816, 8.316455734599108, 3.8337383249709767, 0.8081816521170193, 5.165364225140854, 2.1967711650530024, 0.8202064780064227, 1.4340133482372703, 2.378963539722956, 2.0169496221259493, 4.199392565824811, 8.02212680293582, 4.114687094278365, 4.146393403562556, 1.8230167328254883, 0.3550088996439431, 1.5918023250573814, 5.065879466965335, 1.8719864014397558, 6.52456303319113, 4.600528166846685, 9.93143086119533, 9.160246964735625, 8.334499530412627, 6.431232285895632, 8.100261550581923, 5.736690036150156, 7.1076578516764926, 4.214943287769719]","13_lag_traIFC, 12_lag_ginwSSTjfm, 11_lag_tripol3, 11_lag_yrvPRjja, 16_lag_cetTSjfm, 13_lag_traDS, 11_lag_19_median_atlSICsep, 15_lag_amo1, 19_lag_nhSICsep, 11_lag_17_median_ginwSSTjfm, 14_lag_amo2, 19_lag_samPSLann, 11_lag_19_median_arcTSjfm, 11_lag_17_median_solFORC, 11_lag_18_median_traIT, 11_lag_eurPSLjfm, 16_lag_nhSICsep, 11_lag_15_median_traBS, 11_lag_14_median_traFSC, 13_lag_amoSSTmjjaso, 12_lag_yrvPRjja, 11_lag_20_median_labSSTjfm, 11_lag_13_median_stratZ50ndj02, 18_lag_labSSTjfm, 15_lag_traIFC, 13_lag_alpi, 11_lag_16_median_traIFC, 11_lag_13_median_traIT, 11_lag_traFSC, 11_lag_20_median_amo2_1235_11"
LRforcedPSO,7,30,mhfATL60,shigh,1521.5,2005.5,0.8,22,12,12,28.66878567212815,-0.17680236695321808,1235,"['12_lag_19_median_traEU', '13_lag_ormenSSTjfm', '18_lag_glomaSSTjfm', '21_lag_AMOCann', '12_lag_16_median_traWP', '19_lag_scpPSLjfm', '12_lag_19_median_traEC', '17_lag_nchinaPRjja', '13_lag_traDS', '14_lag_glomaSSTjfm', '16_lag_traFS', '12_lag_18_median_traIFC', '12_lag_14_median_glomaSSTjfm', '12_lag_19_median_traDS', '12_lag_18_median_amoSSTmjjaso', '17_lag_nhSICjfm', '12_lag_17_median_yrvPRjja', '16_lag_nhSICsep', '15_lag_cetTSjfm', '12_lag_14_median_mhfATL60', '14_lag_solFORC', '12_lag_16_median_samPSLann', '12_lag_15_median_nppc3SSTjfm', '14_lag_stratZ50ndj01', '12_lag_traIT', '19_lag_ormenSSTjfm', '15_lag_shSICsep', '15_lag_nchinaPRjja', '20_lag_mhfIP30', '12_lag_20_median_ensoSSTjfm']","[4.217866753515933, 3.6706698691525474, 3.220814652531394, 1.2260141421272586, 5.95553725574387, 7.757668000461617, 0.3453737532395813, 3.0159347915986796, 0.8260810633452209, 5.01954815717899, 0.8088144091457767, 7.572186137913242, 3.6981592896800137, 4.151147274612066, 4.4145520496040564, 4.913664071467436, 5.117347720217014, 2.3004706190549946, 8.3451700589181, 2.7720294331894424, 7.040350730189882, 4.857303072160219, 2.736648193537028, 5.095888972982793, 2.108083487659778, 0.7846316249323237, 3.867171314920899, 0.6502410035863075, 6.007025365669428, 4.639587235945108]","12_lag_19_median_traEU, 13_lag_ormenSSTjfm, 18_lag_glomaSSTjfm, 21_lag_AMOCann, 12_lag_16_median_traWP, 19_lag_scpPSLjfm, 12_lag_19_median_traEC, 17_lag_nchinaPRjja, 13_lag_traDS, 14_lag_glomaSSTjfm, 16_lag_traFS, 12_lag_18_median_traIFC, 12_lag_14_median_glomaSSTjfm, 12_lag_19_median_traDS, 12_lag_18_median_amoSSTmjjaso, 17_lag_nhSICjfm, 12_lag_17_median_yrvPRjja, 16_lag_nhSICsep, 15_lag_cetTSjfm, 12_lag_14_median_mhfATL60, 14_lag_solFORC, 12_lag_16_median_samPSLann, 12_lag_15_median_nppc3SSTjfm, 14_lag_stratZ50ndj01, 12_lag_traIT, 19_lag_ormenSSTjfm, 15_lag_shSICsep, 15_lag_nchinaPRjja, 20_lag_mhfIP30, 12_lag_20_median_ensoSSTjfm_1235_12"
LRforcedPSO,8,30,mhfATL60,shigh,1522.5,2005.5,0.8,23,13,13,30.554058681277127,-0.26328777079517696,1235,"['13_lag_18_median_stratZ50ndj03', '13_lag_16_median_nhSICsep', '19_lag_amo1', '13_lag_18_median_naoPSLjfm', '13_lag_15_median_alpi', '13_lag_15_median_nppc2SSTjfm', '13_lag_21_median_tripol1', '13_lag_20_median_traBS', '15_lag_nchinaPRjja', '19_lag_traDP', '16_lag_cetTSjfm', '13_lag_18_median_traIFC', '13_lag_21_median_traBO', '15_lag_wnorPRjfm', '19_lag_nhTSjfm', '22_lag_traIT', '13_lag_20_median_traDP', '15_lag_eurPSLjfm', '13_lag_19_median_mhfIP30', '21_lag_naoPSLjfm', '22_lag_arcTSjfm', '20_lag_atlSICjfm', '15_lag_alpi', '16_lag_ensoSSTjfm', '18_lag_traDP', '13_lag_yrvPRjja', '13_lag_19_median_labSSTjfm', '13_lag_15_median_atlSICjfm', '19_lag_wnorPRjfm', '13_lag_19_median_yrvPRjja']","[6.675692994031004, 8.729917511479123, 2.301752837783418, 4.950038761563146, 8.008835156851799, 4.620064718043897, 9.20846861587092, 4.16237380444981, 6.433230050111303, 8.373221490219011, 6.915151715677602, 5.139542515451467, 3.773422473810692, 3.0829453058190115, 2.4211468166210253, 2.329666424685888, 6.183349200846429, 3.324508199235982, 6.043795594376147, 3.1051194697451194, 6.7297242250127525, 2.1562596776389817, 1.0910987779349632, 8.46030050242895, 1.673500950554219, 4.33593712783127, 1.7062907096609585, 8.226277351430102, 7.271681440858188, 4.419927269950282]","13_lag_18_median_stratZ50ndj03, 13_lag_16_median_nhSICsep, 19_lag_amo1, 13_lag_18_median_naoPSLjfm, 13_lag_15_median_alpi, 13_lag_15_median_nppc2SSTjfm, 13_lag_21_median_tripol1, 13_lag_20_median_traBS, 15_lag_nchinaPRjja, 19_lag_traDP, 16_lag_cetTSjfm, 13_lag_18_median_traIFC, 13_lag_21_median_traBO, 15_lag_wnorPRjfm, 19_lag_nhTSjfm, 22_lag_traIT, 13_lag_20_median_traDP, 15_lag_eurPSLjfm, 13_lag_19_median_mhfIP30, 21_lag_naoPSLjfm, 22_lag_arcTSjfm, 20_lag_atlSICjfm, 15_lag_alpi, 16_lag_ensoSSTjfm, 18_lag_traDP, 13_lag_yrvPRjja, 13_lag_19_median_labSSTjfm, 13_lag_15_median_atlSICjfm, 19_lag_wnorPRjfm, 13_lag_19_median_yrvPRjja_1235_13"
LRforcedPSO,9,30,mhfATL60,shigh,1523.5,2005.5,0.8,24,14,14,24.060538382758114,-0.23723570855591966,1235,"['14_lag_atlSICjfm', '14_lag_amo2', '14_lag_17_median_glTSjfm', '14_lag_23_median_scpPSLjfm', '14_lag_20_median_amo3', '23_lag_tripol2', '19_lag_traIFC', '21_lag_cetTSjfm', '16_lag_wnorPRjfm', '18_lag_traIT', '14_lag_20_median_naoPSLjfm', '14_lag_18_median_mhfATL60', '14_lag_17_median_ginwSSTjfm', '14_lag_17_median_atlSICsep', '14_lag_21_median_wnorPRjfm', '17_lag_tripol3', '14_lag_eurPSLjfm', '14_lag_19_median_amo2', '14_lag_15_median_satlSSTjfm', '14_lag_21_median_ormenSSTjfm', '14_lag_17_median_stratZ50ndj01', '23_lag_shTSjfm', '20_lag_solFORC', '17_lag_gyreSSTjfm', '19_lag_ismPRjja', '14_lag_23_median_tripol3', '15_lag_traMC', '14_lag_23_median_shSICsep', '14_lag_18_median_solFORC', '14_lag_16_median_ginwSSTjfm']","[2.8966475422249225, 2.6407577305350705, 2.0129424293208213, 0.7692671776730204, 0.4730981722062282, 6.7762606927888225, 2.5697977849936606, 1.2309159370197023, 6.347266846652213, 5.518627019800562, 7.0169537163826625, 8.418632382696693, 4.453048314216219, 3.012365600968641, 9.393719499654463, 2.2617527661389776, 3.3998129864057187, 3.790000300677314, 0.4695890889876946, 3.300929812795278, 3.1911579454657275, 8.693959126921524, 3.0933899327048264, 3.153802161316383, 2.368089332495879, 1.813926734916624, 0.680708479676742, 4.813445535500787, 8.85533586243032, 7.561585488302281]","14_lag_atlSICjfm, 14_lag_amo2, 14_lag_17_median_glTSjfm, 14_lag_23_median_scpPSLjfm, 14_lag_20_median_amo3, 23_lag_tripol2, 19_lag_traIFC, 21_lag_cetTSjfm, 16_lag_wnorPRjfm, 18_lag_traIT, 14_lag_20_median_naoPSLjfm, 14_lag_18_median_mhfATL60, 14_lag_17_median_ginwSSTjfm, 14_lag_17_median_atlSICsep, 14_lag_21_median_wnorPRjfm, 17_lag_tripol3, 14_lag_eurPSLjfm, 14_lag_19_median_amo2, 14_lag_15_median_satlSSTjfm, 14_lag_21_median_ormenSSTjfm, 14_lag_17_median_stratZ50ndj01, 23_lag_shTSjfm, 20_lag_solFORC, 17_lag_gyreSSTjfm, 19_lag_ismPRjja, 14_lag_23_median_tripol3, 15_lag_traMC, 14_lag_23_median_shSICsep, 14_lag_18_median_solFORC, 14_lag_16_median_ginwSSTjfm_1235_14"
LRforcedPSO,10,30,mhfATL60,shigh,1524.5,2005.5,0.8,25,15,15,21.956788978428243,0.21262098493745601,1235,"['15_lag_16_median_solFORC', '16_lag_mhfATL45', '24_lag_gyreSSTjfm', '15_lag_19_median_wnorPRjfm', '18_lag_traIFC', '15_lag_20_median_traFSC', '16_lag_mhfATL60', '23_lag_traDS', '23_lag_traFB', '22_lag_yrvPRjja', '16_lag_samPSLann', '15_lag_17_median_arcTSjfm', '22_lag_amo2', '15_lag_21_median_AMOCann', '17_lag_naoPSLjfm', '15_lag_17_median_ensoSSTjfm', '16_lag_nppc2SSTjfm', '16_lag_eapPSLjfm', '23_lag_stratZ50ndj03', '23_lag_stratZ50ndj04', '16_lag_traCA', '20_lag_traFSC', '20_lag_atlSICsep', '15_lag_16_median_traIFC', '24_lag_stratZ50ndj02', '15_lag_17_median_tripol1', '15_lag_16_median_neurTSjfm', '23_lag_atlSICjfm', '16_lag_amo2', '24_lag_ginwSSTjfm']","[8.13532265393517, 5.158874397366134, 7.3243804120346105, 1.8737870887693546, 2.987856255327566, 0.13170262825560286, 1.8402730265051925, 7.190845849303296, 0.5300697794413711, 4.859695222553091, 3.173000219657953, 1.3361788438433457, 8.838622188261553, 2.4039692055556294, 0.3880215794092319, 0.4195234334715572, 6.5988054552109645, 1.5591884056083032, 0.6079412214762403, 7.648707973988939, 4.582372737849556, 4.36534444047731, 3.9973060091106927, 1.4642662205429513, 0.02867828893758073, 4.04000186116159, 3.1348646445776485, 4.05978719509319, 2.7583231409666293, 1.2569269012206892]","15_lag_16_median_solFORC, 16_lag_mhfATL45, 24_lag_gyreSSTjfm, 15_lag_19_median_wnorPRjfm, 18_lag_traIFC, 15_lag_20_median_traFSC, 16_lag_mhfATL60, 23_lag_traDS, 23_lag_traFB, 22_lag_yrvPRjja, 16_lag_samPSLann, 15_lag_17_median_arcTSjfm, 22_lag_amo2, 15_lag_21_median_AMOCann, 17_lag_naoPSLjfm, 15_lag_17_median_ensoSSTjfm, 16_lag_nppc2SSTjfm, 16_lag_eapPSLjfm, 23_lag_stratZ50ndj03, 23_lag_stratZ50ndj04, 16_lag_traCA, 20_lag_traFSC, 20_lag_atlSICsep, 15_lag_16_median_traIFC, 24_lag_stratZ50ndj02, 15_lag_17_median_tripol1, 15_lag_16_median_neurTSjfm, 23_lag_atlSICjfm, 16_lag_amo2, 24_lag_ginwSSTjfm_1235_15"
LRforcedPSO,11,30,mhfATL60,shigh,1525.5,2005.5,0.8,26,16,16,22.516953614322254,0.21501421582465718,1235,"['20_lag_nhSICjfm', '21_lag_nchinaPRjja', '16_lag_24_median_stratZ50ndj02', '16_lag_17_median_cetTSjfm', '16_lag_22_median_atlSICsep', '24_lag_tripol3', '16_lag_tripol2', '25_lag_nchinaPRjja', '16_lag_20_median_traBS', '16_lag_17_median_stratZ50ndj02', '16_lag_21_median_traDS', '16_lag_pdoSSTjfm', '18_lag_eapPSLjfm', '16_lag_21_median_wnorPRjfm', '24_lag_traDS', '25_lag_mhfATL30', '25_lag_stratZ50ndj01', '18_lag_stratZ50ndj03', '16_lag_17_median_amo2', '16_lag_23_median_tripol1', '18_lag_gyreSSTjfm', '21_lag_tripol3', '16_lag_25_median_stratZ50ndj03', '16_lag_17_median_yrvPRjja', '16_lag_25_median_traMC', '24_lag_solFORC', '21_lag_stratZ50ndj01', '16_lag_22_median_ismPRjja', '16_lag_21_median_traDP', '16_lag_18_median_mhfATL30']","[0.18719616850778564, 9.920725558779765, 1.8419222008818856, 4.868383338675972, 6.638115356049468, 7.916553420562387, 5.196992827426026, 0.39473900047274135, 6.694962850051988, 2.997900918002405, 5.782481160728457, 3.2732472918928712, 1.8293693272822011, 6.203731697436529, 3.0435501626121564, 2.2344280681786834, 7.183315856090491, 5.915902191848154, 3.522878527784612, 9.610205093865552, 1.469191992692, 2.251193658627841, 0.6155957250416364, 2.2032839093647674, 0.6914743405314088, 1.4187091908462772, 3.536233019885792, 4.82388527235565, 3.9515837754693273, 1.3445195076462806]","20_lag_nhSICjfm, 21_lag_nchinaPRjja, 16_lag_24_median_stratZ50ndj02, 16_lag_17_median_cetTSjfm, 16_lag_22_median_atlSICsep, 24_lag_tripol3, 16_lag_tripol2, 25_lag_nchinaPRjja, 16_lag_20_median_traBS, 16_lag_17_median_stratZ50ndj02, 16_lag_21_median_traDS, 16_lag_pdoSSTjfm, 18_lag_eapPSLjfm, 16_lag_21_median_wnorPRjfm, 24_lag_traDS, 25_lag_mhfATL30, 25_lag_stratZ50ndj01, 18_lag_stratZ50ndj03, 16_lag_17_median_amo2, 16_lag_23_median_tripol1, 18_lag_gyreSSTjfm, 21_lag_tripol3, 16_lag_25_median_stratZ50ndj03, 16_lag_17_median_yrvPRjja, 16_lag_25_median_traMC, 24_lag_solFORC, 21_lag_stratZ50ndj01, 16_lag_22_median_ismPRjja, 16_lag_21_median_traDP, 16_lag_18_median_mhfATL30_1235_16"
LRforcedPSO,12,30,mhfATL60,shigh,1526.5,2005.5,0.8,27,17,17,20.139877979924073,0.33812483433445045,1235,"['22_lag_yrvPRjja', '17_lag_24_median_ormenSSTjfm', '25_lag_stratZ50ndj04', '17_lag_25_median_nhTSjfm', '23_lag_ginwSSTjfm', '17_lag_24_median_traBO', '17_lag_24_median_traMC', '22_lag_mhfATL45', '17_lag_20_median_atlSICsep', '17_lag_26_median_traBS', '17_lag_20_median_stratZ50ndj04', '18_lag_seurTSjfm', '22_lag_shSICmar', '17_lag_amo3', '18_lag_amoSSTmjjaso', '23_lag_pdoSSTjfm', '23_lag_glomaSSTjfm', '17_lag_18_median_traWP', '17_lag_20_median_shSICsep', '22_lag_amo3', '26_lag_traTLS', '26_lag_shTSjfm', '17_lag_26_median_stratZ50ndj01', '17_lag_23_median_labSSTjfm', '17_lag_18_median_AMOCann', '19_lag_eurPSLjfm', '17_lag_22_median_nhTSjfm', '17_lag_21_median_glomaSSTjfm', '26_lag_mhfIP30', '26_lag_amo2']","[6.626768651302529, 2.9543462715965223, 5.158687240939814, 6.533162074748638, 5.4625608265307015, 4.133040068059092, 5.057438811279466, 4.070657824432484, 1.9974324005158035, 7.775719410456851, 2.421662493646708, 5.504885363239036, 2.2931653492086888, 0.4987012440733345, 9.540661123204824, 2.568575785289225, 8.17896751753434, 1.27764942297871, 3.2135467957198998, 0.9344213971451154, 0.3868146943059614, 2.67114477031779, 2.420526826524978, 6.23909652700164, 1.1766937198155105, 2.3819411620944724, 1.9092162783907511, 1.503594914057686, 0.40927989511087937, 2.4693089987128776]","22_lag_yrvPRjja, 17_lag_24_median_ormenSSTjfm, 25_lag_stratZ50ndj04, 17_lag_25_median_nhTSjfm, 23_lag_ginwSSTjfm, 17_lag_24_median_traBO, 17_lag_24_median_traMC, 22_lag_mhfATL45, 17_lag_20_median_atlSICsep, 17_lag_26_median_traBS, 17_lag_20_median_stratZ50ndj04, 18_lag_seurTSjfm, 22_lag_shSICmar, 17_lag_amo3, 18_lag_amoSSTmjjaso, 23_lag_pdoSSTjfm, 23_lag_glomaSSTjfm, 17_lag_18_median_traWP, 17_lag_20_median_shSICsep, 22_lag_amo3, 26_lag_traTLS, 26_lag_shTSjfm, 17_lag_26_median_stratZ50ndj01, 17_lag_23_median_labSSTjfm, 17_lag_18_median_AMOCann, 19_lag_eurPSLjfm, 17_lag_22_median_nhTSjfm, 17_lag_21_median_glomaSSTjfm, 26_lag_mhfIP30, 26_lag_amo2_1235_17"
LRforcedPSO,13,30,mhfATL60,shigh,1527.5,2005.5,0.8,28,18,18,22.27534800387509,-0.01537928944860519,1235,"['24_lag_alpi', '22_lag_traFB', '23_lag_traIT', '19_lag_AMOCann', '18_lag_27_median_arcTSjfm', '18_lag_19_median_glTSjfm', '22_lag_tripol2', '18_lag_27_median_tripol1', '25_lag_stratZ50ndj01', '20_lag_nppc2SSTjfm', '23_lag_nppc3SSTjfm', '20_lag_eapPSLjfm', '18_lag_24_median_cetTSjfm', '20_lag_cetTSjfm', '21_lag_traIT', '18_lag_19_median_naoPSLjfm', '18_lag_24_median_arcTSjfm', '18_lag_22_median_yrvPRjja', '18_lag_25_median_traFS', '19_lag_arcTSjfm', '18_lag_19_median_wnorPRjfm', '18_lag_stratZ50ndj03', '26_lag_traEC', '18_lag_25_median_samPSLann', '18_lag_19_median_mhfATL45', '18_lag_24_median_tripol2', '18_lag_traBO', '18_lag_23_median_neurTSjfm', '18_lag_22_median_traCA', '18_lag_23_median_eapPSLjfm']","[3.5713300866493825, 4.187033292784939, 1.4856036758161206, 3.105512512105406, 5.907001226117018, 0.9572496986491625, 5.189401892325627, 4.360565515773672, 3.3822075351335545, 0.08517008576926699, 0.4740194867396159, 0.05876660627428798, 7.517335569155216, 5.03047778169559, 2.7872444519364876, 2.365245258470175, 5.343733958198258, 0.16119548470964418, 6.135124223999256, 2.815495225033928, 1.3207120566797315, 0.22819256288955714, 3.1365423499359686, 2.87128652093066, 7.059658204423207, 3.09949119540218, 6.91714556664272, 6.376282773949097, 5.033609271806718, 9.14065562067917]","24_lag_alpi, 22_lag_traFB, 23_lag_traIT, 19_lag_AMOCann, 18_lag_27_median_arcTSjfm, 18_lag_19_median_glTSjfm, 22_lag_tripol2, 18_lag_27_median_tripol1, 25_lag_stratZ50ndj01, 20_lag_nppc2SSTjfm, 23_lag_nppc3SSTjfm, 20_lag_eapPSLjfm, 18_lag_24_median_cetTSjfm, 20_lag_cetTSjfm, 21_lag_traIT, 18_lag_19_median_naoPSLjfm, 18_lag_24_median_arcTSjfm, 18_lag_22_median_yrvPRjja, 18_lag_25_median_traFS, 19_lag_arcTSjfm, 18_lag_19_median_wnorPRjfm, 18_lag_stratZ50ndj03, 26_lag_traEC, 18_lag_25_median_samPSLann, 18_lag_19_median_mhfATL45, 18_lag_24_median_tripol2, 18_lag_traBO, 18_lag_23_median_neurTSjfm, 18_lag_22_median_traCA, 18_lag_23_median_eapPSLjfm_1235_18"
LRforcedPSO,14,30,mhfATL60,shigh,1528.5,2005.5,0.8,29,19,19,20.974020157629237,0.32857607200361905,1235,"['19_lag_24_median_amo2', '25_lag_shSICsep', '19_lag_eurPSLjfm', '19_lag_22_median_atlSICsep', '22_lag_stratZ50ndj02', '19_lag_stratZ50ndj01', '24_lag_traCA', '19_lag_27_median_traIFC', '19_lag_23_median_nhTSjfm', '28_lag_eurPSLjfm', '19_lag_24_median_amo1', '19_lag_28_median_nhTSjfm', '19_lag_22_median_stratZ50ndj03', '25_lag_stratZ50ndj03', '21_lag_samPSLann', '24_lag_traEC', '19_lag_24_median_atlSICjfm', '19_lag_28_median_ismPRjja', '19_lag_22_median_seurTSjfm', '22_lag_traFSC', '27_lag_traCA', '23_lag_traFB', '19_lag_21_median_amo3', '19_lag_23_median_nppc3SSTjfm', '26_lag_wnorPRjfm', '22_lag_traMC', '19_lag_25_median_eurPSLjfm', '25_lag_ginwSSTjfm', '19_lag_23_median_nhSICjfm', '23_lag_shSICsep']","[8.859769772783979, 4.065347214566735, 1.672180204687713, 4.644645180923547, 0.3409428559554364, 1.5559996564831735, 2.746181617153045, 5.497010903019104, 1.2707065896668457, 8.862158919278837, 0.12558639495721025, 4.232153186816586, 2.346469442163162, 0.17095042143031947, 3.845921531288738, 3.07827428379575, 4.375334160755575, 0.9783459049405252, 3.2699866145209295, 2.723566596884597, 1.5399074623600502, 4.413199503663389, 5.465265860839608, 9.285944826264263, 3.7305866092303948, 4.075711809847075, 5.625297768842195, 5.419153774455745, 1.0627813063027443, 5.4269523787024765]","19_lag_24_median_amo2, 25_lag_shSICsep, 19_lag_eurPSLjfm, 19_lag_22_median_atlSICsep, 22_lag_stratZ50ndj02, 19_lag_stratZ50ndj01, 24_lag_traCA, 19_lag_27_median_traIFC, 19_lag_23_median_nhTSjfm, 28_lag_eurPSLjfm, 19_lag_24_median_amo1, 19_lag_28_median_nhTSjfm, 19_lag_22_median_stratZ50ndj03, 25_lag_stratZ50ndj03, 21_lag_samPSLann, 24_lag_traEC, 19_lag_24_median_atlSICjfm, 19_lag_28_median_ismPRjja, 19_lag_22_median_seurTSjfm, 22_lag_traFSC, 27_lag_traCA, 23_lag_traFB, 19_lag_21_median_amo3, 19_lag_23_median_nppc3SSTjfm, 26_lag_wnorPRjfm, 22_lag_traMC, 19_lag_25_median_eurPSLjfm, 25_lag_ginwSSTjfm, 19_lag_23_median_nhSICjfm, 23_lag_shSICsep_1235_19"
LRforcedPSO,15,30,mhfATL60,shigh,1529.5,2005.5,0.8,30,20,20,20.987955065050336,0.05129842015747165,1235,"['20_lag_25_median_amo1', '25_lag_nchinaPRjja', '20_lag_29_median_amo1', '20_lag_28_median_traBO', '20_lag_29_median_stratZ50ndj01', '22_lag_nhSICsep', '20_lag_AMOCann', '20_lag_26_median_neurTSjfm', '21_lag_eapPSLjfm', '27_lag_mhfATL45', '20_lag_28_median_traIT', '26_lag_eapPSLjfm', '24_lag_traBO', '29_lag_gyreSSTjfm', '20_lag_24_median_arcTSjfm', '20_lag_23_median_nppc2SSTjfm', '20_lag_28_median_traIFC', '20_lag_22_median_wnorPRjfm', '26_lag_traDP', '25_lag_traIT', '20_lag_25_median_mhfIP30', '20_lag_25_median_stratZ50ndj01', '20_lag_26_median_nhSICsep', '24_lag_naoPSLjfm', '20_lag_29_median_mhfATL60', '20_lag_22_median_cetTSjfm', '20_lag_29_median_neurTSjfm', '20_lag_23_median_yrvPRjja', '24_lag_wnorPRjfm', '24_lag_AMOCann']","[1.365581658170555, 2.4502940054988764, 2.5948494921965874, 4.457093994023764, 7.213991929243577, 5.392522669616151, 1.008433040856744, 2.640561357549231, 7.302597344573968, 5.819233416271455, 0.12983883440614008, 6.349435919464801, 7.243756201668287, 4.057499514401108, 2.314956038732423, 0.21335619458409028, 7.109545974906375, 0.38578494590906587, 1.1784857133816296, 0.18989881544162657, 0.8509706745483712, 8.709741503996216, 3.411658699252447, 9.82210770149182, 5.022850038858397, 3.958912330352204, 2.1948935278116988, 6.03703555415672, 8.094679420010827, 2.6841489573112263]","20_lag_25_median_amo1, 25_lag_nchinaPRjja, 20_lag_29_median_amo1, 20_lag_28_median_traBO, 20_lag_29_median_stratZ50ndj01, 22_lag_nhSICsep, 20_lag_AMOCann, 20_lag_26_median_neurTSjfm, 21_lag_eapPSLjfm, 27_lag_mhfATL45, 20_lag_28_median_traIT, 26_lag_eapPSLjfm, 24_lag_traBO, 29_lag_gyreSSTjfm, 20_lag_24_median_arcTSjfm, 20_lag_23_median_nppc2SSTjfm, 20_lag_28_median_traIFC, 20_lag_22_median_wnorPRjfm, 26_lag_traDP, 25_lag_traIT, 20_lag_25_median_mhfIP30, 20_lag_25_median_stratZ50ndj01, 20_lag_26_median_nhSICsep, 24_lag_naoPSLjfm, 20_lag_29_median_mhfATL60, 20_lag_22_median_cetTSjfm, 20_lag_29_median_neurTSjfm, 20_lag_23_median_yrvPRjja, 24_lag_wnorPRjfm, 24_lag_AMOCann_1235_20"
LRforcedPSO,16,30,mhfATL60,shigh,1530.5,2005.5,0.8,31,21,21,28.80731820073447,-0.1479791913627654,1235,"['21_lag_27_median_amo3', '21_lag_25_median_yrvPRjja', '23_lag_stratZ50ndj02', '22_lag_tripol3', '21_lag_traDP', '21_lag_traFSC', '22_lag_shTSjfm', '21_lag_29_median_tripol3', '21_lag_22_median_shSICmar', '21_lag_23_median_tripol1', '26_lag_yrvPRjja', '21_lag_scpPSLjfm', '28_lag_shSICmar', '21_lag_23_median_traDP', '21_lag_22_median_traFB', '21_lag_25_median_amoSSTmjjaso', '30_lag_alpi', '25_lag_tripol3', '24_lag_atlSICjfm', '21_lag_22_median_nchinaPRjja', '26_lag_traBS', '30_lag_tripol3', '21_lag_30_median_labSSTjfm', '21_lag_22_median_tripol2', '30_lag_ginwSSTjfm', '21_lag_28_median_amoSSTmjjaso', '21_lag_30_median_traIFC', '21_lag_22_median_amoSSTmjjaso', '24_lag_stratZ50ndj04', '21_lag_22_median_traDS']","[2.201947504515733, 2.884973147853966, 4.579917694655048, 7.257746903770393, 5.919995249725789, 3.582270021345229, 7.205542833830691, 0.5801670666629271, 7.555173969235597, 6.871771567695754, 2.5116803062082145, 0.04058780013102137, 5.207986093038706, 6.686121063478364, 3.405775320254161, 5.7970522594338085, 0.11268463628021408, 3.576299484804366, 5.529743299096431, 4.2174326234342345, 6.1396942683059805, 5.941207718782488, 6.0248642032257615, 0.9729310347294611, 2.1714524655028145, 2.278454124608091, 4.716714422192416, 6.220541159123856, 5.019309098880589, 4.512723088529496]","21_lag_27_median_amo3, 21_lag_25_median_yrvPRjja, 23_lag_stratZ50ndj02, 22_lag_tripol3, 21_lag_traDP, 21_lag_traFSC, 22_lag_shTSjfm, 21_lag_29_median_tripol3, 21_lag_22_median_shSICmar, 21_lag_23_median_tripol1, 26_lag_yrvPRjja, 21_lag_scpPSLjfm, 28_lag_shSICmar, 21_lag_23_median_traDP, 21_lag_22_median_traFB, 21_lag_25_median_amoSSTmjjaso, 30_lag_alpi, 25_lag_tripol3, 24_lag_atlSICjfm, 21_lag_22_median_nchinaPRjja, 26_lag_traBS, 30_lag_tripol3, 21_lag_30_median_labSSTjfm, 21_lag_22_median_tripol2, 30_lag_ginwSSTjfm, 21_lag_28_median_amoSSTmjjaso, 21_lag_30_median_traIFC, 21_lag_22_median_amoSSTmjjaso, 24_lag_stratZ50ndj04, 21_lag_22_median_traDS_1235_21"
LRforcedPSO,17,30,mhfATL60,shigh,1531.5,2005.5,0.8,32,22,22,30.510695005322717,-0.1865341989373495,1235,"['22_lag_26_median_naoPSLjfm', '29_lag_mhfIP30', '22_lag_AMOCann', '22_lag_31_median_naoPSLjfm', '29_lag_shTSjfm', '22_lag_25_median_nhSICsep', '22_lag_24_median_traWP', '26_lag_tripol1', '22_lag_26_median_traBS', '30_lag_samPSLann', '22_lag_26_median_neurTSjfm', '22_lag_31_median_gyreSSTjfm', '22_lag_24_median_traIFC', '28_lag_tripol1', '22_lag_25_median_cetTSjfm', '31_lag_traFSC', '22_lag_traMC', '22_lag_31_median_arcTSjfm', '25_lag_tripol2', '22_lag_pdoSSTjfm', '31_lag_traDP', '24_lag_shSICmar', '22_lag_31_median_tripol3', '22_lag_27_median_mhfATL30', '31_lag_traFB', '27_lag_arcTSjfm', '22_lag_25_median_traDP', '27_lag_AMOCann', '22_lag_25_median_mhfATL45', '22_lag_eurPSLjfm']","[4.755573770243322, 7.3500830813527, 3.4496588757373097, 2.787903079574674, 2.03246902763794, 4.400623614854393, 2.1378319302755084, 0.9876960070364245, 1.859672136640123, 0.9127630462439313, 7.812927534932442, 4.9898043130683, 3.5657732274822678, 2.0788854889350716, 3.7130286620648825, 9.3293526885681, 2.993551137615393, 4.752144479663121, 9.183076187326694, 1.040861359873773, 1.798634513702087, 8.630273387119619, 1.43598323033949, 4.507331313405965, 1.4199022641198482, 1.5819803971546538, 8.444856247592291, 2.378973891725151, 7.820168470378128, 5.032895321191133]","22_lag_26_median_naoPSLjfm, 29_lag_mhfIP30, 22_lag_AMOCann, 22_lag_31_median_naoPSLjfm, 29_lag_shTSjfm, 22_lag_25_median_nhSICsep, 22_lag_24_median_traWP, 26_lag_tripol1, 22_lag_26_median_traBS, 30_lag_samPSLann, 22_lag_26_median_neurTSjfm, 22_lag_31_median_gyreSSTjfm, 22_lag_24_median_traIFC, 28_lag_tripol1, 22_lag_25_median_cetTSjfm, 31_lag_traFSC, 22_lag_traMC, 22_lag_31_median_arcTSjfm, 25_lag_tripol2, 22_lag_pdoSSTjfm, 31_lag_traDP, 24_lag_shSICmar, 22_lag_31_median_tripol3, 22_lag_27_median_mhfATL30, 31_lag_traFB, 27_lag_arcTSjfm, 22_lag_25_median_traDP, 27_lag_AMOCann, 22_lag_25_median_mhfATL45, 22_lag_eurPSLjfm_1235_22"
LRforcedPSO,18,30,mhfATL60,shigh,1532.5,2005.5,0.8,33,23,23,31.11683375880437,-0.1656959721146616,1235,"['23_lag_26_median_ismPRjja', '32_lag_mhfIP30', '25_lag_neurTSjfm', '23_lag_31_median_atlSICjfm', '23_lag_27_median_arcTSjfm', '23_lag_26_median_amo3', '29_lag_traFS', '25_lag_traBS', '23_lag_25_median_atlSICsep', '25_lag_nppc3SSTjfm', '23_lag_31_median_arcTSjfm', '30_lag_traIFC', '23_lag_27_median_nppc2SSTjfm', '26_lag_tripol3', '23_lag_atlSICjfm', '31_lag_neurTSjfm', '23_lag_32_median_nchinaPRjja', '23_lag_27_median_amo2', '23_lag_24_median_mhfATL30', '23_lag_32_median_traDS', '23_lag_25_median_traWP', '23_lag_32_median_ensoSSTjfm', '27_lag_amoSSTmjjaso', '23_lag_30_median_ensoSSTjfm', '23_lag_32_median_ismPRjja', '23_lag_29_median_nppc2SSTjfm', '24_lag_pdoSSTjfm', '32_lag_nppc2SSTjfm', '26_lag_tripol1', '30_lag_stratZ50ndj04']","[1.4575208658056464, 1.115450704305264, 3.4877303710682384, 5.179449491898406, 2.865564093977131, 8.618278523209675, 3.637100836594948, 1.0572841289972708, 0.14471901268256815, 1.8281170754720257, 6.848475351344906, 7.1518140055431, 0.6152759073666907, 6.688366753467243, 8.807821342598693, 8.942543271022247, 3.158631986333214, 2.183522540480234, 1.6526006440929724, 1.8897880927469917, 4.411588635670778, 9.56949217486423, 2.546448840294124, 3.91208055067138, 2.310605070244436, 7.8466724079944825, 3.739290859059226, 1.6965319529226761, 4.371372613453744, 0.4749266556784306]","23_lag_26_median_ismPRjja, 32_lag_mhfIP30, 25_lag_neurTSjfm, 23_lag_31_median_atlSICjfm, 23_lag_27_median_arcTSjfm, 23_lag_26_median_amo3, 29_lag_traFS, 25_lag_traBS, 23_lag_25_median_atlSICsep, 25_lag_nppc3SSTjfm, 23_lag_31_median_arcTSjfm, 30_lag_traIFC, 23_lag_27_median_nppc2SSTjfm, 26_lag_tripol3, 23_lag_atlSICjfm, 31_lag_neurTSjfm, 23_lag_32_median_nchinaPRjja, 23_lag_27_median_amo2, 23_lag_24_median_mhfATL30, 23_lag_32_median_traDS, 23_lag_25_median_traWP, 23_lag_32_median_ensoSSTjfm, 27_lag_amoSSTmjjaso, 23_lag_30_median_ensoSSTjfm, 23_lag_32_median_ismPRjja, 23_lag_29_median_nppc2SSTjfm, 24_lag_pdoSSTjfm, 32_lag_nppc2SSTjfm, 26_lag_tripol1, 30_lag_stratZ50ndj04_1235_23"
LRforcedPSO,19,30,mhfATL60,shigh,1533.5,2005.5,0.8,34,24,24,24.179616687393693,-0.1156739596690281,1235,"['28_lag_seurTSjfm', '25_lag_stratZ50ndj01', '33_lag_glTSjfm', '24_lag_30_median_traFB', '24_lag_26_median_amo2', '24_lag_33_median_nchinaPRjja', '24_lag_32_median_mhfATL45', '28_lag_mhfATL45', '24_lag_31_median_traFS', '25_lag_atlSICsep', '24_lag_32_median_nppc3SSTjfm', '24_lag_28_median_traBO', '32_lag_shSICsep', '24_lag_33_median_traIFC', '29_lag_ismPRjja', '24_lag_27_median_AMOCann', '24_lag_27_median_traBS', '24_lag_33_median_traCA', '25_lag_traEC', '24_lag_27_median_mhfATL60', '33_lag_eurPSLjfm', '27_lag_stratZ50ndj03', '24_lag_wnorPRjfm', '24_lag_traBS', '24_lag_27_median_seurTSjfm', '32_lag_samPSLann', '33_lag_traCA', '24_lag_26_median_eapPSLjfm', '27_lag_glomaSSTjfm', '24_lag_29_median_yrvPRjja']","[5.712816024342072, 1.0672875119450271, 1.8567431077016252, 0.05965990419353595, 0.43076934077391016, 2.946184804509433, 6.55417126833898, 2.8133984341979463, 8.288541772774401, 7.275174369876545, 4.890591147835224, 8.338296633185063, 5.557143458110028, 1.9082783940488, 5.756534856171498, 8.275697792242687, 2.5359540171629735, 3.4732439245766216, 2.849954137784623, 5.076231888589198, 1.9362078027567353, 5.813731733728105, 1.944787106158742, 0.7497128468020993, 2.6169660042523386, 8.347881997942032, 9.04915482727278, 1.8442978472085603, 4.52775379426175, 0.6428144079015929]","28_lag_seurTSjfm, 25_lag_stratZ50ndj01, 33_lag_glTSjfm, 24_lag_30_median_traFB, 24_lag_26_median_amo2, 24_lag_33_median_nchinaPRjja, 24_lag_32_median_mhfATL45, 28_lag_mhfATL45, 24_lag_31_median_traFS, 25_lag_atlSICsep, 24_lag_32_median_nppc3SSTjfm, 24_lag_28_median_traBO, 32_lag_shSICsep, 24_lag_33_median_traIFC, 29_lag_ismPRjja, 24_lag_27_median_AMOCann, 24_lag_27_median_traBS, 24_lag_33_median_traCA, 25_lag_traEC, 24_lag_27_median_mhfATL60, 33_lag_eurPSLjfm, 27_lag_stratZ50ndj03, 24_lag_wnorPRjfm, 24_lag_traBS, 24_lag_27_median_seurTSjfm, 32_lag_samPSLann, 33_lag_traCA, 24_lag_26_median_eapPSLjfm, 27_lag_glomaSSTjfm, 24_lag_29_median_yrvPRjja_1235_24"
LRforcedPSO,20,30,mhfATL60,shigh,1534.5,2005.5,0.8,35,25,25,30.322323638256687,-0.20112418690653522,1235,"['25_lag_32_median_stratZ50ndj04', '29_lag_atlSICjfm', '32_lag_traEC', '25_lag_33_median_stratZ50ndj03', '25_lag_27_median_nhSICsep', '25_lag_eurPSLjfm', '33_lag_glomaSSTjfm', '27_lag_amoSSTmjjaso', '25_lag_26_median_traDS', '32_lag_atlSICjfm', '27_lag_nppc3SSTjfm', '25_lag_27_median_yrvPRjja', '27_lag_mhfIP30', '34_lag_shSICsep', '25_lag_28_median_eapPSLjfm', '25_lag_30_median_mhfIP30', '34_lag_alpi', '31_lag_yrvPRjja', '31_lag_tripol1', '25_lag_33_median_ginwSSTjfm', '26_lag_traBS', '33_lag_traDS', '25_lag_nppc2SSTjfm', '34_lag_traCA', '25_lag_28_median_tripol2', '25_lag_30_median_amo2', '29_lag_mhfATL30', '33_lag_AMOCann', '25_lag_31_median_traFS', '26_lag_satlSSTjfm']","[6.428085318438206, 2.6640634919252726, 6.064387989339601, 7.2025501686672015, 2.3544547328704057, 1.2591501541586059, 5.402933377423064, 9.531726047468382, 4.585129193656092, 6.630459107966821, 5.082551501414021, 3.3921063469908503, 6.56856191180176, 1.573766171664154, 1.0730464834886977, 3.508321984353806, 2.04049094701616, 6.046801027231158, 5.529374324685763, 6.966013101187219, 9.947940787083123, 7.612292597207617, 4.4279923015612095, 0.3821722972056669, 3.3108552142939622, 9.146848599219307, 7.977573808323349, 1.987089889821334, 8.596382636029599, 6.780231175294986]","25_lag_32_median_stratZ50ndj04, 29_lag_atlSICjfm, 32_lag_traEC, 25_lag_33_median_stratZ50ndj03, 25_lag_27_median_nhSICsep, 25_lag_eurPSLjfm, 33_lag_glomaSSTjfm, 27_lag_amoSSTmjjaso, 25_lag_26_median_traDS, 32_lag_atlSICjfm, 27_lag_nppc3SSTjfm, 25_lag_27_median_yrvPRjja, 27_lag_mhfIP30, 34_lag_shSICsep, 25_lag_28_median_eapPSLjfm, 25_lag_30_median_mhfIP30, 34_lag_alpi, 31_lag_yrvPRjja, 31_lag_tripol1, 25_lag_33_median_ginwSSTjfm, 26_lag_traBS, 33_lag_traDS, 25_lag_nppc2SSTjfm, 34_lag_traCA, 25_lag_28_median_tripol2, 25_lag_30_median_amo2, 29_lag_mhfATL30, 33_lag_AMOCann, 25_lag_31_median_traFS, 26_lag_satlSSTjfm_1235_25"
LRforcedPSO,21,30,mhfATL60,shigh,1535.5,2005.5,0.8,36,26,26,23.330147064217094,0.2360923566757384,1235,"['32_lag_nhSICsep', '32_lag_amoSSTmjjaso', '26_lag_35_median_ensoSSTjfm', '30_lag_ensoSSTjfm', '26_lag_29_median_traWP', '26_lag_31_median_labSSTjfm', '26_lag_27_median_glomaSSTjfm', '26_lag_30_median_glTSjfm', '31_lag_traIFC', '26_lag_31_median_traFSC', '28_lag_labSSTjfm', '26_lag_30_median_mhfATL45', '26_lag_31_median_eurPSLjfm', '28_lag_scpPSLjfm', '26_lag_28_median_traTLS', '26_lag_32_median_traFB', '29_lag_alpi', '26_lag_34_median_gyreSSTjfm', '26_lag_29_median_traFB', '26_lag_traDP', '27_lag_ensoSSTjfm', '35_lag_atlSICsep', '30_lag_traDP', '26_lag_30_median_traBO', '28_lag_ginwSSTjfm', '31_lag_traEU', '26_lag_31_median_traMC', '26_lag_traFSC', '35_lag_AMOCann', '35_lag_traCA']","[1.9346900986666675, 0.37011960913956266, 4.263286663423232, 3.180262134084626, 1.366031612431879, 8.148230922109557, 3.6613519154086394, 3.4288446848102927, 7.421905596840999, 1.9151720518524442, 3.0784731174231617, 3.407067165307339, 8.136722595180217, 7.834411887876659, 5.6036505507605305, 2.1845577052081726, 1.0449363669682032, 6.809611844716347, 6.921743376225823, 2.843524405939892, 2.2500992621768106, 6.429307759839748, 5.247723218621562, 1.4921485516087163, 1.1320979695906779, 8.478973889679754, 0.08955088883436169, 9.976896233188882, 5.120162197472274, 7.845569552308763]","32_lag_nhSICsep, 32_lag_amoSSTmjjaso, 26_lag_35_median_ensoSSTjfm, 30_lag_ensoSSTjfm, 26_lag_29_median_traWP, 26_lag_31_median_labSSTjfm, 26_lag_27_median_glomaSSTjfm, 26_lag_30_median_glTSjfm, 31_lag_traIFC, 26_lag_31_median_traFSC, 28_lag_labSSTjfm, 26_lag_30_median_mhfATL45, 26_lag_31_median_eurPSLjfm, 28_lag_scpPSLjfm, 26_lag_28_median_traTLS, 26_lag_32_median_traFB, 29_lag_alpi, 26_lag_34_median_gyreSSTjfm, 26_lag_29_median_traFB, 26_lag_traDP, 27_lag_ensoSSTjfm, 35_lag_atlSICsep, 30_lag_traDP, 26_lag_30_median_traBO, 28_lag_ginwSSTjfm, 31_lag_traEU, 26_lag_31_median_traMC, 26_lag_traFSC, 35_lag_AMOCann, 35_lag_traCA_1235_26"
LRforcedPSO,22,30,mhfATL60,shigh,1536.5,2005.5,0.8,37,27,27,25.065826019978026,-0.053441175020827306,1235,"['34_lag_gyreSSTjfm', '27_lag_30_median_amo2', '36_lag_amo2', '27_lag_32_median_alpi', '27_lag_29_median_ismPRjja', '27_lag_32_median_labSSTjfm', '28_lag_solFORC', '27_lag_29_median_shSICmar', '27_lag_35_median_mhfATL30', '27_lag_28_median_traBS', '29_lag_gyreSSTjfm', '33_lag_traIT', '27_lag_31_median_ensoSSTjfm', '29_lag_amo2', '27_lag_traBO', '27_lag_28_median_traDS', '32_lag_traIFC', '27_lag_35_median_atlSICsep', '27_lag_36_median_satlSSTjfm', '27_lag_34_median_mhfATL45', '27_lag_36_median_nhSICsep', '27_lag_30_median_traTLS', '33_lag_stratZ50ndj03', '31_lag_amo1', '27_lag_33_median_nhSICjfm', '29_lag_tripol2', '27_lag_28_median_ismPRjja', '32_lag_nppc2SSTjfm', '34_lag_alpi', '27_lag_33_median_eapPSLjfm']","[9.468600034340259, 8.579644048463745, 3.5537226964174256, 2.2938522342936167, 8.00413342283586, 6.015472150622239, 1.6382116583756616, 3.123476421391917, 0.24493822917248842, 0.5702249053874269, 5.653791186023827, 3.2464824196553916, 3.7366313488796514, 2.8720418153467726, 1.6003805754507727, 3.3678925334567147, 5.304430681162355, 4.877694970809787, 1.1914867726940024, 5.091306734592646, 1.0712688366776355, 1.527230239029798, 3.2710342388403184, 9.111181429365127, 8.850999549375494, 7.442138197198185, 3.0271571939248645, 2.3687888527851797, 7.267434373810515, 4.221011733367961]","34_lag_gyreSSTjfm, 27_lag_30_median_amo2, 36_lag_amo2, 27_lag_32_median_alpi, 27_lag_29_median_ismPRjja, 27_lag_32_median_labSSTjfm, 28_lag_solFORC, 27_lag_29_median_shSICmar, 27_lag_35_median_mhfATL30, 27_lag_28_median_traBS, 29_lag_gyreSSTjfm, 33_lag_traIT, 27_lag_31_median_ensoSSTjfm, 29_lag_amo2, 27_lag_traBO, 27_lag_28_median_traDS, 32_lag_traIFC, 27_lag_35_median_atlSICsep, 27_lag_36_median_satlSSTjfm, 27_lag_34_median_mhfATL45, 27_lag_36_median_nhSICsep, 27_lag_30_median_traTLS, 33_lag_stratZ50ndj03, 31_lag_amo1, 27_lag_33_median_nhSICjfm, 29_lag_tripol2, 27_lag_28_median_ismPRjja, 32_lag_nppc2SSTjfm, 34_lag_alpi, 27_lag_33_median_eapPSLjfm_1235_27"
LRforcedPSO,23,30,mhfATL60,shigh,1537.5,2005.5,0.8,38,28,28,20.3850159553254,0.08540029355940987,1235,"['35_lag_stratZ50ndj03', '34_lag_atlSICsep', '32_lag_wnorPRjfm', '37_lag_glomaSSTjfm', '28_lag_32_median_tripol1', '28_lag_30_median_cetTSjfm', '37_lag_nhSICjfm', '28_lag_30_median_seurTSjfm', '28_lag_30_median_traTLS', '28_lag_34_median_gyreSSTjfm', '28_lag_34_median_stratZ50ndj02', '28_lag_29_median_shTSjfm', '28_lag_30_median_arcTSjfm', '28_lag_35_median_stratZ50ndj03', '33_lag_traIT', '28_lag_34_median_traTLS', '28_lag_34_median_atlSICjfm', '29_lag_mhfATL30', '28_lag_32_median_scpPSLjfm', '28_lag_32_median_nppc3SSTjfm', '28_lag_29_median_mhfATL45', '36_lag_amo1', '28_lag_31_median_shSICmar', '28_lag_36_median_pdoSSTjfm', '28_lag_nppc3SSTjfm', '28_lag_ensoSSTjfm', '34_lag_gyreSSTjfm', '30_lag_shTSjfm', '28_lag_30_median_glTSjfm', '28_lag_32_median_traWP']","[2.0604974744877165, 2.4929963728128897, 0.10424578229999248, 0.07798076297365597, 4.247212203477957, 0.46070915623492326, 4.296689905858737, 3.751261190419079, 8.37200824109972, 9.187928258566584, 7.088457286312828, 7.399909752628508, 4.37013327157924, 4.22528517535657, 5.02625734747321, 9.393091546216024, 1.7814608219632415, 7.503853315926484, 1.5280912362203338, 0.3927355242213757, 4.573956667206872, 0.32899012029227137, 0.8714846474020082, 0.9782877663782976, 2.5455190924683, 5.1114320501177986, 0.9745580564896414, 3.624640102858013, 8.180325035561708, 0.7655706372146565]","35_lag_stratZ50ndj03, 34_lag_atlSICsep, 32_lag_wnorPRjfm, 37_lag_glomaSSTjfm, 28_lag_32_median_tripol1, 28_lag_30_median_cetTSjfm, 37_lag_nhSICjfm, 28_lag_30_median_seurTSjfm, 28_lag_30_median_traTLS, 28_lag_34_median_gyreSSTjfm, 28_lag_34_median_stratZ50ndj02, 28_lag_29_median_shTSjfm, 28_lag_30_median_arcTSjfm, 28_lag_35_median_stratZ50ndj03, 33_lag_traIT, 28_lag_34_median_traTLS, 28_lag_34_median_atlSICjfm, 29_lag_mhfATL30, 28_lag_32_median_scpPSLjfm, 28_lag_32_median_nppc3SSTjfm, 28_lag_29_median_mhfATL45, 36_lag_amo1, 28_lag_31_median_shSICmar, 28_lag_36_median_pdoSSTjfm, 28_lag_nppc3SSTjfm, 28_lag_ensoSSTjfm, 34_lag_gyreSSTjfm, 30_lag_shTSjfm, 28_lag_30_median_glTSjfm, 28_lag_32_median_traWP_1235_28"
LRforcedPSO,24,30,mhfATL60,shigh,1538.5,2005.5,0.8,39,29,29,20.632368114180466,0.2744560286312713,1235,"['30_lag_labSSTjfm', '34_lag_traIFC', '29_lag_30_median_nhSICsep', '29_lag_31_median_neurTSjfm', '29_lag_33_median_mhfATL30', '32_lag_mhfATL45', '29_lag_34_median_nhSICjfm', '29_lag_34_median_glomaSSTjfm', '29_lag_31_median_atlSICjfm', '37_lag_traBO', '35_lag_scpPSLjfm', '35_lag_eapPSLjfm', '35_lag_nchinaPRjja', '29_lag_33_median_mhfATL45', '32_lag_amo3', '29_lag_36_median_atlSICsep', '29_lag_34_median_nhSICsep', '36_lag_nhSICjfm', '29_lag_35_median_traIT', '29_lag_30_median_gyreSSTjfm', '34_lag_naoPSLjfm', '29_lag_33_median_tripol1', '31_lag_solFORC', '29_lag_35_median_alpi', '36_lag_tripol1', '29_lag_35_median_traBS', '33_lag_traMC', '29_lag_38_median_labSSTjfm', '37_lag_nppc2SSTjfm', '32_lag_stratZ50ndj04']","[4.910189635917037, 4.598772483128388, 2.2219767833087474, 5.872994599001238, 4.006184410747027, 3.8689548866991093, 0.185295842751529, 3.1422054141070923, 3.167171193574097, 1.8381454046746608, 8.12695349252379, 4.667838041179014, 0.8739426467247231, 1.8740934138581054, 2.521953115965456, 8.848648868577609, 1.6834175024433016, 6.027577635961768, 0.6927631298938124, 7.174899810457367, 3.3222112497478946, 9.112773884199965, 8.21123774019441, 1.6102979341645423, 2.7287489340979088, 4.970147920812007, 0.8353606641515547, 8.824777703486884, 2.574678656052174, 3.230653596283208]","30_lag_labSSTjfm, 34_lag_traIFC, 29_lag_30_median_nhSICsep, 29_lag_31_median_neurTSjfm, 29_lag_33_median_mhfATL30, 32_lag_mhfATL45, 29_lag_34_median_nhSICjfm, 29_lag_34_median_glomaSSTjfm, 29_lag_31_median_atlSICjfm, 37_lag_traBO, 35_lag_scpPSLjfm, 35_lag_eapPSLjfm, 35_lag_nchinaPRjja, 29_lag_33_median_mhfATL45, 32_lag_amo3, 29_lag_36_median_atlSICsep, 29_lag_34_median_nhSICsep, 36_lag_nhSICjfm, 29_lag_35_median_traIT, 29_lag_30_median_gyreSSTjfm, 34_lag_naoPSLjfm, 29_lag_33_median_tripol1, 31_lag_solFORC, 29_lag_35_median_alpi, 36_lag_tripol1, 29_lag_35_median_traBS, 33_lag_traMC, 29_lag_38_median_labSSTjfm, 37_lag_nppc2SSTjfm, 32_lag_stratZ50ndj04_1235_29"
LRforcedPSO,25,30,mhfATL60,shigh,1539.5,2005.5,0.8,40,30,30,25.110694546421872,-0.15346997199049375,1235,"['30_lag_32_median_labSSTjfm', '30_lag_33_median_amoSSTmjjaso', '32_lag_stratZ50ndj02', '39_lag_traBO', '30_lag_36_median_traBO', '30_lag_33_median_tripol3', '30_lag_35_median_shSICsep', '30_lag_38_median_atlSICsep', '30_lag_34_median_traFS', '30_lag_35_median_nppc2SSTjfm', '30_lag_33_median_nhSICsep', '31_lag_alpi', '30_lag_35_median_stratZ50ndj01', '35_lag_solFORC', '31_lag_arcTSjfm', '32_lag_arcTSjfm', '36_lag_glTSjfm', '37_lag_eurPSLjfm', '30_lag_32_median_traCA', '38_lag_traMC', '30_lag_33_median_nppc3SSTjfm', '30_lag_32_median_stratZ50ndj01', '30_lag_31_median_tripol3', '30_lag_31_median_alpi', '33_lag_traEU', '30_lag_33_median_neurTSjfm', '30_lag_31_median_traFSC', '30_lag_36_median_traBS', '31_lag_eurPSLjfm', '31_lag_mhfATL30']","[3.425002844088514, 8.747709248139785, 7.377968490299375, 0.2907611014673943, 0.7312538394767376, 0.5768499580783946, 2.770462433268282, 4.245499935084929, 8.865684969655778, 3.0503759410869584, 1.3323681330273445, 4.923727060312492, 1.1971238120831096, 2.744295352049755, 0.4385111448770793, 5.588277307241151, 5.112643764260354, 2.6189084320960703, 3.9992288233216993, 4.586399469284139, 0.41783901782185673, 8.190712911743145, 5.883098293982682, 6.473687039464875, 1.3913655884037972, 1.2301599684168867, 0.8411852384958003, 1.2280224291178996, 2.7996480070735217, 6.255839693903852]","30_lag_32_median_labSSTjfm, 30_lag_33_median_amoSSTmjjaso, 32_lag_stratZ50ndj02, 39_lag_traBO, 30_lag_36_median_traBO, 30_lag_33_median_tripol3, 30_lag_35_median_shSICsep, 30_lag_38_median_atlSICsep, 30_lag_34_median_traFS, 30_lag_35_median_nppc2SSTjfm, 30_lag_33_median_nhSICsep, 31_lag_alpi, 30_lag_35_median_stratZ50ndj01, 35_lag_solFORC, 31_lag_arcTSjfm, 32_lag_arcTSjfm, 36_lag_glTSjfm, 37_lag_eurPSLjfm, 30_lag_32_median_traCA, 38_lag_traMC, 30_lag_33_median_nppc3SSTjfm, 30_lag_32_median_stratZ50ndj01, 30_lag_31_median_tripol3, 30_lag_31_median_alpi, 33_lag_traEU, 30_lag_33_median_neurTSjfm, 30_lag_31_median_traFSC, 30_lag_36_median_traBS, 31_lag_eurPSLjfm, 31_lag_mhfATL30_1235_30"
LRforcedPSO,26,30,mhfATL60,shigh,1540.5,2005.5,0.8,41,31,31,25.569417316740246,0.06528099331207743,1235,"['32_lag_cetTSjfm', '32_lag_stratZ50ndj02', '37_lag_cetTSjfm', '31_lag_32_median_traFS', '31_lag_35_median_pdoSSTjfm', '31_lag_39_median_eurPSLjfm', '39_lag_nhSICjfm', '38_lag_AMOCann', '36_lag_nhSICsep', '31_lag_34_median_solFORC', '31_lag_35_median_gyreSSTjfm', '31_lag_34_median_nhTSjfm', '37_lag_amo2', '31_lag_34_median_traEC', '36_lag_seurTSjfm', '40_lag_traDP', '31_lag_35_median_AMOCann', '31_lag_38_median_eapPSLjfm', '34_lag_traFSC', '31_lag_32_median_mhfATL30', '31_lag_33_median_ismPRjja', '39_lag_traDP', '31_lag_40_median_atlSICjfm', '31_lag_37_median_wnorPRjfm', '31_lag_34_median_nppc3SSTjfm', '31_lag_37_median_ginwSSTjfm', '31_lag_39_median_shSICsep', '37_lag_yrvPRjja', '34_lag_atlSICsep', '39_lag_nhTSjfm']","[2.9857895181358884, 8.061777633476801, 1.9027462174970982, 2.9643384314456114, 8.638502843974736, 0.855472223884961, 1.1798993490582514, 7.477238093993814, 0.18860469333100838, 3.1277511906053306, 2.2437751247945386, 3.9718317770665585, 5.827880625820272, 2.240817594622161, 1.1490358151479967, 1.1461914678464407, 5.215751767955319, 9.211743344688102, 0.23880446127071053, 2.106458293688675, 5.164460875716335, 0.32735586170384323, 5.862119101343768, 3.5948773724612337, 2.108362089200355, 5.094847265618403, 3.545249626196436, 9.098772604868053, 4.483052775420924, 3.268178358526761]","32_lag_cetTSjfm, 32_lag_stratZ50ndj02, 37_lag_cetTSjfm, 31_lag_32_median_traFS, 31_lag_35_median_pdoSSTjfm, 31_lag_39_median_eurPSLjfm, 39_lag_nhSICjfm, 38_lag_AMOCann, 36_lag_nhSICsep, 31_lag_34_median_solFORC, 31_lag_35_median_gyreSSTjfm, 31_lag_34_median_nhTSjfm, 37_lag_amo2, 31_lag_34_median_traEC, 36_lag_seurTSjfm, 40_lag_traDP, 31_lag_35_median_AMOCann, 31_lag_38_median_eapPSLjfm, 34_lag_traFSC, 31_lag_32_median_mhfATL30, 31_lag_33_median_ismPRjja, 39_lag_traDP, 31_lag_40_median_atlSICjfm, 31_lag_37_median_wnorPRjfm, 31_lag_34_median_nppc3SSTjfm, 31_lag_37_median_ginwSSTjfm, 31_lag_39_median_shSICsep, 37_lag_yrvPRjja, 34_lag_atlSICsep, 39_lag_nhTSjfm_1235_31"
LRforcedPSO,27,30,mhfATL60,shigh,1541.5,2005.5,0.8,42,32,32,26.39517163620106,-0.023476947964906607,1235,"['32_lag_traTLS', '32_lag_40_median_neurTSjfm', '36_lag_shTSjfm', '32_lag_traEU', '33_lag_shSICmar', '39_lag_amoSSTmjjaso', '39_lag_glTSjfm', '32_lag_36_median_traEC', '40_lag_amo2', '40_lag_labSSTjfm', '32_lag_39_median_tripol2', '32_lag_35_median_nhSICjfm', '39_lag_atlSICjfm', '34_lag_neurTSjfm', '32_lag_35_median_traWP', '38_lag_amo3', '32_lag_36_median_nppc2SSTjfm', '39_lag_nchinaPRjja', '35_lag_traFB', '36_lag_traDS', '37_lag_wnorPRjfm', '38_lag_tripol1', '32_lag_shTSjfm', '33_lag_ensoSSTjfm', '32_lag_41_median_atlSICsep', '32_lag_39_median_pdoSSTjfm', '34_lag_stratZ50ndj02', '32_lag_solFORC', '35_lag_mhfATL45', '39_lag_glomaSSTjfm']","[1.3309974470339654, 0.8510781846628603, 8.143814578394004, 1.5045638627290927, 7.911029943432773, 1.2007726852562932, 3.9571005639543833, 2.3571129876709307, 9.572558151676983, 8.747516726049207, 5.608575195684935, 3.469360134536032, 8.95083635365616, 1.8232085729999312, 2.489042169261877, 6.859613674228635, 1.2778900426708066, 2.1208994343490915, 7.959770171156613, 7.030706255174323, 1.5608093551833147, 7.978452754711746, 8.020196361770742, 0.4640603600521871, 1.8348911813603053, 7.583395004642053, 1.1164558774163797, 8.397323737176736, 3.963711695630847, 4.666626337052467]","32_lag_traTLS, 32_lag_40_median_neurTSjfm, 36_lag_shTSjfm, 32_lag_traEU, 33_lag_shSICmar, 39_lag_amoSSTmjjaso, 39_lag_glTSjfm, 32_lag_36_median_traEC, 40_lag_amo2, 40_lag_labSSTjfm, 32_lag_39_median_tripol2, 32_lag_35_median_nhSICjfm, 39_lag_atlSICjfm, 34_lag_neurTSjfm, 32_lag_35_median_traWP, 38_lag_amo3, 32_lag_36_median_nppc2SSTjfm, 39_lag_nchinaPRjja, 35_lag_traFB, 36_lag_traDS, 37_lag_wnorPRjfm, 38_lag_tripol1, 32_lag_shTSjfm, 33_lag_ensoSSTjfm, 32_lag_41_median_atlSICsep, 32_lag_39_median_pdoSSTjfm, 34_lag_stratZ50ndj02, 32_lag_solFORC, 35_lag_mhfATL45, 39_lag_glomaSSTjfm_1235_32"
LRforcedPSO,28,30,mhfATL60,shigh,1542.5,2005.5,0.8,43,33,33,21.54586437437989,-0.033095334961971506,1235,"['41_lag_solFORC', '38_lag_stratZ50ndj02', '33_lag_37_median_eurPSLjfm', '33_lag_36_median_yrvPRjja', '38_lag_traMC', '42_lag_traWP', '33_lag_42_median_mhfATL30', '33_lag_38_median_pdoSSTjfm', '33_lag_39_median_traFSC', '40_lag_eurPSLjfm', '33_lag_39_median_mhfATL45', '41_lag_stratZ50ndj02', '35_lag_cetTSjfm', '37_lag_tripol1', '33_lag_37_median_amo3', '33_lag_34_median_satlSSTjfm', '33_lag_38_median_traFSC', '33_lag_41_median_atlSICjfm', '33_lag_41_median_traCA', '33_lag_41_median_ormenSSTjfm', '33_lag_37_median_atlSICjfm', '33_lag_38_median_cetTSjfm', '39_lag_traFSC', '35_lag_traTLS', '33_lag_39_median_traDP', '35_lag_ismPRjja', '33_lag_34_median_traBS', '33_lag_36_median_AMOCann', '41_lag_traFB', '39_lag_nhTSjfm']","[8.088954765035979, 0.37656786192971836, 3.342873012160222, 3.6255956668141476, 1.625833617669958, 0.6480850065947745, 1.1153788153224689, 7.23133053711595, 6.351073989347512, 2.7598810902250843, 4.883896310430014, 0.5367483063345091, 1.296759289888259, 8.349095620204338, 2.9397898636771043, 2.030086497636203, 6.348391987165325, 2.4404121196373634, 8.864773754545855, 3.187578656787453, 3.150271433753156, 5.476966850247584, 3.0401161421218266, 8.159699992118876, 1.7291398275375407, 1.573089241145567, 3.2585230606833964, 6.0832625091350465, 1.1010690600191513, 0.5728394359479232]","41_lag_solFORC, 38_lag_stratZ50ndj02, 33_lag_37_median_eurPSLjfm, 33_lag_36_median_yrvPRjja, 38_lag_traMC, 42_lag_traWP, 33_lag_42_median_mhfATL30, 33_lag_38_median_pdoSSTjfm, 33_lag_39_median_traFSC, 40_lag_eurPSLjfm, 33_lag_39_median_mhfATL45, 41_lag_stratZ50ndj02, 35_lag_cetTSjfm, 37_lag_tripol1, 33_lag_37_median_amo3, 33_lag_34_median_satlSSTjfm, 33_lag_38_median_traFSC, 33_lag_41_median_atlSICjfm, 33_lag_41_median_traCA, 33_lag_41_median_ormenSSTjfm, 33_lag_37_median_atlSICjfm, 33_lag_38_median_cetTSjfm, 39_lag_traFSC, 35_lag_traTLS, 33_lag_39_median_traDP, 35_lag_ismPRjja, 33_lag_34_median_traBS, 33_lag_36_median_AMOCann, 41_lag_traFB, 39_lag_nhTSjfm_1235_33"
LRforcedPSO,29,30,mhfATL60,shigh,1543.5,2005.5,0.8,44,34,34,26.28012871357678,0.2783510693720632,1235,"['38_lag_amo1', '34_lag_38_median_traCA', '34_lag_38_median_amo3', '40_lag_AMOCann', '34_lag_traDP', '43_lag_traDP', '34_lag_38_median_shTSjfm', '34_lag_43_median_traIT', '37_lag_traIFC', '34_lag_38_median_eapPSLjfm', '34_lag_39_median_traTLS', '34_lag_41_median_nhTSjfm', '34_lag_42_median_naoPSLjfm', '34_lag_35_median_stratZ50ndj04', '36_lag_eurPSLjfm', '34_lag_38_median_traWP', '34_lag_43_median_stratZ50ndj04', '34_lag_41_median_eurPSLjfm', '35_lag_traFB', '34_lag_37_median_traBO', '41_lag_tripol1', '39_lag_traMC', '34_lag_41_median_traDP', '40_lag_eurPSLjfm', '34_lag_amo1', '38_lag_traIT', '34_lag_40_median_shSICmar', '41_lag_traMC', '34_lag_40_median_traFB', '42_lag_traFB']","[4.070176945375453, 8.649162173484017, 9.095204376719156, 2.459509680621, 8.537757320605097, 9.087180289667312, 0.4874236105407075, 6.738471498320358, 3.1910679034640754, 6.4053096368497116, 0.23919072598666347, 2.921269469170918, 6.995144217938134, 2.9088319971773053, 2.69479299223541, 2.362187480786897, 0.8376988845863647, 4.547909364358041, 4.408351931784131, 5.232952244309114, 9.590952250358313, 1.877125149120186, 6.6738219212004, 6.829058965689889, 5.199422492660384, 0.6584882957576284, 4.0074332233788645, 6.360102678856684, 4.686337085736099, 3.2410830858594863]","38_lag_amo1, 34_lag_38_median_traCA, 34_lag_38_median_amo3, 40_lag_AMOCann, 34_lag_traDP, 43_lag_traDP, 34_lag_38_median_shTSjfm, 34_lag_43_median_traIT, 37_lag_traIFC, 34_lag_38_median_eapPSLjfm, 34_lag_39_median_traTLS, 34_lag_41_median_nhTSjfm, 34_lag_42_median_naoPSLjfm, 34_lag_35_median_stratZ50ndj04, 36_lag_eurPSLjfm, 34_lag_38_median_traWP, 34_lag_43_median_stratZ50ndj04, 34_lag_41_median_eurPSLjfm, 35_lag_traFB, 34_lag_37_median_traBO, 41_lag_tripol1, 39_lag_traMC, 34_lag_41_median_traDP, 40_lag_eurPSLjfm, 34_lag_amo1, 38_lag_traIT, 34_lag_40_median_shSICmar, 41_lag_traMC, 34_lag_40_median_traFB, 42_lag_traFB_1235_34"
LRforcedPSO,30,30,mhfATL60,shigh,1544.5,2005.5,0.8,45,35,35,35.94298948124931,-0.29438822774753476,1235,"['39_lag_arcTSjfm', '38_lag_scpPSLjfm', '42_lag_tripol2', '37_lag_stratZ50ndj01', '36_lag_amoSSTmjjaso', '35_lag_38_median_amo1', '35_lag_traWP', '38_lag_stratZ50ndj03', '38_lag_stratZ50ndj02', '39_lag_mhfATL60', '35_lag_44_median_traDS', '36_lag_cetTSjfm', '37_lag_yrvPRjja', '35_lag_43_median_traEC', '37_lag_mhfATL60', '40_lag_alpi', '38_lag_yrvPRjja', '35_lag_42_median_glTSjfm', '35_lag_43_median_atlSICsep', '42_lag_seurTSjfm', '35_lag_41_median_satlSSTjfm', '40_lag_ginwSSTjfm', '40_lag_traEC', '39_lag_mhfATL45', '35_lag_traFB', '35_lag_43_median_naoPSLjfm', '35_lag_43_median_traFB', '35_lag_41_median_labSSTjfm', '35_lag_36_median_AMOCann', '39_lag_yrvPRjja']","[8.502026884479186, 6.768669581365678, 4.07549030577597, 2.402331353058589, 1.9849787108176393, 4.272058162913561, 2.5469282197034477, 3.569434630450252, 1.9312801433352167, 9.121930518185305, 6.595184794678936, 0.2372940302205997, 0.7508202120797662, 8.965614953239598, 0.4545222440099739, 2.6270825529737873, 2.535596251725936, 9.386019110770832, 0.3065974664007385, 2.895181383531078, 5.858220046866225, 1.2137070837200312, 2.357007726207523, 9.553259179605497, 8.412004460647196, 9.03700301794871, 4.758517679875396, 2.529209536549333, 7.890200895077655, 2.080566557357791]","39_lag_arcTSjfm, 38_lag_scpPSLjfm, 42_lag_tripol2, 37_lag_stratZ50ndj01, 36_lag_amoSSTmjjaso, 35_lag_38_median_amo1, 35_lag_traWP, 38_lag_stratZ50ndj03, 38_lag_stratZ50ndj02, 39_lag_mhfATL60, 35_lag_44_median_traDS, 36_lag_cetTSjfm, 37_lag_yrvPRjja, 35_lag_43_median_traEC, 37_lag_mhfATL60, 40_lag_alpi, 38_lag_yrvPRjja, 35_lag_42_median_glTSjfm, 35_lag_43_median_atlSICsep, 42_lag_seurTSjfm, 35_lag_41_median_satlSSTjfm, 40_lag_ginwSSTjfm, 40_lag_traEC, 39_lag_mhfATL45, 35_lag_traFB, 35_lag_43_median_naoPSLjfm, 35_lag_43_median_traFB, 35_lag_41_median_labSSTjfm, 35_lag_36_median_AMOCann, 39_lag_yrvPRjja_1235_35"
LRforcedPSO,31,30,mhfATL60,shigh,1545.5,2005.5,0.8,46,36,36,26.361462121743738,-0.019671195945543715,1235,"['40_lag_stratZ50ndj02', '39_lag_eapPSLjfm', '36_lag_40_median_atlSICsep', '36_lag_40_median_traTLS', '36_lag_39_median_wnorPRjfm', '36_lag_37_median_traFSC', '36_lag_41_median_traCA', '43_lag_glomaSSTjfm', '36_lag_42_median_nhSICjfm', '44_lag_stratZ50ndj02', '36_lag_43_median_arcTSjfm', '36_lag_45_median_amo2', '36_lag_43_median_traMC', '38_lag_traBS', '36_lag_45_median_tripol3', '36_lag_43_median_traEC', '36_lag_43_median_atlSICsep', '36_lag_38_median_amo3', '44_lag_traTLS', '44_lag_traBO', '39_lag_nppc2SSTjfm', '36_lag_39_median_amo2', '36_lag_42_median_traEC', '36_lag_40_median_yrvPRjja', '43_lag_tripol1', '39_lag_traIFC', '43_lag_traTLS', '36_lag_39_median_nhTSjfm', '37_lag_traDP', '36_lag_44_median_nchinaPRjja']","[6.954950514906987, 6.388411130582641, 6.118238354515199, 0.7715953347637861, 1.5702233342113097, 3.2921820171489724, 6.46765221967123, 7.447237275553633, 7.004792748957687, 0.23552167185203743, 1.8366926350526995, 5.477470885692737, 1.2469601807045283, 7.385959845476187, 6.213822111468044, 7.605963697487312, 2.1074858017583544, 1.0777345198994244, 7.272246119718679, 1.3150192801547185, 1.2525061563067688, 1.8514970808287465, 6.738435511967129, 5.4498404896315815, 6.681150545576411, 0.7694025865268692, 8.596375354798095, 0.7722674325912813, 1.9622045466922717, 2.773881975515284]","40_lag_stratZ50ndj02, 39_lag_eapPSLjfm, 36_lag_40_median_atlSICsep, 36_lag_40_median_traTLS, 36_lag_39_median_wnorPRjfm, 36_lag_37_median_traFSC, 36_lag_41_median_traCA, 43_lag_glomaSSTjfm, 36_lag_42_median_nhSICjfm, 44_lag_stratZ50ndj02, 36_lag_43_median_arcTSjfm, 36_lag_45_median_amo2, 36_lag_43_median_traMC, 38_lag_traBS, 36_lag_45_median_tripol3, 36_lag_43_median_traEC, 36_lag_43_median_atlSICsep, 36_lag_38_median_amo3, 44_lag_traTLS, 44_lag_traBO, 39_lag_nppc2SSTjfm, 36_lag_39_median_amo2, 36_lag_42_median_traEC, 36_lag_40_median_yrvPRjja, 43_lag_tripol1, 39_lag_traIFC, 43_lag_traTLS, 36_lag_39_median_nhTSjfm, 37_lag_traDP, 36_lag_44_median_nchinaPRjja_1235_36"
LRforcedPSO,32,30,mhfATL60,shigh,1546.5,2005.5,0.8,47,37,37,22.09541179918858,0.030702989140506703,1235,"['37_lag_40_median_cetTSjfm', '40_lag_labSSTjfm', '37_lag_41_median_nchinaPRjja', '40_lag_mhfATL45', '37_lag_42_median_ensoSSTjfm', '37_lag_45_median_traTLS', '37_lag_43_median_stratZ50ndj02', '37_lag_44_median_traIFC', '37_lag_ismPRjja', '41_lag_eurPSLjfm', '40_lag_traEU', '39_lag_solFORC', '46_lag_traFB', '40_lag_AMOCann', '37_lag_naoPSLjfm', '37_lag_43_median_eurPSLjfm', '45_lag_alpi', '37_lag_42_median_traBO', '37_lag_41_median_nhSICjfm', '45_lag_ensoSSTjfm', '37_lag_stratZ50ndj01', '37_lag_43_median_solFORC', '37_lag_45_median_stratZ50ndj04', '41_lag_pdoSSTjfm', '45_lag_gyreSSTjfm', '39_lag_traFB', '37_lag_44_median_mhfATL45', '42_lag_atlSICsep', '42_lag_traTLS', '41_lag_samPSLann']","[7.874787406891624, 4.280708748161388, 5.204484364669146, 6.412198772324047, 0.9369806050436758, 4.36918421991046, 3.8706726230407646, 7.044671907037281, 2.1982018504202756, 5.609134009211472, 4.263730496445901, 9.760375208102783, 4.686347637132975, 1.813796040276884, 3.6924701772397412, 3.181373455739558, 8.970407312008884, 4.448844942626014, 7.694988506484524, 0.4216104155406786, 1.6091205065074519, 7.131700368542814, 3.0845895984032, 5.462315607970529, 4.962425422643304, 5.91445889496635, 3.812736998862434, 2.265732845699622, 7.345097866264723, 5.149171698789628]","37_lag_40_median_cetTSjfm, 40_lag_labSSTjfm, 37_lag_41_median_nchinaPRjja, 40_lag_mhfATL45, 37_lag_42_median_ensoSSTjfm, 37_lag_45_median_traTLS, 37_lag_43_median_stratZ50ndj02, 37_lag_44_median_traIFC, 37_lag_ismPRjja, 41_lag_eurPSLjfm, 40_lag_traEU, 39_lag_solFORC, 46_lag_traFB, 40_lag_AMOCann, 37_lag_naoPSLjfm, 37_lag_43_median_eurPSLjfm, 45_lag_alpi, 37_lag_42_median_traBO, 37_lag_41_median_nhSICjfm, 45_lag_ensoSSTjfm, 37_lag_stratZ50ndj01, 37_lag_43_median_solFORC, 37_lag_45_median_stratZ50ndj04, 41_lag_pdoSSTjfm, 45_lag_gyreSSTjfm, 39_lag_traFB, 37_lag_44_median_mhfATL45, 42_lag_atlSICsep, 42_lag_traTLS, 41_lag_samPSLann_1235_37"
LRforcedPSO,33,30,mhfATL60,shigh,1547.5,2005.5,0.8,48,38,38,26.55743622578576,0.10591579073368285,1235,"['38_lag_traIT', '38_lag_40_median_wnorPRjfm', '45_lag_glTSjfm', '38_lag_45_median_labSSTjfm', '38_lag_39_median_amo2', '46_lag_ismPRjja', '40_lag_scpPSLjfm', '38_lag_44_median_nhSICjfm', '47_lag_nppc2SSTjfm', '40_lag_traWP', '38_lag_41_median_cetTSjfm', '38_lag_40_median_seurTSjfm', '40_lag_nchinaPRjja', '45_lag_traBS', '44_lag_mhfATL30', '39_lag_amo3', '42_lag_stratZ50ndj01', '45_lag_scpPSLjfm', '43_lag_glTSjfm', '38_lag_45_median_traIFC', '40_lag_traDP', '42_lag_nhSICsep', '38_lag_43_median_shSICsep', '41_lag_AMOCann', '38_lag_40_median_nhSICjfm', '38_lag_42_median_mhfIP30', '46_lag_pdoSSTjfm', '43_lag_wnorPRjfm', '38_lag_43_median_seurTSjfm', '38_lag_41_median_stratZ50ndj01']","[3.1751988288254207, 7.424315385273495, 7.597513374142736, 3.1677036431187062, 1.7441034943997398, 3.859084781810285, 1.0206927942189825, 2.8478937604625294, 3.5189559296366824, 0.551597462532083, 1.2526366113595788, 4.768511591042445, 5.223718064444922, 0.14346933626010383, 7.867194551101018, 5.612726221391938, 4.95649140508494, 2.921243254765251, 2.4414915944451803, 6.046292129480242, 9.14881292051109, 6.897265593851078, 0.9763532039552825, 5.557230191570197, 2.298951381479557, 4.709337203478114, 2.657907449970356, 1.1148820573284262, 6.204371702743878, 3.617143502025515]","38_lag_traIT, 38_lag_40_median_wnorPRjfm, 45_lag_glTSjfm, 38_lag_45_median_labSSTjfm, 38_lag_39_median_amo2, 46_lag_ismPRjja, 40_lag_scpPSLjfm, 38_lag_44_median_nhSICjfm, 47_lag_nppc2SSTjfm, 40_lag_traWP, 38_lag_41_median_cetTSjfm, 38_lag_40_median_seurTSjfm, 40_lag_nchinaPRjja, 45_lag_traBS, 44_lag_mhfATL30, 39_lag_amo3, 42_lag_stratZ50ndj01, 45_lag_scpPSLjfm, 43_lag_glTSjfm, 38_lag_45_median_traIFC, 40_lag_traDP, 42_lag_nhSICsep, 38_lag_43_median_shSICsep, 41_lag_AMOCann, 38_lag_40_median_nhSICjfm, 38_lag_42_median_mhfIP30, 46_lag_pdoSSTjfm, 43_lag_wnorPRjfm, 38_lag_43_median_seurTSjfm, 38_lag_41_median_stratZ50ndj01_1235_38"
LRforcedPSO,34,30,mhfATL60,shigh,1548.5,2005.5,0.8,49,39,39,23.689084925249226,-0.08429256431417956,1235,"['41_lag_ismPRjja', '39_lag_46_median_amo1', '39_lag_45_median_scpPSLjfm', '39_lag_46_median_amoSSTmjjaso', '39_lag_stratZ50ndj01', '44_lag_traIFC', '42_lag_seurTSjfm', '47_lag_stratZ50ndj04', '44_lag_tripol2', '39_lag_samPSLann', '42_lag_eapPSLjfm', '39_lag_47_median_glTSjfm', '39_lag_46_median_nppc3SSTjfm', '43_lag_AMOCann', '43_lag_labSSTjfm', '42_lag_stratZ50ndj01', '42_lag_neurTSjfm', '42_lag_traFB', '42_lag_stratZ50ndj02', '39_lag_41_median_traMC', '42_lag_amo1', '39_lag_47_median_traEC', '42_lag_shTSjfm', '41_lag_atlSICjfm', '44_lag_seurTSjfm', '39_lag_42_median_neurTSjfm', '39_lag_46_median_samPSLann', '45_lag_tripol2', '43_lag_amo3', '42_lag_shSICmar']","[3.180226069633477, 1.6216458964430274, 1.744190594282312, 5.452586559613197, 2.8649664481403683, 8.49139955139406, 4.377348230666276, 1.703714977788609, 0.11724027017839944, 5.502984338237525, 8.981819404120778, 1.280988254543054, 4.738370722537885, 6.438735396231166, 0.07517822639315597, 2.007628425532321, 5.345051663331207, 0.6395094521064024, 7.900162233661963, 4.58372540898292, 8.783926364174208, 9.37731583433665, 9.359163492518586, 3.7164426024016706, 0.19456113021421118, 7.368050560857114, 0.29668864910483883, 3.8768569177750436, 6.045991199649039, 2.0284733611997403]","41_lag_ismPRjja, 39_lag_46_median_amo1, 39_lag_45_median_scpPSLjfm, 39_lag_46_median_amoSSTmjjaso, 39_lag_stratZ50ndj01, 44_lag_traIFC, 42_lag_seurTSjfm, 47_lag_stratZ50ndj04, 44_lag_tripol2, 39_lag_samPSLann, 42_lag_eapPSLjfm, 39_lag_47_median_glTSjfm, 39_lag_46_median_nppc3SSTjfm, 43_lag_AMOCann, 43_lag_labSSTjfm, 42_lag_stratZ50ndj01, 42_lag_neurTSjfm, 42_lag_traFB, 42_lag_stratZ50ndj02, 39_lag_41_median_traMC, 42_lag_amo1, 39_lag_47_median_traEC, 42_lag_shTSjfm, 41_lag_atlSICjfm, 44_lag_seurTSjfm, 39_lag_42_median_neurTSjfm, 39_lag_46_median_samPSLann, 45_lag_tripol2, 43_lag_amo3, 42_lag_shSICmar_1235_39"
LRforcedPSO,35,30,mhfATL60,shigh,1549.5,2005.5,0.8,50,40,40,22.16215857837698,0.16058814952275827,1235,"['40_lag_eurPSLjfm', '40_lag_46_median_mhfIP30', '40_lag_46_median_traTLS', '47_lag_naoPSLjfm', '46_lag_traDS', '40_lag_47_median_scpPSLjfm', '47_lag_solFORC', '45_lag_nppc2SSTjfm', '40_lag_41_median_eurPSLjfm', '40_lag_44_median_amoSSTmjjaso', '40_lag_41_median_eapPSLjfm', '40_lag_traBO', '40_lag_48_median_mhfATL30', '40_lag_44_median_stratZ50ndj03', '40_lag_43_median_nppc2SSTjfm', '43_lag_traBS', '46_lag_nhSICjfm', '46_lag_nppc2SSTjfm', '40_lag_49_median_pdoSSTjfm', '41_lag_shSICsep', '41_lag_shTSjfm', '40_lag_ensoSSTjfm', '40_lag_49_median_stratZ50ndj02', '47_lag_amo2', '44_lag_ginwSSTjfm', '40_lag_48_median_nhSICjfm', '44_lag_glTSjfm', '44_lag_scpPSLjfm', '45_lag_nhSICjfm', '40_lag_46_median_neurTSjfm']","[2.489906494558781, 7.496587736758036, 3.5643089817084945, 2.2896699561036886, 6.210162678122753, 2.987259438068593, 8.241896776488627, 2.3713660102442997, 5.778933541536553, 6.012986630366953, 3.580365466165148, 6.815886239122138, 3.908054752531715, 1.3051898522597725, 3.0382964035622972, 2.358044373530447, 7.4941369738556745, 0.17866581890892874, 1.6859994000371454, 2.323995194325697, 3.9859624329645227, 7.099563353767557, 4.3551800321263645, 3.436630330921318, 8.253983891908918, 1.222826931734506, 3.8108679377469805, 8.094668605814029, 7.075979403054109, 3.041982839657946]","40_lag_eurPSLjfm, 40_lag_46_median_mhfIP30, 40_lag_46_median_traTLS, 47_lag_naoPSLjfm, 46_lag_traDS, 40_lag_47_median_scpPSLjfm, 47_lag_solFORC, 45_lag_nppc2SSTjfm, 40_lag_41_median_eurPSLjfm, 40_lag_44_median_amoSSTmjjaso, 40_lag_41_median_eapPSLjfm, 40_lag_traBO, 40_lag_48_median_mhfATL30, 40_lag_44_median_stratZ50ndj03, 40_lag_43_median_nppc2SSTjfm, 43_lag_traBS, 46_lag_nhSICjfm, 46_lag_nppc2SSTjfm, 40_lag_49_median_pdoSSTjfm, 41_lag_shSICsep, 41_lag_shTSjfm, 40_lag_ensoSSTjfm, 40_lag_49_median_stratZ50ndj02, 47_lag_amo2, 44_lag_ginwSSTjfm, 40_lag_48_median_nhSICjfm, 44_lag_glTSjfm, 44_lag_scpPSLjfm, 45_lag_nhSICjfm, 40_lag_46_median_neurTSjfm_1235_40"
LRforcedPSO,36,30,mhfATL60,shigh,1550.5,2005.5,0.8,51,41,41,29.532759108937082,-0.19246804209675686,1235,"['48_lag_nhSICsep', '41_lag_45_median_alpi', '43_lag_traFS', '49_lag_ismPRjja', '41_lag_49_median_ismPRjja', '41_lag_shSICsep', '41_lag_44_median_traBS', '41_lag_47_median_traDS', '50_lag_neurTSjfm', '50_lag_traFSC', '41_lag_49_median_gyreSSTjfm', '41_lag_43_median_traEC', '47_lag_stratZ50ndj04', '41_lag_samPSLann', '48_lag_ginwSSTjfm', '41_lag_48_median_alpi', '41_lag_49_median_ensoSSTjfm', '48_lag_ormenSSTjfm', '41_lag_48_median_traEC', '41_lag_45_median_seurTSjfm', '48_lag_stratZ50ndj01', '41_lag_50_median_tripol1', '41_lag_47_median_shTSjfm', '42_lag_stratZ50ndj04', '41_lag_47_median_neurTSjfm', '41_lag_47_median_wnorPRjfm', '47_lag_mhfATL60', '48_lag_traTLS', '41_lag_47_median_traWP', '41_lag_44_median_traIT']","[4.756259428917398, 0.04959791317632245, 7.513865447687682, 7.190170805226527, 2.5578112713698804, 4.73497000461318, 0.3457357153348628, 9.438074736832096, 9.473079744916875, 1.825698948643133, 8.105590162227795, 3.351300016586693, 1.4818446061715829, 0.6674065679137158, 6.9614661135542875, 7.783256335689529, 2.655891697247899, 5.891679364042151, 4.870022942513547, 0.7709004939920341, 5.049579119925525, 1.4492997457308796, 6.83592066028022, 2.8656898166143785, 0.07216498812301353, 0.09895106759091377, 4.638974745814373, 3.5305594640137112, 2.428756330229831, 7.78427513741534]","48_lag_nhSICsep, 41_lag_45_median_alpi, 43_lag_traFS, 49_lag_ismPRjja, 41_lag_49_median_ismPRjja, 41_lag_shSICsep, 41_lag_44_median_traBS, 41_lag_47_median_traDS, 50_lag_neurTSjfm, 50_lag_traFSC, 41_lag_49_median_gyreSSTjfm, 41_lag_43_median_traEC, 47_lag_stratZ50ndj04, 41_lag_samPSLann, 48_lag_ginwSSTjfm, 41_lag_48_median_alpi, 41_lag_49_median_ensoSSTjfm, 48_lag_ormenSSTjfm, 41_lag_48_median_traEC, 41_lag_45_median_seurTSjfm, 48_lag_stratZ50ndj01, 41_lag_50_median_tripol1, 41_lag_47_median_shTSjfm, 42_lag_stratZ50ndj04, 41_lag_47_median_neurTSjfm, 41_lag_47_median_wnorPRjfm, 47_lag_mhfATL60, 48_lag_traTLS, 41_lag_47_median_traWP, 41_lag_44_median_traIT_1235_41"
LRforcedPSO,37,30,mhfATL60,shigh,1551.5,2005.5,0.8,52,42,42,29.461703554399833,0.24624328833662956,1235,"['46_lag_shSICmar', '42_lag_49_median_nppc3SSTjfm', '42_lag_50_median_traTLS', '42_lag_45_median_mhfATL30', '42_lag_51_median_tripol3', '49_lag_nhTSjfm', '51_lag_nppc3SSTjfm', '46_lag_traDP', '42_lag_43_median_nppc2SSTjfm', '45_lag_ormenSSTjfm', '44_lag_traEU', '49_lag_nppc3SSTjfm', '42_lag_46_median_traEC', '47_lag_traWP', '45_lag_nhSICjfm', '47_lag_samPSLann', '44_lag_satlSSTjfm', '45_lag_scpPSLjfm', '49_lag_atlSICjfm', '42_lag_49_median_nhSICsep', '42_lag_44_median_atlSICjfm', '45_lag_traMC', '42_lag_48_median_traIT', '45_lag_shTSjfm', '42_lag_48_median_neurTSjfm', '42_lag_48_median_satlSSTjfm', '42_lag_47_median_satlSSTjfm', '50_lag_shSICsep', '42_lag_50_median_traEC', '46_lag_traIT']","[2.3771758415326953, 3.851325531918688, 6.09754902910921, 3.3620104807930318, 3.674478855057794, 5.8708618421858105, 5.553717798892334, 4.155850693727238, 4.146218581838781, 6.8816200644457615, 0.9176215660564679, 0.5635122043191068, 2.8767853796450504, 2.5346146748392506, 8.168197362166655, 2.4397338296437105, 6.964119610190673, 6.03182995536222, 2.6266067348458266, 2.1289491687850193, 8.820638071062364, 0.3319030848929714, 1.1071908845305334, 7.553694413265358, 2.206421268351808, 2.9856863118243293, 3.561470419504362, 2.555736214002767, 4.313966240694274, 4.137314754107784]","46_lag_shSICmar, 42_lag_49_median_nppc3SSTjfm, 42_lag_50_median_traTLS, 42_lag_45_median_mhfATL30, 42_lag_51_median_tripol3, 49_lag_nhTSjfm, 51_lag_nppc3SSTjfm, 46_lag_traDP, 42_lag_43_median_nppc2SSTjfm, 45_lag_ormenSSTjfm, 44_lag_traEU, 49_lag_nppc3SSTjfm, 42_lag_46_median_traEC, 47_lag_traWP, 45_lag_nhSICjfm, 47_lag_samPSLann, 44_lag_satlSSTjfm, 45_lag_scpPSLjfm, 49_lag_atlSICjfm, 42_lag_49_median_nhSICsep, 42_lag_44_median_atlSICjfm, 45_lag_traMC, 42_lag_48_median_traIT, 45_lag_shTSjfm, 42_lag_48_median_neurTSjfm, 42_lag_48_median_satlSSTjfm, 42_lag_47_median_satlSSTjfm, 50_lag_shSICsep, 42_lag_50_median_traEC, 46_lag_traIT_1235_42"
LRforcedPSO,38,30,mhfATL60,shigh,1552.5,2005.5,0.8,53,43,43,23.851501792255586,0.02838221327938873,1235,"['43_lag_47_median_amo1', '43_lag_46_median_ismPRjja', '46_lag_nhSICjfm', '43_lag_51_median_nchinaPRjja', '52_lag_naoPSLjfm', '48_lag_alpi', '46_lag_amoSSTmjjaso', '51_lag_stratZ50ndj02', '43_lag_46_median_amoSSTmjjaso', '43_lag_47_median_samPSLann', '43_lag_45_median_AMOCann', '43_lag_47_median_traEU', '43_lag_50_median_glomaSSTjfm', '44_lag_yrvPRjja', '43_lag_44_median_amo3', '44_lag_traIFC', '49_lag_nppc2SSTjfm', '45_lag_traCA', '43_lag_traEU', '43_lag_45_median_traBO', '43_lag_52_median_mhfATL30', '43_lag_44_median_stratZ50ndj02', '43_lag_51_median_nhSICsep', '43_lag_50_median_seurTSjfm', '43_lag_45_median_glomaSSTjfm', '45_lag_shSICsep', '43_lag_51_median_satlSSTjfm', '43_lag_45_median_yrvPRjja', '43_lag_47_median_ismPRjja', '43_lag_44_median_amo1']","[7.934585841582834, 6.176884762485152, 6.004836035811625, 5.95451868153787, 1.2465992156595984, 6.924171125958205, 5.578324656287879, 4.288293345903971, 2.4055487778712825, 8.492163597143369, 4.187163335074196, 1.8272930280086044, 2.686289320565729, 0.4265791380680444, 0.4051042020391584, 6.571909455258556, 5.028036301438883, 0.17777375258248895, 1.679187975510665, 8.079716103279695, 4.282502072971903, 7.042395935417936, 1.5031604023479854, 6.623220203620422, 0.6943086986239919, 4.026382323421327, 7.108134400547385, 6.350734561962026, 9.315650190670631, 1.4124085226933687]","43_lag_47_median_amo1, 43_lag_46_median_ismPRjja, 46_lag_nhSICjfm, 43_lag_51_median_nchinaPRjja, 52_lag_naoPSLjfm, 48_lag_alpi, 46_lag_amoSSTmjjaso, 51_lag_stratZ50ndj02, 43_lag_46_median_amoSSTmjjaso, 43_lag_47_median_samPSLann, 43_lag_45_median_AMOCann, 43_lag_47_median_traEU, 43_lag_50_median_glomaSSTjfm, 44_lag_yrvPRjja, 43_lag_44_median_amo3, 44_lag_traIFC, 49_lag_nppc2SSTjfm, 45_lag_traCA, 43_lag_traEU, 43_lag_45_median_traBO, 43_lag_52_median_mhfATL30, 43_lag_44_median_stratZ50ndj02, 43_lag_51_median_nhSICsep, 43_lag_50_median_seurTSjfm, 43_lag_45_median_glomaSSTjfm, 45_lag_shSICsep, 43_lag_51_median_satlSSTjfm, 43_lag_45_median_yrvPRjja, 43_lag_47_median_ismPRjja, 43_lag_44_median_amo1_1235_43"
LRforcedPSO,39,30,mhfATL60,shigh,1553.5,2005.5,0.8,54,44,44,22.130972295055134,-0.05708462483321915,1235,"['44_lag_wnorPRjfm', '45_lag_traEU', '44_lag_46_median_traTLS', '53_lag_traEU', '44_lag_47_median_traCA', '44_lag_49_median_traBO', '52_lag_stratZ50ndj04', '50_lag_traFSC', '45_lag_shTSjfm', '53_lag_AMOCann', '51_lag_nhSICsep', '44_lag_50_median_traDS', '48_lag_traBS', '44_lag_47_median_ormenSSTjfm', '51_lag_shSICsep', '44_lag_46_median_shTSjfm', '45_lag_scpPSLjfm', '44_lag_45_median_traDS', '47_lag_amo3', '44_lag_53_median_mhfATL30', '44_lag_52_median_nhSICsep', '53_lag_traTLS', '49_lag_solFORC', '44_lag_52_median_nppc2SSTjfm', '46_lag_traIFC', '51_lag_tripol2', '52_lag_traBO', '50_lag_traFS', '51_lag_tripol1', '44_lag_45_median_glTSjfm']","[2.8741575118998464, 6.708051565124414, 7.284978184970633, 2.876437277148125, 4.644373654292881, 8.95428678162629, 6.833106038136005, 2.20031488473378, 2.247086629276742, 1.7263236411146128, 6.232948140063392, 7.482342006526242, 0.957650595367582, 2.9558848216794473, 3.1179054432919013, 4.27910470868746, 4.183522259854993, 2.3329422813474068, 0.9198124482655139, 8.847175008866287, 0.15266851782106627, 5.633457202430009, 0.9394606985676024, 0.05965300759977055, 4.181605821280108, 4.375957495262954, 1.8449795241185818, 0.30052715169924227, 2.90174003366314, 4.092558631264691]","44_lag_wnorPRjfm, 45_lag_traEU, 44_lag_46_median_traTLS, 53_lag_traEU, 44_lag_47_median_traCA, 44_lag_49_median_traBO, 52_lag_stratZ50ndj04, 50_lag_traFSC, 45_lag_shTSjfm, 53_lag_AMOCann, 51_lag_nhSICsep, 44_lag_50_median_traDS, 48_lag_traBS, 44_lag_47_median_ormenSSTjfm, 51_lag_shSICsep, 44_lag_46_median_shTSjfm, 45_lag_scpPSLjfm, 44_lag_45_median_traDS, 47_lag_amo3, 44_lag_53_median_mhfATL30, 44_lag_52_median_nhSICsep, 53_lag_traTLS, 49_lag_solFORC, 44_lag_52_median_nppc2SSTjfm, 46_lag_traIFC, 51_lag_tripol2, 52_lag_traBO, 50_lag_traFS, 51_lag_tripol1, 44_lag_45_median_glTSjfm_1235_44"
LRforcedPSO,40,30,mhfATL60,shigh,1554.5,2005.5,0.8,55,45,45,40.376754878267526,-0.09513454292384624,1235,"['53_lag_traEU', '47_lag_eurPSLjfm', '45_lag_50_median_nppc3SSTjfm', '53_lag_neurTSjfm', '45_lag_46_median_glTSjfm', '50_lag_naoPSLjfm', '45_lag_nppc2SSTjfm', '45_lag_nhSICjfm', '52_lag_ensoSSTjfm', '45_lag_53_median_tripol3', '51_lag_nppc3SSTjfm', '52_lag_seurTSjfm', '50_lag_stratZ50ndj02', '53_lag_traBS', '45_lag_46_median_traIT', '49_lag_shTSjfm', '50_lag_nppc2SSTjfm', '50_lag_shSICsep', '45_lag_51_median_alpi', '45_lag_46_median_gyreSSTjfm', '45_lag_47_median_traDP', '48_lag_ensoSSTjfm', '53_lag_traEC', '47_lag_mhfATL60', '45_lag_49_median_ismPRjja', '45_lag_51_median_seurTSjfm', '45_lag_49_median_amo2', '45_lag_mhfIP30', '48_lag_nhSICsep', '52_lag_traIFC']","[0.4367996537485439, 0.24885863792798446, 2.872577591777312, 1.9838982889760999, 8.006284815860834, 7.013347367302298, 2.487931740843303, 3.301988671974561, 2.672205377032075, 2.38537050316811, 4.10121550802587, 3.5432728630902695, 2.2603326692920707, 3.3950142753674495, 7.885571100463746, 3.9791278864305752, 6.500001760143167, 2.7908150235887597, 3.899187180712616, 2.369544849613261, 3.5204545008958217, 4.953402537862868, 3.8149947685204832, 4.504631429125784, 1.1902956222112842, 6.4953908123414354, 8.197927053798622, 1.0898752560393845, 2.1304668070462274, 0.5511205272460202]","53_lag_traEU, 47_lag_eurPSLjfm, 45_lag_50_median_nppc3SSTjfm, 53_lag_neurTSjfm, 45_lag_46_median_glTSjfm, 50_lag_naoPSLjfm, 45_lag_nppc2SSTjfm, 45_lag_nhSICjfm, 52_lag_ensoSSTjfm, 45_lag_53_median_tripol3, 51_lag_nppc3SSTjfm, 52_lag_seurTSjfm, 50_lag_stratZ50ndj02, 53_lag_traBS, 45_lag_46_median_traIT, 49_lag_shTSjfm, 50_lag_nppc2SSTjfm, 50_lag_shSICsep, 45_lag_51_median_alpi, 45_lag_46_median_gyreSSTjfm, 45_lag_47_median_traDP, 48_lag_ensoSSTjfm, 53_lag_traEC, 47_lag_mhfATL60, 45_lag_49_median_ismPRjja, 45_lag_51_median_seurTSjfm, 45_lag_49_median_amo2, 45_lag_mhfIP30, 48_lag_nhSICsep, 52_lag_traIFC_1235_45"
LRforcedPSO,41,30,mhfATL60,shigh,1555.5,2005.5,0.8,56,46,46,26.991900706586804,-0.09249549141215858,1235,"['46_lag_49_median_AMOCann', '54_lag_traIFC', '46_lag_49_median_ismPRjja', '55_lag_traIFC', '52_lag_AMOCann', '46_lag_54_median_ensoSSTjfm', '46_lag_52_median_ginwSSTjfm', '46_lag_48_median_shTSjfm', '49_lag_eurPSLjfm', '48_lag_traMC', '54_lag_glomaSSTjfm', '46_lag_54_median_traBS', '46_lag_traIT', '51_lag_traDP', '50_lag_mhfIP30', '55_lag_scpPSLjfm', '51_lag_stratZ50ndj03', '53_lag_nhSICjfm', '46_lag_48_median_mhfATL45', '46_lag_52_median_mhfATL30', '46_lag_ismPRjja', '48_lag_mhfATL60', '49_lag_traBS', '46_lag_stratZ50ndj03', '46_lag_55_median_nhSICjfm', '46_lag_51_median_shTSjfm', '46_lag_55_median_tripol3', '46_lag_52_median_traDS', '46_lag_52_median_mhfIP30', '52_lag_labSSTjfm']","[4.195816759486046, 7.865613603153502, 0.05811795876202552, 6.2154206999038415, 7.953235964302387, 0.8701919852031246, 6.724967521209264, 9.5800409064076, 4.190100397863887, 5.455858625340115, 2.0185975157739726, 1.7073900298930944, 8.576425801905465, 3.010762947610292, 0.914297265875426, 4.390456015238094, 7.847305681231585, 4.9359292162770085, 3.9353627107898026, 5.475083661043632, 6.975743768480697, 3.781738518101598, 6.976216470290289, 4.136916141118075, 3.3992164263571674, 4.997136979472508, 2.711150737514254, 8.27645024434931, 3.417406072157217, 5.898156649701484]","46_lag_49_median_AMOCann, 54_lag_traIFC, 46_lag_49_median_ismPRjja, 55_lag_traIFC, 52_lag_AMOCann, 46_lag_54_median_ensoSSTjfm, 46_lag_52_median_ginwSSTjfm, 46_lag_48_median_shTSjfm, 49_lag_eurPSLjfm, 48_lag_traMC, 54_lag_glomaSSTjfm, 46_lag_54_median_traBS, 46_lag_traIT, 51_lag_traDP, 50_lag_mhfIP30, 55_lag_scpPSLjfm, 51_lag_stratZ50ndj03, 53_lag_nhSICjfm, 46_lag_48_median_mhfATL45, 46_lag_52_median_mhfATL30, 46_lag_ismPRjja, 48_lag_mhfATL60, 49_lag_traBS, 46_lag_stratZ50ndj03, 46_lag_55_median_nhSICjfm, 46_lag_51_median_shTSjfm, 46_lag_55_median_tripol3, 46_lag_52_median_traDS, 46_lag_52_median_mhfIP30, 52_lag_labSSTjfm_1235_46"
LRforcedPSO,42,30,mhfATL60,shigh,1556.5,2005.5,0.8,57,47,47,25.98354301510318,-0.12898942923310674,1235,"['47_lag_53_median_mhfATL30', '47_lag_53_median_atlSICjfm', '47_lag_50_median_samPSLann', '47_lag_traFB', '47_lag_49_median_shSICsep', '47_lag_50_median_atlSICjfm', '47_lag_56_median_ensoSSTjfm', '47_lag_52_median_traBS', '47_lag_55_median_traTLS', '47_lag_48_median_yrvPRjja', '47_lag_54_median_shSICsep', '50_lag_nhTSjfm', '49_lag_atlSICjfm', '47_lag_56_median_mhfATL45', '49_lag_satlSSTjfm', '47_lag_50_median_traCA', '47_lag_49_median_ensoSSTjfm', '53_lag_traFB', '52_lag_shTSjfm', '51_lag_eapPSLjfm', '49_lag_AMOCann', '52_lag_gyreSSTjfm', '47_lag_48_median_stratZ50ndj04', '48_lag_amo1', '47_lag_55_median_AMOCann', '51_lag_traBO', '48_lag_traFSC', '47_lag_48_median_traEU', '50_lag_nchinaPRjja', '47_lag_52_median_amo1']","[8.560305692914516, 1.3637336225021617, 2.174086595305454, 9.882524230251885, 5.1868489710919015, 8.325639279661894, 3.4397806990924735, 2.312543856314143, 4.346770841637724, 3.8544624947817994, 1.8105937835695247, 8.667774586047056, 5.86759481290726, 1.5596947127818002, 7.775666736524048, 8.744689176334283, 6.190174916177554, 0.37021010290196443, 4.611801460364151, 3.053175963109638, 8.770729139668545, 0.4803158118440187, 2.3012547157262695, 0.22531941424702318, 8.663501527849967, 5.817834465556382, 5.7599715235159055, 1.5495083358806063, 6.7134244345786875, 6.749810730772663]","47_lag_53_median_mhfATL30, 47_lag_53_median_atlSICjfm, 47_lag_50_median_samPSLann, 47_lag_traFB, 47_lag_49_median_shSICsep, 47_lag_50_median_atlSICjfm, 47_lag_56_median_ensoSSTjfm, 47_lag_52_median_traBS, 47_lag_55_median_traTLS, 47_lag_48_median_yrvPRjja, 47_lag_54_median_shSICsep, 50_lag_nhTSjfm, 49_lag_atlSICjfm, 47_lag_56_median_mhfATL45, 49_lag_satlSSTjfm, 47_lag_50_median_traCA, 47_lag_49_median_ensoSSTjfm, 53_lag_traFB, 52_lag_shTSjfm, 51_lag_eapPSLjfm, 49_lag_AMOCann, 52_lag_gyreSSTjfm, 47_lag_48_median_stratZ50ndj04, 48_lag_amo1, 47_lag_55_median_AMOCann, 51_lag_traBO, 48_lag_traFSC, 47_lag_48_median_traEU, 50_lag_nchinaPRjja, 47_lag_52_median_amo1_1235_47"
LRforcedPSO,43,30,mhfATL60,shigh,1557.5,2005.5,0.8,58,48,48,22.655107783661208,0.06782362058264874,1235,"['49_lag_cetTSjfm', '49_lag_tripol1', '48_lag_57_median_traBO', '52_lag_amo3', '48_lag_55_median_tripol3', '57_lag_atlSICsep', '54_lag_traIFC', '53_lag_AMOCann', '48_lag_57_median_ormenSSTjfm', '49_lag_amo1', '51_lag_amo1', '48_lag_53_median_atlSICjfm', '51_lag_scpPSLjfm', '48_lag_51_median_traFS', '48_lag_55_median_gyreSSTjfm', '48_lag_56_median_traDS', '50_lag_traDP', '56_lag_samPSLann', '57_lag_seurTSjfm', '55_lag_eurPSLjfm', '51_lag_stratZ50ndj04', '49_lag_stratZ50ndj02', '54_lag_traEU', '54_lag_scpPSLjfm', '48_lag_55_median_eapPSLjfm', '53_lag_gyreSSTjfm', '48_lag_55_median_nppc2SSTjfm', '48_lag_57_median_scpPSLjfm', '56_lag_stratZ50ndj03', '56_lag_nchinaPRjja']","[2.963738235720591, 4.062515258839355, 1.0029776363520533, 1.7684032845207032, 6.178376526932219, 0.05096127417326457, 2.694842875369961, 3.3654591357276047, 7.185744117437693, 6.7327374345354265, 5.285229358242242, 6.376585565758404, 1.9327460498908806, 2.6843527026587317, 1.5945398293053952, 2.699237391810861, 1.9336375727832174, 2.8431628330031415, 0.942194965079759, 3.5902231714311768, 7.418326975373297, 7.0005666367275055, 0.5998916709752944, 1.3710145192710819, 4.1759242033319355, 3.6436716234965782, 0.2828177682805162, 2.9500832149180773, 9.475780833480382, 1.49863488744964]","49_lag_cetTSjfm, 49_lag_tripol1, 48_lag_57_median_traBO, 52_lag_amo3, 48_lag_55_median_tripol3, 57_lag_atlSICsep, 54_lag_traIFC, 53_lag_AMOCann, 48_lag_57_median_ormenSSTjfm, 49_lag_amo1, 51_lag_amo1, 48_lag_53_median_atlSICjfm, 51_lag_scpPSLjfm, 48_lag_51_median_traFS, 48_lag_55_median_gyreSSTjfm, 48_lag_56_median_traDS, 50_lag_traDP, 56_lag_samPSLann, 57_lag_seurTSjfm, 55_lag_eurPSLjfm, 51_lag_stratZ50ndj04, 49_lag_stratZ50ndj02, 54_lag_traEU, 54_lag_scpPSLjfm, 48_lag_55_median_eapPSLjfm, 53_lag_gyreSSTjfm, 48_lag_55_median_nppc2SSTjfm, 48_lag_57_median_scpPSLjfm, 56_lag_stratZ50ndj03, 56_lag_nchinaPRjja_1235_48"
LRforcedPSO,44,30,mhfATL60,shigh,1558.5,2005.5,0.8,59,49,49,28.158813131430087,-0.11189663292628621,1235,"['49_lag_56_median_traIFC', '55_lag_scpPSLjfm', '53_lag_ensoSSTjfm', '49_lag_arcTSjfm', '49_lag_53_median_traFB', '51_lag_stratZ50ndj02', '51_lag_traDP', '49_lag_53_median_mhfATL45', '49_lag_ormenSSTjfm', '52_lag_yrvPRjja', '49_lag_53_median_ismPRjja', '51_lag_yrvPRjja', '53_lag_tripol2', '49_lag_54_median_nhTSjfm', '53_lag_shSICmar', '51_lag_traIT', '50_lag_ismPRjja', '56_lag_gyreSSTjfm', '53_lag_atlSICsep', '52_lag_amoSSTmjjaso', '51_lag_traFSC', '56_lag_glomaSSTjfm', '58_lag_shSICsep', '49_lag_53_median_amo3', '53_lag_labSSTjfm', '49_lag_50_median_stratZ50ndj03', '49_lag_50_median_wnorPRjfm', '49_lag_52_median_traEC', '49_lag_54_median_arcTSjfm', '49_lag_54_median_traBS']","[0.6554104982578917, 5.723845440007743, 8.339859395781275, 6.722329660443787, 8.182977952800158, 2.7548612293912846, 3.142260633406053, 4.730443797032935, 0.858418035719172, 4.084280298490044, 3.673317439695496, 2.166932145271807, 2.245882000064988, 9.559044708075714, 7.188581227994245, 8.155859805853199, 4.476559014953619, 8.033894191944821, 2.786429776054926, 2.709548664729521, 1.613997092195456, 3.8416108778368834, 0.21442572260675696, 8.17020810790557, 8.217386202851726, 7.872980408091905, 7.1201389915576785, 1.2589693480128297, 6.489693743988556, 9.33001021122815]","49_lag_56_median_traIFC, 55_lag_scpPSLjfm, 53_lag_ensoSSTjfm, 49_lag_arcTSjfm, 49_lag_53_median_traFB, 51_lag_stratZ50ndj02, 51_lag_traDP, 49_lag_53_median_mhfATL45, 49_lag_ormenSSTjfm, 52_lag_yrvPRjja, 49_lag_53_median_ismPRjja, 51_lag_yrvPRjja, 53_lag_tripol2, 49_lag_54_median_nhTSjfm, 53_lag_shSICmar, 51_lag_traIT, 50_lag_ismPRjja, 56_lag_gyreSSTjfm, 53_lag_atlSICsep, 52_lag_amoSSTmjjaso, 51_lag_traFSC, 56_lag_glomaSSTjfm, 58_lag_shSICsep, 49_lag_53_median_amo3, 53_lag_labSSTjfm, 49_lag_50_median_stratZ50ndj03, 49_lag_50_median_wnorPRjfm, 49_lag_52_median_traEC, 49_lag_54_median_arcTSjfm, 49_lag_54_median_traBS_1235_49"
LRforcedPSO,45,30,mhfATL60,shigh,1559.5,2005.5,0.8,60,50,50,27.014381662921434,0.024830931919200862,1235,"['50_lag_51_median_ensoSSTjfm', '59_lag_AMOCann', '50_lag_53_median_traFB', '50_lag_58_median_traTLS', '51_lag_atlSICjfm', '53_lag_shSICmar', '50_lag_58_median_naoPSLjfm', '50_lag_59_median_nppc3SSTjfm', '59_lag_traWP', '52_lag_atlSICsep', '56_lag_tripol3', '53_lag_satlSSTjfm', '50_lag_53_median_mhfATL60', '54_lag_tripol2', '50_lag_56_median_traDS', '50_lag_57_median_atlSICsep', '54_lag_traFS', '53_lag_traDS', '54_lag_eurPSLjfm', '50_lag_59_median_mhfATL60', '50_lag_54_median_amo2', '55_lag_atlSICsep', '53_lag_stratZ50ndj04', '58_lag_traEU', '50_lag_52_median_mhfATL30', '50_lag_58_median_eapPSLjfm', '52_lag_amo2', '54_lag_stratZ50ndj03', '57_lag_satlSSTjfm', '54_lag_stratZ50ndj04']","[3.5976909182539387, 8.381412611894948, 4.326755279658956, 6.457583709117664, 4.210478752426572, 1.9884283868858574, 8.873138301633912, 3.664734129524028, 5.7748093758198005, 5.260457643129236, 8.117391303034813, 2.3852329383214315, 4.552091336255035, 7.870301274028659, 0.5772445792582026, 0.4102753438993254, 0.9995284003066516, 1.2448870541001416, 6.480915648608562, 4.51009484285287, 4.14414797732427, 3.3605122759632327, 4.8188716181483375, 1.5397271179459935, 9.693961392575222, 4.990862828916665, 8.25207578144613, 0.09918128292439832, 8.607529823648676, 0.7556171746925866]","50_lag_51_median_ensoSSTjfm, 59_lag_AMOCann, 50_lag_53_median_traFB, 50_lag_58_median_traTLS, 51_lag_atlSICjfm, 53_lag_shSICmar, 50_lag_58_median_naoPSLjfm, 50_lag_59_median_nppc3SSTjfm, 59_lag_traWP, 52_lag_atlSICsep, 56_lag_tripol3, 53_lag_satlSSTjfm, 50_lag_53_median_mhfATL60, 54_lag_tripol2, 50_lag_56_median_traDS, 50_lag_57_median_atlSICsep, 54_lag_traFS, 53_lag_traDS, 54_lag_eurPSLjfm, 50_lag_59_median_mhfATL60, 50_lag_54_median_amo2, 55_lag_atlSICsep, 53_lag_stratZ50ndj04, 58_lag_traEU, 50_lag_52_median_mhfATL30, 50_lag_58_median_eapPSLjfm, 52_lag_amo2, 54_lag_stratZ50ndj03, 57_lag_satlSSTjfm, 54_lag_stratZ50ndj04_1235_50"
LRforcedPSO,46,30,mhfATL60,shigh,1560.5,2005.5,0.8,61,51,51,24.12582470230955,-0.032144802803907475,1235,"['52_lag_atlSICjfm', '55_lag_tripol3', '51_lag_55_median_stratZ50ndj03', '51_lag_57_median_tripol2', '59_lag_amoSSTmjjaso', '51_lag_57_median_stratZ50ndj01', '58_lag_nchinaPRjja', '51_lag_55_median_tripol2', '51_lag_53_median_alpi', '57_lag_naoPSLjfm', '54_lag_amoSSTmjjaso', '58_lag_mhfATL45', '51_lag_57_median_samPSLann', '53_lag_cetTSjfm', '54_lag_scpPSLjfm', '51_lag_55_median_satlSSTjfm', '57_lag_nchinaPRjja', '51_lag_59_median_wnorPRjfm', '51_lag_54_median_stratZ50ndj04', '60_lag_stratZ50ndj04', '51_lag_shSICsep', '51_lag_57_median_satlSSTjfm', '51_lag_55_median_traFB', '54_lag_shSICsep', '54_lag_traDS', '51_lag_glTSjfm', '51_lag_55_median_ismPRjja', '59_lag_labSSTjfm', '57_lag_gyreSSTjfm', '57_lag_alpi']","[1.7666534540511574, 6.075092941792349, 8.590545975561461, 7.387659735524487, 1.9504123266437254, 1.2602492048829266, 4.448381558477214, 6.560688089445181, 5.500957666335729, 2.7032153180472314, 5.334672204809831, 2.479108473297071, 0.9810963499910237, 5.071216880359186, 3.8927320792328057, 5.632984053657605, 7.661636792654836, 4.488723446313045, 0.9983124299095749, 7.229528578277478, 2.878591942258133, 4.624753703067766, 4.857333027766138, 8.587511298106364, 1.3442256121405922, 0.6542548672210167, 5.181527528680672, 3.7727158915364445, 0.19725728178255153, 0.2154042984882114]","52_lag_atlSICjfm, 55_lag_tripol3, 51_lag_55_median_stratZ50ndj03, 51_lag_57_median_tripol2, 59_lag_amoSSTmjjaso, 51_lag_57_median_stratZ50ndj01, 58_lag_nchinaPRjja, 51_lag_55_median_tripol2, 51_lag_53_median_alpi, 57_lag_naoPSLjfm, 54_lag_amoSSTmjjaso, 58_lag_mhfATL45, 51_lag_57_median_samPSLann, 53_lag_cetTSjfm, 54_lag_scpPSLjfm, 51_lag_55_median_satlSSTjfm, 57_lag_nchinaPRjja, 51_lag_59_median_wnorPRjfm, 51_lag_54_median_stratZ50ndj04, 60_lag_stratZ50ndj04, 51_lag_shSICsep, 51_lag_57_median_satlSSTjfm, 51_lag_55_median_traFB, 54_lag_shSICsep, 54_lag_traDS, 51_lag_glTSjfm, 51_lag_55_median_ismPRjja, 59_lag_labSSTjfm, 57_lag_gyreSSTjfm, 57_lag_alpi_1235_51"
LRforcedPSO,47,30,mhfATL60,shigh,1561.5,2005.5,0.8,62,52,52,26.245161805184928,-0.023114374327474298,1235,"['56_lag_ismPRjja', '55_lag_seurTSjfm', '57_lag_solFORC', '54_lag_tripol3', '52_lag_61_median_tripol1', '52_lag_60_median_nhSICsep', '56_lag_amo2', '53_lag_traTLS', '52_lag_61_median_traIFC', '52_lag_60_median_atlSICsep', '52_lag_58_median_traEU', '58_lag_shTSjfm', '61_lag_nhSICjfm', '52_lag_56_median_traFB', '57_lag_nchinaPRjja', '52_lag_naoPSLjfm', '54_lag_stratZ50ndj04', '52_lag_58_median_tripol2', '58_lag_traDS', '52_lag_61_median_traFB', '59_lag_shTSjfm', '54_lag_amo2', '55_lag_eapPSLjfm', '61_lag_nppc2SSTjfm', '60_lag_mhfATL30', '61_lag_alpi', '59_lag_eurPSLjfm', '52_lag_57_median_amoSSTmjjaso', '52_lag_55_median_ormenSSTjfm', '52_lag_58_median_stratZ50ndj04']","[8.489806442385767, 4.179893200150326, 0.34001126326255715, 2.062232391680519, 1.1187115693602045, 1.0464388614112217, 4.704403093131724, 2.1576308101930692, 2.0267235005414967, 2.16157767243603, 7.76072319920797, 3.6837827341197364, 3.010401812374952, 4.109107564583434, 8.432541092704312, 1.2577480940629542, 3.782177108894073, 3.7769919016577163, 4.02932994847937, 3.8496975360618624, 8.317281909776177, 7.471483911242045, 2.388564281969103, 3.1385620018470695, 5.510331632229173, 2.243332322066194, 4.051242477000676, 4.321545802201017, 1.150184739795563, 6.671788123004564]","56_lag_ismPRjja, 55_lag_seurTSjfm, 57_lag_solFORC, 54_lag_tripol3, 52_lag_61_median_tripol1, 52_lag_60_median_nhSICsep, 56_lag_amo2, 53_lag_traTLS, 52_lag_61_median_traIFC, 52_lag_60_median_atlSICsep, 52_lag_58_median_traEU, 58_lag_shTSjfm, 61_lag_nhSICjfm, 52_lag_56_median_traFB, 57_lag_nchinaPRjja, 52_lag_naoPSLjfm, 54_lag_stratZ50ndj04, 52_lag_58_median_tripol2, 58_lag_traDS, 52_lag_61_median_traFB, 59_lag_shTSjfm, 54_lag_amo2, 55_lag_eapPSLjfm, 61_lag_nppc2SSTjfm, 60_lag_mhfATL30, 61_lag_alpi, 59_lag_eurPSLjfm, 52_lag_57_median_amoSSTmjjaso, 52_lag_55_median_ormenSSTjfm, 52_lag_58_median_stratZ50ndj04_1235_52"
LRforcedPSO,48,30,mhfATL60,shigh,1562.5,2005.5,0.8,63,53,53,19.62972402122197,0.34595586965256886,1235,"['53_lag_56_median_ginwSSTjfm', '53_lag_57_median_traBS', '53_lag_AMOCann', '53_lag_58_median_traWP', '53_lag_56_median_naoPSLjfm', '56_lag_amo1', '53_lag_56_median_nhSICsep', '53_lag_57_median_tripol1', '53_lag_62_median_eurPSLjfm', '61_lag_eapPSLjfm', '53_lag_55_median_eapPSLjfm', '59_lag_nhTSjfm', '56_lag_pdoSSTjfm', '53_lag_55_median_traBO', '58_lag_ginwSSTjfm', '53_lag_54_median_eurPSLjfm', '53_lag_55_median_shSICsep', '53_lag_61_median_traIFC', '53_lag_56_median_tripol1', '62_lag_nchinaPRjja', '62_lag_traFSC', '53_lag_55_median_stratZ50ndj04', '56_lag_amo2', '59_lag_mhfATL30', '58_lag_shTSjfm', '58_lag_traBO', '53_lag_54_median_nhSICjfm', '53_lag_58_median_glTSjfm', '60_lag_nhTSjfm', '58_lag_pdoSSTjfm']","[2.47449210684975, 1.4500196206927924, 0.69625251093996, 6.067883757304585, 0.26159219889015084, 3.579531543682414, 1.2539699348920905, 2.613529233517575, 0.0006244878211507654, 9.997538575204615, 0.2462831320927723, 6.768042828470694, 3.177104720012643, 3.9523976598641184, 2.4067083184984934, 3.627396855868728, 9.601475322944289, 2.662227663686963, 2.3844532186124017, 6.53315456679338, 4.429794429397715, 8.132341741077823, 2.7468994749969644, 3.2520364175139775, 6.195750376155857, 5.633844102151104, 2.5060647402797347, 6.274652874134623, 3.1443286323439636, 4.0734007935791094]","53_lag_56_median_ginwSSTjfm, 53_lag_57_median_traBS, 53_lag_AMOCann, 53_lag_58_median_traWP, 53_lag_56_median_naoPSLjfm, 56_lag_amo1, 53_lag_56_median_nhSICsep, 53_lag_57_median_tripol1, 53_lag_62_median_eurPSLjfm, 61_lag_eapPSLjfm, 53_lag_55_median_eapPSLjfm, 59_lag_nhTSjfm, 56_lag_pdoSSTjfm, 53_lag_55_median_traBO, 58_lag_ginwSSTjfm, 53_lag_54_median_eurPSLjfm, 53_lag_55_median_shSICsep, 53_lag_61_median_traIFC, 53_lag_56_median_tripol1, 62_lag_nchinaPRjja, 62_lag_traFSC, 53_lag_55_median_stratZ50ndj04, 56_lag_amo2, 59_lag_mhfATL30, 58_lag_shTSjfm, 58_lag_traBO, 53_lag_54_median_nhSICjfm, 53_lag_58_median_glTSjfm, 60_lag_nhTSjfm, 58_lag_pdoSSTjfm_1235_53"
LRforcedPSO,49,30,mhfATL60,shigh,1563.5,2005.5,0.8,64,54,54,27.63561575991023,0.05035500156531447,1235,"['55_lag_nppc3SSTjfm', '55_lag_traIFC', '54_lag_60_median_eapPSLjfm', '54_lag_60_median_traBO', '61_lag_traIFC', '54_lag_scpPSLjfm', '56_lag_glomaSSTjfm', '54_lag_61_median_arcTSjfm', '54_lag_56_median_arcTSjfm', '54_lag_57_median_traFS', '54_lag_samPSLann', '54_lag_59_median_atlSICjfm', '54_lag_55_median_ismPRjja', '61_lag_eapPSLjfm', '62_lag_nhTSjfm', '60_lag_traDS', '54_lag_56_median_traEC', '54_lag_60_median_mhfATL45', '54_lag_62_median_shSICsep', '54_lag_eapPSLjfm', '54_lag_56_median_mhfATL60', '60_lag_traIFC', '61_lag_mhfATL45', '61_lag_tripol2', '61_lag_nhSICsep', '58_lag_glomaSSTjfm', '54_lag_61_median_atlSICjfm', '59_lag_glomaSSTjfm', '60_lag_alpi', '61_lag_alpi']","[3.016841861402611, 1.6584379755760619, 0.7910005249084957, 6.885755608945501, 6.8943757309357645, 4.628947727667052, 2.70824131653675, 8.874516930668907, 8.361193897098087, 8.507990256054788, 2.1383479477217655, 6.248742993964427, 8.272408963241368, 6.5256280104369395, 4.2831248964742885, 6.041677325847859, 1.2175514943418264, 2.234621407574629, 7.067537841564937, 0.21303355276402414, 5.045831363658964, 8.749462675110351, 7.473858725249528, 0.7683965587802088, 1.8686362600468236, 0.7837052664447182, 2.9737893017476544, 1.901465735527566, 2.066898302259153, 0.409263028556202]","55_lag_nppc3SSTjfm, 55_lag_traIFC, 54_lag_60_median_eapPSLjfm, 54_lag_60_median_traBO, 61_lag_traIFC, 54_lag_scpPSLjfm, 56_lag_glomaSSTjfm, 54_lag_61_median_arcTSjfm, 54_lag_56_median_arcTSjfm, 54_lag_57_median_traFS, 54_lag_samPSLann, 54_lag_59_median_atlSICjfm, 54_lag_55_median_ismPRjja, 61_lag_eapPSLjfm, 62_lag_nhTSjfm, 60_lag_traDS, 54_lag_56_median_traEC, 54_lag_60_median_mhfATL45, 54_lag_62_median_shSICsep, 54_lag_eapPSLjfm, 54_lag_56_median_mhfATL60, 60_lag_traIFC, 61_lag_mhfATL45, 61_lag_tripol2, 61_lag_nhSICsep, 58_lag_glomaSSTjfm, 54_lag_61_median_atlSICjfm, 59_lag_glomaSSTjfm, 60_lag_alpi, 61_lag_alpi_1235_54"
LRforcedPSO,50,30,mhfATL60,shigh,1564.5,2005.5,0.8,65,55,55,24.778665439106405,0.06898410483293892,1235,"['56_lag_traWP', '64_lag_scpPSLjfm', '55_lag_62_median_stratZ50ndj04', '59_lag_tripol2', '55_lag_60_median_traBO', '55_lag_59_median_scpPSLjfm', '60_lag_nhTSjfm', '64_lag_ensoSSTjfm', '55_lag_56_median_gyreSSTjfm', '55_lag_58_median_shSICmar', '59_lag_amo3', '55_lag_AMOCann', '57_lag_mhfATL60', '55_lag_56_median_neurTSjfm', '58_lag_traDS', '55_lag_gyreSSTjfm', '58_lag_amo2', '60_lag_tripol3', '55_lag_62_median_gyreSSTjfm', '57_lag_satlSSTjfm', '56_lag_satlSSTjfm', '60_lag_eurPSLjfm', '55_lag_64_median_mhfIP30', '63_lag_seurTSjfm', '55_lag_63_median_traDS', '55_lag_64_median_neurTSjfm', '55_lag_57_median_atlSICsep', '55_lag_63_median_yrvPRjja', '55_lag_58_median_mhfATL60', '60_lag_nhSICsep']","[8.691549896953525, 0.6705330286254423, 1.2018559533191908, 2.441624495512138, 1.604135637039823, 2.05709395785002, 6.24391127937049, 6.40361559556371, 3.9020228437998172, 1.0617910382486802, 2.980017204977754, 0.5473172006404425, 1.620612309837945, 9.770567313605362, 3.3060020991565704, 0.8642153287883065, 6.030341299013202, 7.1072314389525, 6.437535116381241, 3.6003756865388485, 5.725746834294007, 2.1010528406034084, 5.310182096557032, 1.2571885766174127, 6.558849639772596, 2.347822252841045, 6.001311065194372, 5.021868737905596, 6.265254850697508, 5.280266822019266]","56_lag_traWP, 64_lag_scpPSLjfm, 55_lag_62_median_stratZ50ndj04, 59_lag_tripol2, 55_lag_60_median_traBO, 55_lag_59_median_scpPSLjfm, 60_lag_nhTSjfm, 64_lag_ensoSSTjfm, 55_lag_56_median_gyreSSTjfm, 55_lag_58_median_shSICmar, 59_lag_amo3, 55_lag_AMOCann, 57_lag_mhfATL60, 55_lag_56_median_neurTSjfm, 58_lag_traDS, 55_lag_gyreSSTjfm, 58_lag_amo2, 60_lag_tripol3, 55_lag_62_median_gyreSSTjfm, 57_lag_satlSSTjfm, 56_lag_satlSSTjfm, 60_lag_eurPSLjfm, 55_lag_64_median_mhfIP30, 63_lag_seurTSjfm, 55_lag_63_median_traDS, 55_lag_64_median_neurTSjfm, 55_lag_57_median_atlSICsep, 55_lag_63_median_yrvPRjja, 55_lag_58_median_mhfATL60, 60_lag_nhSICsep_1235_55"
LRforcedPSO,51,30,mhfATL60,shigh,1565.5,2005.5,0.8,66,56,56,23.223113239117037,0.44166759004872347,1235,"['56_lag_64_median_nppc3SSTjfm', '59_lag_yrvPRjja', '58_lag_traFSC', '56_lag_58_median_amoSSTmjjaso', '56_lag_62_median_nchinaPRjja', '56_lag_60_median_nhSICjfm', '56_lag_60_median_labSSTjfm', '56_lag_63_median_alpi', '56_lag_62_median_atlSICsep', '63_lag_cetTSjfm', '59_lag_amo1', '56_lag_64_median_amo1', '56_lag_61_median_stratZ50ndj02', '56_lag_61_median_arcTSjfm', '56_lag_59_median_gyreSSTjfm', '62_lag_ensoSSTjfm', '62_lag_ismPRjja', '65_lag_ensoSSTjfm', '56_lag_63_median_AMOCann', '56_lag_65_median_traBO', '62_lag_mhfATL60', '59_lag_nhSICjfm', '56_lag_57_median_amoSSTmjjaso', '59_lag_traDP', '65_lag_traIFC', '61_lag_traBO', '56_lag_63_median_satlSSTjfm', '64_lag_ginwSSTjfm', '57_lag_traFS', '56_lag_59_median_ormenSSTjfm']","[2.8606901167574943, 3.9669430734476974, 1.0397668342098179, 5.3498258941247245, 3.2989504573409123, 3.627556262485891, 7.644040534308944, 1.5351680780359054, 0.67079676045614, 5.190334219471788, 6.162245394092366, 3.1367051119805396, 7.376875064672284, 6.141661874727649, 8.508222921096138, 3.973026888702547, 2.6718559388894434, 1.112288816599321, 9.557033694479927, 6.186819817513049, 3.48028669620156, 4.772291731163023, 2.3975043647120415, 2.21842273454266, 6.88074541651217, 4.45945018929493, 5.75687446252288, 7.020568135862968, 4.229009681786604, 7.4991823856535245]","56_lag_64_median_nppc3SSTjfm, 59_lag_yrvPRjja, 58_lag_traFSC, 56_lag_58_median_amoSSTmjjaso, 56_lag_62_median_nchinaPRjja, 56_lag_60_median_nhSICjfm, 56_lag_60_median_labSSTjfm, 56_lag_63_median_alpi, 56_lag_62_median_atlSICsep, 63_lag_cetTSjfm, 59_lag_amo1, 56_lag_64_median_amo1, 56_lag_61_median_stratZ50ndj02, 56_lag_61_median_arcTSjfm, 56_lag_59_median_gyreSSTjfm, 62_lag_ensoSSTjfm, 62_lag_ismPRjja, 65_lag_ensoSSTjfm, 56_lag_63_median_AMOCann, 56_lag_65_median_traBO, 62_lag_mhfATL60, 59_lag_nhSICjfm, 56_lag_57_median_amoSSTmjjaso, 59_lag_traDP, 65_lag_traIFC, 61_lag_traBO, 56_lag_63_median_satlSSTjfm, 64_lag_ginwSSTjfm, 57_lag_traFS, 56_lag_59_median_ormenSSTjfm_1235_56"
LRforcedPSO,52,30,mhfATL60,shigh,1566.5,2005.5,0.8,67,57,57,26.814840874160392,-0.1730172929664863,1235,"['66_lag_gyreSSTjfm', '59_lag_solFORC', '57_lag_62_median_AMOCann', '57_lag_62_median_atlSICjfm', '64_lag_eurPSLjfm', '61_lag_nhSICjfm', '64_lag_gyreSSTjfm', '65_lag_traDS', '58_lag_mhfIP30', '57_lag_58_median_traTLS', '57_lag_62_median_traIT', '57_lag_58_median_shSICsep', '57_lag_58_median_traFSC', '57_lag_60_median_traBS', '57_lag_66_median_atlSICjfm', '61_lag_nppc3SSTjfm', '63_lag_satlSSTjfm', '57_lag_59_median_traMC', '57_lag_61_median_shSICmar', '57_lag_60_median_traFS', '62_lag_alpi', '66_lag_labSSTjfm', '63_lag_mhfIP30', '57_lag_64_median_cetTSjfm', '65_lag_tripol1', '62_lag_nppc3SSTjfm', '57_lag_traIT', '66_lag_shSICmar', '65_lag_samPSLann', '57_lag_59_median_traBO']","[0.41725707087710795, 2.4156837228674704, 3.257227529019553, 7.828357144100815, 4.368641399788267, 4.28992675545455, 1.8390336594325785, 2.3834185729627766, 4.834168931961999, 9.56740774987298, 2.895477291176963, 2.3360458854155333, 0.617615842382822, 3.931718853051528, 2.995317715347065, 3.1769203634402787, 6.004728960269762, 4.046071957686921, 2.667032801075468, 5.6213553273506704, 3.068740919933221, 3.6878631576339487, 5.0912612980771765, 3.1688292186314655, 0.551750066975984, 4.626542600548692, 5.451535337147686, 0.1414506817030663, 5.141168574383316, 3.8743143168150986]","66_lag_gyreSSTjfm, 59_lag_solFORC, 57_lag_62_median_AMOCann, 57_lag_62_median_atlSICjfm, 64_lag_eurPSLjfm, 61_lag_nhSICjfm, 64_lag_gyreSSTjfm, 65_lag_traDS, 58_lag_mhfIP30, 57_lag_58_median_traTLS, 57_lag_62_median_traIT, 57_lag_58_median_shSICsep, 57_lag_58_median_traFSC, 57_lag_60_median_traBS, 57_lag_66_median_atlSICjfm, 61_lag_nppc3SSTjfm, 63_lag_satlSSTjfm, 57_lag_59_median_traMC, 57_lag_61_median_shSICmar, 57_lag_60_median_traFS, 62_lag_alpi, 66_lag_labSSTjfm, 63_lag_mhfIP30, 57_lag_64_median_cetTSjfm, 65_lag_tripol1, 62_lag_nppc3SSTjfm, 57_lag_traIT, 66_lag_shSICmar, 65_lag_samPSLann, 57_lag_59_median_traBO_1235_57"
LRforcedPSO,53,30,mhfATL60,shigh,1567.5,2005.5,0.8,68,58,58,21.720475924164962,-0.03478705293425705,1235,"['58_lag_59_median_traBO', '62_lag_stratZ50ndj04', '58_lag_67_median_satlSSTjfm', '58_lag_glomaSSTjfm', '66_lag_eurPSLjfm', '58_lag_64_median_AMOCann', '58_lag_64_median_traWP', '58_lag_66_median_traTLS', '58_lag_61_median_nhTSjfm', '58_lag_60_median_labSSTjfm', '58_lag_65_median_nhTSjfm', '65_lag_AMOCann', '58_lag_stratZ50ndj04', '58_lag_traIFC', '58_lag_67_median_mhfATL30', '58_lag_traWP', '67_lag_tripol3', '58_lag_66_median_nppc2SSTjfm', '64_lag_traIFC', '65_lag_shSICsep', '58_lag_61_median_stratZ50ndj02', '63_lag_traIFC', '67_lag_stratZ50ndj01', '58_lag_63_median_mhfIP30', '62_lag_nhSICsep', '59_lag_nhTSjfm', '58_lag_65_median_tripol2', '58_lag_62_median_shSICmar', '63_lag_atlSICsep', '58_lag_60_median_mhfATL45']","[0.8436696539317605, 0.9294445392033701, 7.788323170968527, 1.016982469669525, 0.9295168333760557, 0.05066777838817771, 3.9789296401320424, 5.333014216948328, 9.269351163825279, 3.5237647428866126, 8.238948231262967, 2.0704312454157403, 5.801924989502838, 6.216125821667216, 6.227513741050452, 0.4151866913608977, 2.2596795029944117, 5.41987432530661, 2.819290508399469, 3.432900617768702, 0.6908348453732813, 4.686498135001937, 3.8889733018130386, 3.9191580464370084, 2.5285603882128598, 9.498563233307014, 0.9678258987053123, 9.72337281596015, 6.093546613240587, 1.8216902350505304]","58_lag_59_median_traBO, 62_lag_stratZ50ndj04, 58_lag_67_median_satlSSTjfm, 58_lag_glomaSSTjfm, 66_lag_eurPSLjfm, 58_lag_64_median_AMOCann, 58_lag_64_median_traWP, 58_lag_66_median_traTLS, 58_lag_61_median_nhTSjfm, 58_lag_60_median_labSSTjfm, 58_lag_65_median_nhTSjfm, 65_lag_AMOCann, 58_lag_stratZ50ndj04, 58_lag_traIFC, 58_lag_67_median_mhfATL30, 58_lag_traWP, 67_lag_tripol3, 58_lag_66_median_nppc2SSTjfm, 64_lag_traIFC, 65_lag_shSICsep, 58_lag_61_median_stratZ50ndj02, 63_lag_traIFC, 67_lag_stratZ50ndj01, 58_lag_63_median_mhfIP30, 62_lag_nhSICsep, 59_lag_nhTSjfm, 58_lag_65_median_tripol2, 58_lag_62_median_shSICmar, 63_lag_atlSICsep, 58_lag_60_median_mhfATL45_1235_58"
LRforcedPSO,54,30,mhfATL60,shigh,1568.5,2005.5,0.8,69,59,59,17.74419019658045,0.27113192632217914,1235,"['59_lag_63_median_atlSICjfm', '63_lag_satlSSTjfm', '59_lag_65_median_amo1', '59_lag_60_median_atlSICjfm', '64_lag_eurPSLjfm', '59_lag_mhfATL30', '59_lag_67_median_amoSSTmjjaso', '59_lag_63_median_nppc3SSTjfm', '65_lag_tripol2', '66_lag_traIT', '68_lag_ismPRjja', '61_lag_yrvPRjja', '65_lag_nhSICjfm', '59_lag_shSICsep', '59_lag_63_median_glTSjfm', '59_lag_66_median_traEC', '59_lag_62_median_ormenSSTjfm', '59_lag_68_median_glTSjfm', '59_lag_60_median_seurTSjfm', '59_lag_67_median_traIFC', '59_lag_atlSICsep', '63_lag_arcTSjfm', '59_lag_stratZ50ndj02', '59_lag_gyreSSTjfm', '59_lag_68_median_tripol2', '59_lag_glTSjfm', '60_lag_pdoSSTjfm', '59_lag_63_median_traBO', '68_lag_amo3', '66_lag_nhTSjfm']","[4.000567720427883, 1.7024133680431994, 4.0824904746112285, 8.431405910255055, 3.3540712945660145, 4.515361782534488, 5.370629262321778, 2.2963459487221023, 6.950973066268876, 2.7885752221597127, 3.147240989969924, 2.924589584651085, 9.818934886227488, 0.7840908262824655, 0.8110913355293832, 2.2794223632488375, 3.302980208788801, 6.15948475109165, 3.3043659261005747, 8.13305796493868, 6.372316243944045, 0.15701168444975266, 4.573725721570994, 1.9155439903945073, 0.4549734196599058, 1.577730393330917, 0.06644102525995521, 3.6500910048586306, 4.0343310225387246, 7.464898549290595]","59_lag_63_median_atlSICjfm, 63_lag_satlSSTjfm, 59_lag_65_median_amo1, 59_lag_60_median_atlSICjfm, 64_lag_eurPSLjfm, 59_lag_mhfATL30, 59_lag_67_median_amoSSTmjjaso, 59_lag_63_median_nppc3SSTjfm, 65_lag_tripol2, 66_lag_traIT, 68_lag_ismPRjja, 61_lag_yrvPRjja, 65_lag_nhSICjfm, 59_lag_shSICsep, 59_lag_63_median_glTSjfm, 59_lag_66_median_traEC, 59_lag_62_median_ormenSSTjfm, 59_lag_68_median_glTSjfm, 59_lag_60_median_seurTSjfm, 59_lag_67_median_traIFC, 59_lag_atlSICsep, 63_lag_arcTSjfm, 59_lag_stratZ50ndj02, 59_lag_gyreSSTjfm, 59_lag_68_median_tripol2, 59_lag_glTSjfm, 60_lag_pdoSSTjfm, 59_lag_63_median_traBO, 68_lag_amo3, 66_lag_nhTSjfm_1235_59"
LRforcedPSO,55,30,mhfATL60,shigh,1569.5,2005.5,0.8,70,60,60,31.593067466154892,-0.11604300731339144,1235,"['60_lag_64_median_glomaSSTjfm', '67_lag_traFS', '62_lag_nchinaPRjja', '60_lag_67_median_eapPSLjfm', '65_lag_gyreSSTjfm', '60_lag_mhfIP30', '60_lag_ensoSSTjfm', '60_lag_61_median_seurTSjfm', '60_lag_64_median_cetTSjfm', '66_lag_neurTSjfm', '60_lag_62_median_wnorPRjfm', '60_lag_traFSC', '61_lag_nchinaPRjja', '61_lag_samPSLann', '60_lag_62_median_traIFC', '67_lag_amo3', '60_lag_68_median_traDP', '66_lag_amo1', '65_lag_traBO', '60_lag_62_median_mhfIP30', '64_lag_seurTSjfm', '61_lag_amo2', '60_lag_66_median_stratZ50ndj03', '68_lag_ismPRjja', '67_lag_tripol2', '69_lag_amo2', '60_lag_61_median_solFORC', '61_lag_traBO', '68_lag_mhfIP30', '63_lag_glTSjfm']","[4.2593587385711835, 4.127543804745159, 6.961127430792285, 0.19846469810808642, 2.814261723661991, 2.3933509587471713, 7.993300416907463, 6.280110196054043, 8.693800355971955, 8.487465333606, 1.6491546863831594, 3.762361364374822, 1.6584673488225032, 1.072107738374994, 8.890487045722427, 1.1556283597435382, 1.1597927191259334, 6.381310410688035, 0.7392449944179109, 5.552170815553934, 3.769095384677634, 2.423284056160721, 4.391952344934552, 8.791103122197867, 4.600234860353356, 9.903580159436796, 7.1842588593166425, 0.5520317529132264, 9.750440508006022, 4.9527477624426215]","60_lag_64_median_glomaSSTjfm, 67_lag_traFS, 62_lag_nchinaPRjja, 60_lag_67_median_eapPSLjfm, 65_lag_gyreSSTjfm, 60_lag_mhfIP30, 60_lag_ensoSSTjfm, 60_lag_61_median_seurTSjfm, 60_lag_64_median_cetTSjfm, 66_lag_neurTSjfm, 60_lag_62_median_wnorPRjfm, 60_lag_traFSC, 61_lag_nchinaPRjja, 61_lag_samPSLann, 60_lag_62_median_traIFC, 67_lag_amo3, 60_lag_68_median_traDP, 66_lag_amo1, 65_lag_traBO, 60_lag_62_median_mhfIP30, 64_lag_seurTSjfm, 61_lag_amo2, 60_lag_66_median_stratZ50ndj03, 68_lag_ismPRjja, 67_lag_tripol2, 69_lag_amo2, 60_lag_61_median_solFORC, 61_lag_traBO, 68_lag_mhfIP30, 63_lag_glTSjfm_1235_60"
LRforcedPSO,56,30,mhfATL60,shigh,1570.5,2005.5,0.8,71,61,61,25.299555471413957,0.1274678338974821,1235,"['70_lag_ormenSSTjfm', '62_lag_eurPSLjfm', '62_lag_cetTSjfm', '62_lag_seurTSjfm', '61_lag_63_median_ormenSSTjfm', '62_lag_pdoSSTjfm', '63_lag_shSICmar', '61_lag_67_median_eurPSLjfm', '61_lag_68_median_tripol2', '61_lag_70_median_amo2', '66_lag_naoPSLjfm', '61_lag_65_median_traEC', '61_lag_65_median_traFB', '62_lag_AMOCann', '70_lag_amo1', '61_lag_62_median_mhfATL60', '66_lag_tripol2', '66_lag_nchinaPRjja', '69_lag_AMOCann', '61_lag_62_median_traBS', '70_lag_stratZ50ndj02', '64_lag_satlSSTjfm', '69_lag_traDS', '70_lag_shSICmar', '61_lag_66_median_shSICsep', '61_lag_63_median_stratZ50ndj01', '61_lag_70_median_atlSICjfm', '61_lag_70_median_stratZ50ndj01', '63_lag_atlSICjfm', '67_lag_nchinaPRjja']","[8.155000063658758, 4.68863851014111, 3.5658064958116276, 2.569756407935473, 2.0584719106470217, 3.094109719386056, 1.1794793933080037, 4.774658138690057, 4.999948686300593, 1.9220102409164994, 4.361751767100898, 7.243301439080875, 0.8720300982389855, 0.5572958601145057, 3.646685591641994, 1.641031351300967, 9.281398173407393, 5.6816832624788915, 0.1215290488959404, 6.6543460192760975, 9.998804701196045, 1.3597666589927684, 0.9154542061728925, 7.4822913168875065, 2.670751338049069, 5.384596021053232, 6.653878733735164, 0.19159599929729332, 3.985064640272915, 4.049233623433908]","70_lag_ormenSSTjfm, 62_lag_eurPSLjfm, 62_lag_cetTSjfm, 62_lag_seurTSjfm, 61_lag_63_median_ormenSSTjfm, 62_lag_pdoSSTjfm, 63_lag_shSICmar, 61_lag_67_median_eurPSLjfm, 61_lag_68_median_tripol2, 61_lag_70_median_amo2, 66_lag_naoPSLjfm, 61_lag_65_median_traEC, 61_lag_65_median_traFB, 62_lag_AMOCann, 70_lag_amo1, 61_lag_62_median_mhfATL60, 66_lag_tripol2, 66_lag_nchinaPRjja, 69_lag_AMOCann, 61_lag_62_median_traBS, 70_lag_stratZ50ndj02, 64_lag_satlSSTjfm, 69_lag_traDS, 70_lag_shSICmar, 61_lag_66_median_shSICsep, 61_lag_63_median_stratZ50ndj01, 61_lag_70_median_atlSICjfm, 61_lag_70_median_stratZ50ndj01, 63_lag_atlSICjfm, 67_lag_nchinaPRjja_1235_61"
LRforcedPSO,57,30,mhfATL60,shigh,1571.5,2005.5,0.8,72,62,62,18.236315950436847,0.36116742006518465,1235,"['62_lag_70_median_pdoSSTjfm', '70_lag_traEU', '62_lag_70_median_cetTSjfm', '62_lag_65_median_ormenSSTjfm', '62_lag_eapPSLjfm', '64_lag_solFORC', '67_lag_naoPSLjfm', '67_lag_atlSICsep', '62_lag_pdoSSTjfm', '62_lag_71_median_tripol3', '66_lag_traBO', '63_lag_amo2', '62_lag_67_median_cetTSjfm', '62_lag_69_median_satlSSTjfm', '62_lag_66_median_yrvPRjja', '62_lag_63_median_traFSC', '62_lag_68_median_ginwSSTjfm', '62_lag_70_median_alpi', '62_lag_66_median_traMC', '68_lag_mhfIP30', '62_lag_63_median_traIFC', '67_lag_satlSSTjfm', '62_lag_68_median_seurTSjfm', '62_lag_65_median_mhfATL45', '70_lag_traFB', '62_lag_63_median_traCA', '68_lag_ensoSSTjfm', '62_lag_70_median_yrvPRjja', '71_lag_atlSICsep', '66_lag_nhSICsep']","[3.7394432731637606, 2.8656561237158478, 5.080932584948364, 1.3697946968574293, 5.267431919040133, 2.2816094789027215, 5.384139010903366, 0.6920849083140048, 1.476711413040853, 6.789034102571264, 1.7621090012149132, 1.1564452703321244, 5.9851479577743305, 1.7876339719571472, 2.359649304462703, 5.113137471968631, 9.453026310244812, 1.6775097391970402, 4.150964037426068, 0.0462586122604165, 2.5931211889715087, 5.397648306925, 3.4946859091892506, 1.044897746735458, 6.672972362903915, 4.698902086541114, 4.626481137065056, 2.392312157723053, 2.71670789911191, 4.192988091238977]","62_lag_70_median_pdoSSTjfm, 70_lag_traEU, 62_lag_70_median_cetTSjfm, 62_lag_65_median_ormenSSTjfm, 62_lag_eapPSLjfm, 64_lag_solFORC, 67_lag_naoPSLjfm, 67_lag_atlSICsep, 62_lag_pdoSSTjfm, 62_lag_71_median_tripol3, 66_lag_traBO, 63_lag_amo2, 62_lag_67_median_cetTSjfm, 62_lag_69_median_satlSSTjfm, 62_lag_66_median_yrvPRjja, 62_lag_63_median_traFSC, 62_lag_68_median_ginwSSTjfm, 62_lag_70_median_alpi, 62_lag_66_median_traMC, 68_lag_mhfIP30, 62_lag_63_median_traIFC, 67_lag_satlSSTjfm, 62_lag_68_median_seurTSjfm, 62_lag_65_median_mhfATL45, 70_lag_traFB, 62_lag_63_median_traCA, 68_lag_ensoSSTjfm, 62_lag_70_median_yrvPRjja, 71_lag_atlSICsep, 66_lag_nhSICsep_1235_62"
LRforcedPSO,58,30,mhfATL60,shigh,1572.5,2005.5,0.8,73,63,63,22.73360120699562,0.12163075001491716,1235,"['63_lag_67_median_scpPSLjfm', '71_lag_tripol2', '63_lag_67_median_eurPSLjfm', '66_lag_AMOCann', '63_lag_69_median_solFORC', '63_lag_68_median_pdoSSTjfm', '63_lag_69_median_traBO', '69_lag_traBO', '63_lag_67_median_traFSC', '63_lag_67_median_traBS', '63_lag_67_median_atlSICsep', '63_lag_71_median_ginwSSTjfm', '67_lag_mhfATL30', '66_lag_shSICmar', '66_lag_ginwSSTjfm', '69_lag_nppc3SSTjfm', '68_lag_traEU', '63_lag_69_median_AMOCann', '63_lag_71_median_eapPSLjfm', '70_lag_naoPSLjfm', '68_lag_traBS', '63_lag_71_median_traDS', '70_lag_traBO', '63_lag_shSICsep', '71_lag_glomaSSTjfm', '72_lag_solFORC', '63_lag_64_median_amo1', '72_lag_AMOCann', '63_lag_69_median_mhfATL45', '64_lag_amoSSTmjjaso']","[6.168879652161834, 2.9724062492845738, 3.005333254944114, 5.0866748751522035, 7.234411306271447, 6.67353458802468, 0.5053653475527398, 6.089811781581144, 3.494680208792003, 1.423681904718478, 8.458161109529438, 2.9049182249464103, 7.707434784665594, 6.618546849345105, 4.152524571470995, 5.693575862619493, 5.108164420275836, 7.320952634538099, 3.08274709978296, 1.035696325081707, 2.1926286474543595, 1.2124131649973577, 0.0820871981900595, 6.538061983044243, 6.08827999607886, 6.7120580202175475, 5.8962421764153365, 0.0570317144817416, 4.928416087893181, 5.801750428705576]","63_lag_67_median_scpPSLjfm, 71_lag_tripol2, 63_lag_67_median_eurPSLjfm, 66_lag_AMOCann, 63_lag_69_median_solFORC, 63_lag_68_median_pdoSSTjfm, 63_lag_69_median_traBO, 69_lag_traBO, 63_lag_67_median_traFSC, 63_lag_67_median_traBS, 63_lag_67_median_atlSICsep, 63_lag_71_median_ginwSSTjfm, 67_lag_mhfATL30, 66_lag_shSICmar, 66_lag_ginwSSTjfm, 69_lag_nppc3SSTjfm, 68_lag_traEU, 63_lag_69_median_AMOCann, 63_lag_71_median_eapPSLjfm, 70_lag_naoPSLjfm, 68_lag_traBS, 63_lag_71_median_traDS, 70_lag_traBO, 63_lag_shSICsep, 71_lag_glomaSSTjfm, 72_lag_solFORC, 63_lag_64_median_amo1, 72_lag_AMOCann, 63_lag_69_median_mhfATL45, 64_lag_amoSSTmjjaso_1235_63"
LRforcedPSO,59,30,mhfATL60,shigh,1573.5,2005.5,0.8,74,64,64,27.144838577932138,-0.21743692004216272,1235,"['71_lag_traWP', '69_lag_traFB', '65_lag_traFB', '64_lag_67_median_traEC', '71_lag_wnorPRjfm', '64_lag_66_median_nhTSjfm', '64_lag_66_median_ismPRjja', '73_lag_nhSICjfm', '64_lag_70_median_tripol1', '70_lag_solFORC', '64_lag_stratZ50ndj04', '64_lag_72_median_ormenSSTjfm', '72_lag_gyreSSTjfm', '73_lag_ismPRjja', '69_lag_ensoSSTjfm', '71_lag_ismPRjja', '66_lag_traCA', '67_lag_stratZ50ndj01', '67_lag_traFS', '66_lag_nhTSjfm', '64_lag_traFB', '68_lag_amoSSTmjjaso', '69_lag_mhfATL45', '64_lag_66_median_nhSICjfm', '64_lag_73_median_tripol3', '73_lag_arcTSjfm', '64_lag_68_median_shSICmar', '64_lag_73_median_glomaSSTjfm', '70_lag_traBS', '64_lag_mhfATL30']","[5.810785205916391, 0.6530115155800136, 1.3816480992225415, 3.7432524950944, 8.459297066148302, 0.0578121163480283, 1.4561346434166893, 0.385386049505847, 8.655385932148537, 2.854008852254206, 7.370909477586263, 4.876834306313047, 3.8157239854969838, 8.650911471790796, 0.13887771601023857, 9.99642039659535, 1.4782633368688813, 1.4630426875546192, 1.1956552035419143, 6.04904428149198, 1.4130529308048168, 2.8732986393054887, 5.2998070555402315, 0.9404576037748669, 0.3172112383734511, 5.995475475119553, 4.466143962673533, 9.925235628017566, 4.773003900051169, 4.634303609493955]","71_lag_traWP, 69_lag_traFB, 65_lag_traFB, 64_lag_67_median_traEC, 71_lag_wnorPRjfm, 64_lag_66_median_nhTSjfm, 64_lag_66_median_ismPRjja, 73_lag_nhSICjfm, 64_lag_70_median_tripol1, 70_lag_solFORC, 64_lag_stratZ50ndj04, 64_lag_72_median_ormenSSTjfm, 72_lag_gyreSSTjfm, 73_lag_ismPRjja, 69_lag_ensoSSTjfm, 71_lag_ismPRjja, 66_lag_traCA, 67_lag_stratZ50ndj01, 67_lag_traFS, 66_lag_nhTSjfm, 64_lag_traFB, 68_lag_amoSSTmjjaso, 69_lag_mhfATL45, 64_lag_66_median_nhSICjfm, 64_lag_73_median_tripol3, 73_lag_arcTSjfm, 64_lag_68_median_shSICmar, 64_lag_73_median_glomaSSTjfm, 70_lag_traBS, 64_lag_mhfATL30_1235_64"
LRforcedPSO,60,30,mhfATL60,shigh,1574.5,2005.5,0.8,75,65,65,28.500443799689723,-0.11639856671354867,1235,"['65_lag_74_median_stratZ50ndj04', '65_lag_73_median_traIT', '69_lag_stratZ50ndj04', '73_lag_traCA', '65_lag_70_median_nppc3SSTjfm', '67_lag_eurPSLjfm', '68_lag_satlSSTjfm', '65_lag_74_median_amo1', '65_lag_nhTSjfm', '67_lag_arcTSjfm', '69_lag_glTSjfm', '68_lag_wnorPRjfm', '65_lag_66_median_traCA', '71_lag_satlSSTjfm', '71_lag_nhSICjfm', '66_lag_traEC', '66_lag_stratZ50ndj01', '65_lag_69_median_traFB', '67_lag_traFB', '65_lag_71_median_arcTSjfm', '70_lag_glTSjfm', '65_lag_73_median_shSICsep', '65_lag_69_median_solFORC', '65_lag_68_median_ismPRjja', '71_lag_traBO', '73_lag_stratZ50ndj04', '65_lag_68_median_solFORC', '65_lag_74_median_nhTSjfm', '73_lag_traWP', '65_lag_66_median_naoPSLjfm']","[3.2163147936575527, 1.7334843919654563, 0.8376062950232281, 4.376903900958897, 1.8601562172497683, 3.791438837125332, 5.850718671785991, 2.3403740672817737, 5.532030566807016, 0.2277794066745038, 9.729750964953748, 2.189368361955509, 8.900574311411408, 5.277853271310349, 9.607332579335875, 9.956973408612015, 1.4933699011481938, 0.6009628543168954, 4.268075414403469, 6.24812893349603, 8.522103200340748, 5.465836336319569, 2.725717028596444, 3.0036465434693262, 7.8015542005513225, 2.1344693134964743, 6.9536359933535685, 0.5708063938094661, 7.257341689957009, 3.452876160320331]","65_lag_74_median_stratZ50ndj04, 65_lag_73_median_traIT, 69_lag_stratZ50ndj04, 73_lag_traCA, 65_lag_70_median_nppc3SSTjfm, 67_lag_eurPSLjfm, 68_lag_satlSSTjfm, 65_lag_74_median_amo1, 65_lag_nhTSjfm, 67_lag_arcTSjfm, 69_lag_glTSjfm, 68_lag_wnorPRjfm, 65_lag_66_median_traCA, 71_lag_satlSSTjfm, 71_lag_nhSICjfm, 66_lag_traEC, 66_lag_stratZ50ndj01, 65_lag_69_median_traFB, 67_lag_traFB, 65_lag_71_median_arcTSjfm, 70_lag_glTSjfm, 65_lag_73_median_shSICsep, 65_lag_69_median_solFORC, 65_lag_68_median_ismPRjja, 71_lag_traBO, 73_lag_stratZ50ndj04, 65_lag_68_median_solFORC, 65_lag_74_median_nhTSjfm, 73_lag_traWP, 65_lag_66_median_naoPSLjfm_1235_65"
LRforcedPSO,61,30,mhfATL60,shigh,1575.5,2005.5,0.8,76,66,66,28.190844109021416,-0.21157532387379915,1235,"['73_lag_labSSTjfm', '73_lag_traDP', '66_lag_traCA', '69_lag_amo3', '66_lag_73_median_eapPSLjfm', '66_lag_74_median_traDP', '66_lag_71_median_ormenSSTjfm', '72_lag_traDS', '66_lag_75_median_traMC', '71_lag_atlSICjfm', '68_lag_naoPSLjfm', '66_lag_72_median_tripol1', '66_lag_69_median_mhfATL45', '66_lag_72_median_shSICsep', '66_lag_73_median_seurTSjfm', '69_lag_stratZ50ndj01', '70_lag_alpi', '66_lag_amo3', '66_lag_68_median_nchinaPRjja', '66_lag_72_median_nhSICsep', '66_lag_75_median_traEC', '66_lag_74_median_eurPSLjfm', '72_lag_nchinaPRjja', '66_lag_69_median_traCA', '66_lag_71_median_glomaSSTjfm', '68_lag_glomaSSTjfm', '66_lag_75_median_cetTSjfm', '66_lag_72_median_AMOCann', '66_lag_labSSTjfm', '75_lag_nhSICsep']","[0.5270888447500433, 2.547497204104423, 7.997807897969906, 4.466306050425503, 0.12331531753441816, 1.8229295615545222, 4.312930860166984, 2.024393476130509, 1.6142991850131523, 3.1901500404667527, 4.6636410011322464, 4.835223074152228, 7.587775201273775, 7.235445929696766, 4.181480806738447, 9.018584200500516, 7.3613904455702475, 6.461705557774682, 4.479947696595964, 0.08543930589740967, 1.944270135187164, 3.035196778536669, 2.5819291595452887, 8.195533433989763, 5.942633960860036, 7.414002663419051, 6.34832099053715, 7.065600240802663, 6.926313007315164, 3.739010664828477]","73_lag_labSSTjfm, 73_lag_traDP, 66_lag_traCA, 69_lag_amo3, 66_lag_73_median_eapPSLjfm, 66_lag_74_median_traDP, 66_lag_71_median_ormenSSTjfm, 72_lag_traDS, 66_lag_75_median_traMC, 71_lag_atlSICjfm, 68_lag_naoPSLjfm, 66_lag_72_median_tripol1, 66_lag_69_median_mhfATL45, 66_lag_72_median_shSICsep, 66_lag_73_median_seurTSjfm, 69_lag_stratZ50ndj01, 70_lag_alpi, 66_lag_amo3, 66_lag_68_median_nchinaPRjja, 66_lag_72_median_nhSICsep, 66_lag_75_median_traEC, 66_lag_74_median_eurPSLjfm, 72_lag_nchinaPRjja, 66_lag_69_median_traCA, 66_lag_71_median_glomaSSTjfm, 68_lag_glomaSSTjfm, 66_lag_75_median_cetTSjfm, 66_lag_72_median_AMOCann, 66_lag_labSSTjfm, 75_lag_nhSICsep_1235_66"
LRforcedPSO,62,30,mhfATL60,shigh,1576.5,2005.5,0.8,77,67,67,25.001339165979353,-0.23369162163033685,1235,"['75_lag_nchinaPRjja', '67_lag_69_median_traBO', '69_lag_nhSICsep', '69_lag_amo3', '67_lag_69_median_labSSTjfm', '67_lag_71_median_naoPSLjfm', '70_lag_atlSICjfm', '67_lag_76_median_traEC', '67_lag_tripol1', '68_lag_traEU', '75_lag_stratZ50ndj04', '74_lag_glomaSSTjfm', '67_lag_75_median_nppc3SSTjfm', '67_lag_75_median_gyreSSTjfm', '73_lag_tripol1', '67_lag_74_median_stratZ50ndj03', '67_lag_75_median_amo2', '69_lag_shTSjfm', '67_lag_68_median_stratZ50ndj03', '67_lag_75_median_traEU', '72_lag_stratZ50ndj04', '71_lag_tripol3', '75_lag_arcTSjfm', '67_lag_traDS', '75_lag_traWP', '67_lag_70_median_alpi', '72_lag_traIT', '67_lag_76_median_mhfIP30', '67_lag_76_median_atlSICjfm', '68_lag_mhfATL45']","[4.618183713246255, 0.3360223680543424, 2.2228471733607176, 1.6389116719545243, 5.3065673097566375, 1.691126589837408, 1.4819950455082047, 0.900710160195807, 4.241201354280095, 6.599885637686036, 7.877556766556012, 2.1801837483223334, 2.170269024903515, 1.215683205984984, 8.565098297659006, 0.3168248819696018, 6.705094654930992, 4.973617766450239, 1.3641741504194034, 2.4954610769119405, 5.873785122335768, 0.04682522689975421, 5.730402905345759, 6.738755570945072, 4.353736711224427, 3.1897538700718897, 0.5691503473682307, 1.9868290162507858, 5.670202898136855, 4.460038107778612]","75_lag_nchinaPRjja, 67_lag_69_median_traBO, 69_lag_nhSICsep, 69_lag_amo3, 67_lag_69_median_labSSTjfm, 67_lag_71_median_naoPSLjfm, 70_lag_atlSICjfm, 67_lag_76_median_traEC, 67_lag_tripol1, 68_lag_traEU, 75_lag_stratZ50ndj04, 74_lag_glomaSSTjfm, 67_lag_75_median_nppc3SSTjfm, 67_lag_75_median_gyreSSTjfm, 73_lag_tripol1, 67_lag_74_median_stratZ50ndj03, 67_lag_75_median_amo2, 69_lag_shTSjfm, 67_lag_68_median_stratZ50ndj03, 67_lag_75_median_traEU, 72_lag_stratZ50ndj04, 71_lag_tripol3, 75_lag_arcTSjfm, 67_lag_traDS, 75_lag_traWP, 67_lag_70_median_alpi, 72_lag_traIT, 67_lag_76_median_mhfIP30, 67_lag_76_median_atlSICjfm, 68_lag_mhfATL45_1235_67"
LRforcedPSO,63,30,mhfATL60,shigh,1577.5,2005.5,0.8,78,68,68,25.315090314999157,-0.08519102126333507,1235,"['68_lag_74_median_nchinaPRjja', '71_lag_traDS', '68_lag_77_median_traIFC', '68_lag_77_median_arcTSjfm', '68_lag_74_median_traWP', '71_lag_tripol1', '68_lag_traCA', '75_lag_traEU', '68_lag_72_median_nhSICsep', '70_lag_naoPSLjfm', '68_lag_74_median_traFB', '70_lag_amoSSTmjjaso', '68_lag_73_median_wnorPRjfm', '72_lag_AMOCann', '76_lag_alpi', '75_lag_stratZ50ndj04', '77_lag_traFSC', '68_lag_69_median_satlSSTjfm', '68_lag_73_median_stratZ50ndj02', '73_lag_mhfATL60', '74_lag_mhfATL45', '68_lag_76_median_ismPRjja', '76_lag_cetTSjfm', '68_lag_77_median_neurTSjfm', '68_lag_74_median_traBO', '71_lag_samPSLann', '77_lag_ginwSSTjfm', '68_lag_amo3', '75_lag_alpi', '68_lag_74_median_ginwSSTjfm']","[4.163992748579515, 2.9875162926000876, 2.028083556552712, 2.7077485476348517, 2.1674323037765886, 2.4552742703694026, 4.79139046618722, 9.879535164067654, 3.5632006682651856, 4.889208244187239, 7.007149217414366, 5.53003844839091, 2.3195291805547598, 0.4117005722649907, 3.1519984944137054, 3.7903787602685, 0.11069340996210286, 8.174759086882625, 7.868402513387355, 7.102934226484166, 1.7898699355693992, 6.959566877602221, 6.347081253345941, 1.6179421372738219, 1.5944690618266932, 1.2385184693535916, 0.1891643698006895, 5.089597273206294, 1.3968136203435666, 4.1851673768398285]","68_lag_74_median_nchinaPRjja, 71_lag_traDS, 68_lag_77_median_traIFC, 68_lag_77_median_arcTSjfm, 68_lag_74_median_traWP, 71_lag_tripol1, 68_lag_traCA, 75_lag_traEU, 68_lag_72_median_nhSICsep, 70_lag_naoPSLjfm, 68_lag_74_median_traFB, 70_lag_amoSSTmjjaso, 68_lag_73_median_wnorPRjfm, 72_lag_AMOCann, 76_lag_alpi, 75_lag_stratZ50ndj04, 77_lag_traFSC, 68_lag_69_median_satlSSTjfm, 68_lag_73_median_stratZ50ndj02, 73_lag_mhfATL60, 74_lag_mhfATL45, 68_lag_76_median_ismPRjja, 76_lag_cetTSjfm, 68_lag_77_median_neurTSjfm, 68_lag_74_median_traBO, 71_lag_samPSLann, 77_lag_ginwSSTjfm, 68_lag_amo3, 75_lag_alpi, 68_lag_74_median_ginwSSTjfm_1235_68"
LRforcedPSO,64,30,mhfATL60,shigh,1578.5,2005.5,0.8,79,69,69,26.73010380331841,-0.12519122802999558,1235,"['69_lag_77_median_ensoSSTjfm', '70_lag_pdoSSTjfm', '75_lag_traBO', '69_lag_75_median_shSICsep', '69_lag_72_median_atlSICjfm', '69_lag_75_median_nhSICsep', '76_lag_stratZ50ndj01', '69_lag_73_median_amo1', '76_lag_nchinaPRjja', '69_lag_71_median_amo3', '69_lag_76_median_arcTSjfm', '74_lag_AMOCann', '73_lag_gyreSSTjfm', '77_lag_traWP', '69_lag_78_median_mhfATL60', '69_lag_yrvPRjja', '69_lag_76_median_amoSSTmjjaso', '71_lag_amo3', '72_lag_amoSSTmjjaso', '69_lag_73_median_nhSICsep', '75_lag_wnorPRjfm', '71_lag_traBO', '75_lag_traBS', '70_lag_traDS', '78_lag_amo3', '69_lag_75_median_samPSLann', '69_lag_78_median_amoSSTmjjaso', '77_lag_tripol3', '77_lag_naoPSLjfm', '69_lag_74_median_wnorPRjfm']","[4.349131450626775, 1.9235701296587475, 6.725934836644093, 0.7545186238887283, 1.3491533440783439, 9.452095010599457, 0.09857899205777798, 1.0453009199855874, 9.381664427784184, 0.2566546155165472, 7.707414596242554, 2.2558033195262928, 0.3235761478512078, 4.041099902909789, 1.0925548697024308, 2.315899882421009, 7.191620139572683, 8.742562516543973, 0.39570003267439446, 7.0690833458886395, 6.331067206072937, 7.3140698181138974, 2.3404661086577327, 6.347624881108924, 6.39660097756723, 6.586214616137955, 7.990267189105783, 1.3837053357959697, 1.308261301020062, 6.376378389574066]","69_lag_77_median_ensoSSTjfm, 70_lag_pdoSSTjfm, 75_lag_traBO, 69_lag_75_median_shSICsep, 69_lag_72_median_atlSICjfm, 69_lag_75_median_nhSICsep, 76_lag_stratZ50ndj01, 69_lag_73_median_amo1, 76_lag_nchinaPRjja, 69_lag_71_median_amo3, 69_lag_76_median_arcTSjfm, 74_lag_AMOCann, 73_lag_gyreSSTjfm, 77_lag_traWP, 69_lag_78_median_mhfATL60, 69_lag_yrvPRjja, 69_lag_76_median_amoSSTmjjaso, 71_lag_amo3, 72_lag_amoSSTmjjaso, 69_lag_73_median_nhSICsep, 75_lag_wnorPRjfm, 71_lag_traBO, 75_lag_traBS, 70_lag_traDS, 78_lag_amo3, 69_lag_75_median_samPSLann, 69_lag_78_median_amoSSTmjjaso, 77_lag_tripol3, 77_lag_naoPSLjfm, 69_lag_74_median_wnorPRjfm_1235_69"
LRforcedPSO,65,30,mhfATL60,shigh,1579.5,2005.5,0.8,80,70,70,23.796297580543683,-0.08263998432961045,1235,"['79_lag_stratZ50ndj03', '70_lag_79_median_traMC', '71_lag_glTSjfm', '70_lag_78_median_nhSICjfm', '77_lag_satlSSTjfm', '73_lag_naoPSLjfm', '70_lag_72_median_traEC', '70_lag_78_median_mhfATL60', '73_lag_atlSICsep', '72_lag_mhfATL60', '70_lag_73_median_stratZ50ndj01', '70_lag_72_median_traFSC', '79_lag_ensoSSTjfm', '70_lag_arcTSjfm', '70_lag_75_median_glTSjfm', '72_lag_stratZ50ndj03', '71_lag_solFORC', '76_lag_traDP', '74_lag_traDS', '76_lag_amo2', '77_lag_traWP', '72_lag_solFORC', '76_lag_glTSjfm', '75_lag_seurTSjfm', '73_lag_traFB', '70_lag_73_median_nhTSjfm', '70_lag_79_median_traDS', '70_lag_78_median_scpPSLjfm', '70_lag_79_median_tripol1', '70_lag_74_median_gyreSSTjfm']","[2.083353669830153, 5.621802255271648, 4.236023575870242, 1.4146511323175215, 5.358007342290259, 2.1277404058241167, 6.064748408829601, 8.320833770749037, 3.4223505683503994, 8.456405795039522, 4.601252929615498, 1.397778193722596, 7.969664431649171, 1.699599445001084, 0.3869620429323444, 1.4392722080898466, 4.407711495013107, 0.5153997244717026, 0.9006451665180357, 0.6893683766520375, 3.8506257527015837, 3.395336299687674, 3.0818084396314376, 6.620891272031173, 5.036935182243399, 3.428924637659499, 9.52524020386673, 8.059265400152142, 2.6428680861136744, 4.335159555514426]","79_lag_stratZ50ndj03, 70_lag_79_median_traMC, 71_lag_glTSjfm, 70_lag_78_median_nhSICjfm, 77_lag_satlSSTjfm, 73_lag_naoPSLjfm, 70_lag_72_median_traEC, 70_lag_78_median_mhfATL60, 73_lag_atlSICsep, 72_lag_mhfATL60, 70_lag_73_median_stratZ50ndj01, 70_lag_72_median_traFSC, 79_lag_ensoSSTjfm, 70_lag_arcTSjfm, 70_lag_75_median_glTSjfm, 72_lag_stratZ50ndj03, 71_lag_solFORC, 76_lag_traDP, 74_lag_traDS, 76_lag_amo2, 77_lag_traWP, 72_lag_solFORC, 76_lag_glTSjfm, 75_lag_seurTSjfm, 73_lag_traFB, 70_lag_73_median_nhTSjfm, 70_lag_79_median_traDS, 70_lag_78_median_scpPSLjfm, 70_lag_79_median_tripol1, 70_lag_74_median_gyreSSTjfm_1235_70"
LRforcedPSO,66,30,mhfATL60,shigh,1580.5,2005.5,0.8,81,71,71,26.911462845018345,-0.1747779870630154,1235,"['76_lag_AMOCann', '76_lag_tripol3', '75_lag_yrvPRjja', '71_lag_76_median_traFS', '71_lag_yrvPRjja', '71_lag_80_median_traDP', '77_lag_traFS', '77_lag_eurPSLjfm', '71_lag_78_median_alpi', '71_lag_73_median_tripol1', '76_lag_amo1', '75_lag_traMC', '71_lag_73_median_ensoSSTjfm', '71_lag_80_median_ormenSSTjfm', '71_lag_73_median_ormenSSTjfm', '71_lag_75_median_traBS', '71_lag_77_median_stratZ50ndj03', '71_lag_mhfATL30', '71_lag_76_median_mhfIP30', '72_lag_nhTSjfm', '71_lag_77_median_ismPRjja', '71_lag_77_median_arcTSjfm', '71_lag_73_median_eurPSLjfm', '71_lag_80_median_nppc3SSTjfm', '79_lag_neurTSjfm', '71_lag_79_median_naoPSLjfm', '71_lag_80_median_mhfATL45', '71_lag_traBO', '80_lag_eurPSLjfm', '71_lag_73_median_neurTSjfm']","[4.267357304469623, 7.581356446599723, 4.139758685877355, 1.7381643493729104, 4.751802672734553, 2.518669240965801, 3.5029506697448802, 2.1979366932149276, 1.1962191692429762, 6.769721562630158, 0.26260919651186043, 1.4497523978859288, 0.10409427745522137, 6.760166798830143, 7.5419596140059895, 5.666872153897595, 1.9673181375112385, 4.621927501862963, 5.885976497949805, 0.9632965934324726, 4.412854010979541, 4.9967627804605, 4.998377416423663, 4.476294455563119, 0.16627253172442913, 3.9130676019128607, 9.43099198158027, 8.580090335644094, 3.507522018711942, 2.9977819616109187]","76_lag_AMOCann, 76_lag_tripol3, 75_lag_yrvPRjja, 71_lag_76_median_traFS, 71_lag_yrvPRjja, 71_lag_80_median_traDP, 77_lag_traFS, 77_lag_eurPSLjfm, 71_lag_78_median_alpi, 71_lag_73_median_tripol1, 76_lag_amo1, 75_lag_traMC, 71_lag_73_median_ensoSSTjfm, 71_lag_80_median_ormenSSTjfm, 71_lag_73_median_ormenSSTjfm, 71_lag_75_median_traBS, 71_lag_77_median_stratZ50ndj03, 71_lag_mhfATL30, 71_lag_76_median_mhfIP30, 72_lag_nhTSjfm, 71_lag_77_median_ismPRjja, 71_lag_77_median_arcTSjfm, 71_lag_73_median_eurPSLjfm, 71_lag_80_median_nppc3SSTjfm, 79_lag_neurTSjfm, 71_lag_79_median_naoPSLjfm, 71_lag_80_median_mhfATL45, 71_lag_traBO, 80_lag_eurPSLjfm, 71_lag_73_median_neurTSjfm_1235_71"
LRforcedPSO,67,30,mhfATL60,shigh,1581.5,2005.5,0.8,82,72,72,24.1589042079034,-0.10758633677451997,1235,"['72_lag_73_median_amo2', '72_lag_73_median_stratZ50ndj02', '78_lag_atlSICsep', '77_lag_wnorPRjfm', '72_lag_76_median_tripol3', '72_lag_81_median_ensoSSTjfm', '72_lag_ormenSSTjfm', '77_lag_tripol2', '72_lag_75_median_mhfATL60', '72_lag_77_median_alpi', '72_lag_73_median_atlSICsep', '72_lag_78_median_nppc3SSTjfm', '75_lag_labSSTjfm', '72_lag_75_median_pdoSSTjfm', '72_lag_satlSSTjfm', '72_lag_74_median_eurPSLjfm', '72_lag_77_median_traFS', '79_lag_tripol1', '77_lag_traTLS', '72_lag_77_median_amoSSTmjjaso', '72_lag_tripol1', '74_lag_glTSjfm', '73_lag_shTSjfm', '76_lag_mhfATL45', '72_lag_78_median_stratZ50ndj03', '80_lag_traFS', '72_lag_81_median_shSICmar', '72_lag_77_median_glomaSSTjfm', '72_lag_77_median_ismPRjja', '81_lag_mhfIP30']","[6.364310745039091, 4.704766495481696, 1.4989381208257555, 0.2449799517417901, 3.7852710229449684, 0.30371146843722485, 1.9670878767321653, 5.188693739574544, 0.40066171892583036, 2.3204383106851285, 3.014566200099214, 0.031193988518868565, 5.486070430046121, 8.018860583687022, 3.3412449864217226, 0.4700384397454638, 3.2886182333109044, 7.549857208852636, 5.092129514060513, 6.557402101088757, 1.5758279145637761, 8.111239731804172, 1.3183212315116482, 6.697202179230768, 5.456265535216893, 1.781562063542058, 2.8846549219153683, 3.2492226844459378, 5.345367701595777, 1.3773851374832589]","72_lag_73_median_amo2, 72_lag_73_median_stratZ50ndj02, 78_lag_atlSICsep, 77_lag_wnorPRjfm, 72_lag_76_median_tripol3, 72_lag_81_median_ensoSSTjfm, 72_lag_ormenSSTjfm, 77_lag_tripol2, 72_lag_75_median_mhfATL60, 72_lag_77_median_alpi, 72_lag_73_median_atlSICsep, 72_lag_78_median_nppc3SSTjfm, 75_lag_labSSTjfm, 72_lag_75_median_pdoSSTjfm, 72_lag_satlSSTjfm, 72_lag_74_median_eurPSLjfm, 72_lag_77_median_traFS, 79_lag_tripol1, 77_lag_traTLS, 72_lag_77_median_amoSSTmjjaso, 72_lag_tripol1, 74_lag_glTSjfm, 73_lag_shTSjfm, 76_lag_mhfATL45, 72_lag_78_median_stratZ50ndj03, 80_lag_traFS, 72_lag_81_median_shSICmar, 72_lag_77_median_glomaSSTjfm, 72_lag_77_median_ismPRjja, 81_lag_mhfIP30_1235_72"
LRforcedPSO,68,30,mhfATL60,shigh,1582.5,2005.5,0.8,83,73,73,24.758935502999392,-0.003510519451999302,1235,"['75_lag_traDS', '73_lag_81_median_AMOCann', '75_lag_arcTSjfm', '80_lag_atlSICjfm', '78_lag_labSSTjfm', '73_lag_80_median_yrvPRjja', '78_lag_stratZ50ndj02', '79_lag_neurTSjfm', '73_lag_79_median_nppc2SSTjfm', '73_lag_76_median_samPSLann', '73_lag_75_median_traCA', '73_lag_79_median_amo2', '73_lag_80_median_nhTSjfm', '73_lag_75_median_traFB', '74_lag_stratZ50ndj02', '73_lag_77_median_ismPRjja', '79_lag_traFB', '73_lag_80_median_traFSC', '78_lag_scpPSLjfm', '76_lag_traFB', '77_lag_neurTSjfm', '73_lag_82_median_amo3', '81_lag_solFORC', '82_lag_stratZ50ndj04', '78_lag_traCA', '73_lag_80_median_nhSICjfm', '79_lag_arcTSjfm', '73_lag_74_median_stratZ50ndj03', '73_lag_76_median_labSSTjfm', '81_lag_eapPSLjfm']","[1.8914480288419693, 4.440203570272461, 0.6645402738855299, 1.3544138871665936, 1.8401963513202695, 0.32138609755223513, 3.0400922555285987, 1.0431081636378785, 5.647983798072641, 3.7767434205641344, 5.442998300587599, 3.1560316453661574, 3.4698051722561463, 6.474681365894847, 4.0983126459928965, 9.046645813371123, 9.233846618530642, 2.369697137843625, 2.5457455548784598, 6.05112439116774, 4.13301235019973, 7.655029413200047, 4.0935758303359275, 4.42986235321653, 1.5083504606056568, 3.8312715019847694, 1.0369913550540772, 1.835166949323595, 5.253355424515826, 7.845203982258358]","75_lag_traDS, 73_lag_81_median_AMOCann, 75_lag_arcTSjfm, 80_lag_atlSICjfm, 78_lag_labSSTjfm, 73_lag_80_median_yrvPRjja, 78_lag_stratZ50ndj02, 79_lag_neurTSjfm, 73_lag_79_median_nppc2SSTjfm, 73_lag_76_median_samPSLann, 73_lag_75_median_traCA, 73_lag_79_median_amo2, 73_lag_80_median_nhTSjfm, 73_lag_75_median_traFB, 74_lag_stratZ50ndj02, 73_lag_77_median_ismPRjja, 79_lag_traFB, 73_lag_80_median_traFSC, 78_lag_scpPSLjfm, 76_lag_traFB, 77_lag_neurTSjfm, 73_lag_82_median_amo3, 81_lag_solFORC, 82_lag_stratZ50ndj04, 78_lag_traCA, 73_lag_80_median_nhSICjfm, 79_lag_arcTSjfm, 73_lag_74_median_stratZ50ndj03, 73_lag_76_median_labSSTjfm, 81_lag_eapPSLjfm_1235_73"
LRforcedPSO,69,30,mhfATL60,shigh,1583.5,2005.5,0.8,84,74,74,24.510160599676233,-0.022827047160963423,1235,"['76_lag_ismPRjja', '76_lag_neurTSjfm', '77_lag_cetTSjfm', '74_lag_77_median_neurTSjfm', '74_lag_78_median_tripol2', '82_lag_mhfATL45', '74_lag_traFSC', '77_lag_naoPSLjfm', '77_lag_eurPSLjfm', '76_lag_amo2', '79_lag_mhfIP30', '74_lag_83_median_traIT', '74_lag_75_median_stratZ50ndj02', '74_lag_77_median_traDS', '82_lag_stratZ50ndj03', '78_lag_nhTSjfm', '79_lag_nhSICsep', '76_lag_nhTSjfm', '76_lag_samPSLann', '74_lag_75_median_traDP', '74_lag_80_median_arcTSjfm', '74_lag_77_median_glomaSSTjfm', '76_lag_nppc3SSTjfm', '78_lag_scpPSLjfm', '74_lag_75_median_nhSICsep', '80_lag_glomaSSTjfm', '74_lag_81_median_ormenSSTjfm', '74_lag_83_median_ensoSSTjfm', '76_lag_atlSICjfm', '79_lag_neurTSjfm']","[6.065748358282324, 6.504105525884256, 3.5350357027855406, 4.813338641377678, 6.375879832016015, 0.7529144440886313, 4.396348456733912, 0.8985403036010844, 2.974094270346182, 4.4620168293240265, 0.3935476439074215, 0.02498517535192768, 0.7454679018469417, 1.4842140246980584, 4.057212298399913, 1.073476594678045, 5.827369733811565, 4.227917378609463, 0.6892979981544034, 4.679821287522097, 6.415279064724665, 1.3194294281922563, 4.206607979564558, 0.17852100763215262, 7.6608549847940886, 5.573883148370912, 3.240784830531327, 3.015092076088033, 3.244365435402372, 1.1861665060435058]","76_lag_ismPRjja, 76_lag_neurTSjfm, 77_lag_cetTSjfm, 74_lag_77_median_neurTSjfm, 74_lag_78_median_tripol2, 82_lag_mhfATL45, 74_lag_traFSC, 77_lag_naoPSLjfm, 77_lag_eurPSLjfm, 76_lag_amo2, 79_lag_mhfIP30, 74_lag_83_median_traIT, 74_lag_75_median_stratZ50ndj02, 74_lag_77_median_traDS, 82_lag_stratZ50ndj03, 78_lag_nhTSjfm, 79_lag_nhSICsep, 76_lag_nhTSjfm, 76_lag_samPSLann, 74_lag_75_median_traDP, 74_lag_80_median_arcTSjfm, 74_lag_77_median_glomaSSTjfm, 76_lag_nppc3SSTjfm, 78_lag_scpPSLjfm, 74_lag_75_median_nhSICsep, 80_lag_glomaSSTjfm, 74_lag_81_median_ormenSSTjfm, 74_lag_83_median_ensoSSTjfm, 76_lag_atlSICjfm, 79_lag_neurTSjfm_1235_74"
LRforcedPSO,70,30,mhfATL60,shigh,1584.5,2005.5,0.8,85,75,75,25.150373488488167,-0.03392860723073196,1235,"['78_lag_stratZ50ndj04', '77_lag_traEC', '83_lag_stratZ50ndj04', '80_lag_satlSSTjfm', '80_lag_samPSLann', '77_lag_traCA', '75_lag_76_median_traTLS', '80_lag_traTLS', '75_lag_84_median_traDP', '76_lag_cetTSjfm', '78_lag_scpPSLjfm', '75_lag_81_median_traFS', '82_lag_satlSSTjfm', '75_lag_78_median_cetTSjfm', '78_lag_amoSSTmjjaso', '75_lag_traEC', '75_lag_77_median_nchinaPRjja', '75_lag_77_median_cetTSjfm', '75_lag_83_median_traIFC', '75_lag_81_median_gyreSSTjfm', '75_lag_77_median_seurTSjfm', '76_lag_traDP', '75_lag_84_median_stratZ50ndj04', '82_lag_amoSSTmjjaso', '78_lag_traMC', '75_lag_84_median_wnorPRjfm', '75_lag_76_median_scpPSLjfm', '75_lag_76_median_traIFC', '75_lag_amo1', '77_lag_samPSLann']","[0.8194888541932457, 8.356931695204345, 4.575722626585284, 9.727773125058983, 4.165357931025257, 3.209777094634898, 2.4716226520559736, 0.8498913066044, 2.6632898039317947, 9.098299001643259, 6.40551227383035, 4.281783383597649, 2.9299907245183494, 6.773443300032806, 4.47054275234089, 2.5149455578263176, 9.827815139578872, 0.2921868997800843, 6.0409175928035435, 3.5699750883095795, 0.7353736490480323, 2.314410901536249, 4.743210399519269, 8.95151676055094, 0.4362335666639545, 4.445635317509742, 2.7755930650744105, 9.320094820647398, 3.9758528389361096, 5.188917272875713]","78_lag_stratZ50ndj04, 77_lag_traEC, 83_lag_stratZ50ndj04, 80_lag_satlSSTjfm, 80_lag_samPSLann, 77_lag_traCA, 75_lag_76_median_traTLS, 80_lag_traTLS, 75_lag_84_median_traDP, 76_lag_cetTSjfm, 78_lag_scpPSLjfm, 75_lag_81_median_traFS, 82_lag_satlSSTjfm, 75_lag_78_median_cetTSjfm, 78_lag_amoSSTmjjaso, 75_lag_traEC, 75_lag_77_median_nchinaPRjja, 75_lag_77_median_cetTSjfm, 75_lag_83_median_traIFC, 75_lag_81_median_gyreSSTjfm, 75_lag_77_median_seurTSjfm, 76_lag_traDP, 75_lag_84_median_stratZ50ndj04, 82_lag_amoSSTmjjaso, 78_lag_traMC, 75_lag_84_median_wnorPRjfm, 75_lag_76_median_scpPSLjfm, 75_lag_76_median_traIFC, 75_lag_amo1, 77_lag_samPSLann_1235_75"
LRforcedPSO,71,30,mhfATL60,shigh,1585.5,2005.5,0.8,86,76,76,21.815324384163453,0.062027859392479075,1235,"['76_lag_84_median_nhTSjfm', '85_lag_nhSICjfm', '76_lag_81_median_wnorPRjfm', '77_lag_traFS', '76_lag_80_median_eapPSLjfm', '78_lag_ismPRjja', '80_lag_arcTSjfm', '80_lag_traDS', '76_lag_77_median_wnorPRjfm', '76_lag_83_median_mhfIP30', '85_lag_traMC', '81_lag_tripol1', '76_lag_78_median_pdoSSTjfm', '79_lag_traCA', '76_lag_82_median_arcTSjfm', '76_lag_81_median_traTLS', '80_lag_AMOCann', '76_lag_84_median_shSICmar', '76_lag_79_median_scpPSLjfm', '76_lag_83_median_eapPSLjfm', '76_lag_80_median_traDS', '78_lag_cetTSjfm', '76_lag_79_median_traFSC', '76_lag_81_median_labSSTjfm', '80_lag_ensoSSTjfm', '79_lag_amo2', '76_lag_81_median_glomaSSTjfm', '84_lag_arcTSjfm', '76_lag_82_median_neurTSjfm', '76_lag_84_median_traEU']","[9.089132180263771, 5.9650221664420044, 7.513530779781149, 2.810473578175574, 6.317453102827418, 0.8842677786274535, 6.717335350484838, 5.322657968654694, 3.701246002446556, 3.8547311233106214, 2.0876485673505485, 4.3486450932886855, 3.1911751833108415, 4.678010557922669, 3.142673302359132, 1.629252805652623, 0.6233060320202348, 2.5772387514606754, 8.463496784812182, 5.005683181565104, 2.5635365839220547, 0.8949469919699347, 0.07667415948677458, 3.8371148642792896, 3.309100955503612, 4.857409438681582, 4.076782393540386, 0.05611226991881679, 9.39448748015188, 2.7025465926684067]","76_lag_84_median_nhTSjfm, 85_lag_nhSICjfm, 76_lag_81_median_wnorPRjfm, 77_lag_traFS, 76_lag_80_median_eapPSLjfm, 78_lag_ismPRjja, 80_lag_arcTSjfm, 80_lag_traDS, 76_lag_77_median_wnorPRjfm, 76_lag_83_median_mhfIP30, 85_lag_traMC, 81_lag_tripol1, 76_lag_78_median_pdoSSTjfm, 79_lag_traCA, 76_lag_82_median_arcTSjfm, 76_lag_81_median_traTLS, 80_lag_AMOCann, 76_lag_84_median_shSICmar, 76_lag_79_median_scpPSLjfm, 76_lag_83_median_eapPSLjfm, 76_lag_80_median_traDS, 78_lag_cetTSjfm, 76_lag_79_median_traFSC, 76_lag_81_median_labSSTjfm, 80_lag_ensoSSTjfm, 79_lag_amo2, 76_lag_81_median_glomaSSTjfm, 84_lag_arcTSjfm, 76_lag_82_median_neurTSjfm, 76_lag_84_median_traEU_1235_76"
LRforcedPSO,72,30,mhfATL60,shigh,1586.5,2005.5,0.8,87,77,77,29.096488709306684,0.003590316841260044,1235,"['83_lag_traDP', '77_lag_83_median_amoSSTmjjaso', '84_lag_stratZ50ndj01', '84_lag_shSICsep', '77_lag_80_median_naoPSLjfm', '79_lag_traCA', '77_lag_85_median_alpi', '77_lag_79_median_tripol3', '77_lag_82_median_traEU', '77_lag_traTLS', '77_lag_78_median_traBO', '77_lag_naoPSLjfm', '77_lag_79_median_ensoSSTjfm', '77_lag_traEC', '79_lag_AMOCann', '77_lag_80_median_traBS', '77_lag_84_median_tripol2', '77_lag_78_median_nppc2SSTjfm', '80_lag_glTSjfm', '79_lag_wnorPRjfm', '85_lag_pdoSSTjfm', '77_lag_83_median_ginwSSTjfm', '85_lag_traFS', '77_lag_85_median_amoSSTmjjaso', '80_lag_amoSSTmjjaso', '82_lag_amo3', '84_lag_eurPSLjfm', '80_lag_satlSSTjfm', '77_lag_80_median_eapPSLjfm', '79_lag_stratZ50ndj02']","[7.337049422586254, 0.15482488830597418, 3.5349967953796995, 2.9418013582454394, 1.2654204048602367, 2.936053365544062, 6.899226866317418, 0.37770877200823705, 5.51000278881607, 8.135589355253593, 6.026406023011724, 1.2249975553349977, 3.68703830399407, 1.6078392237148584, 0.7619493160075805, 1.2239766887308399, 1.1919083636740186, 3.9914921846245655, 5.719469610687778, 2.4699330291353983, 2.8951965862915294, 4.146311391022397, 2.097822782365009, 0.17315334181683362, 6.735835577028877, 1.1887549405203224, 1.5992666932584996, 2.8690411892846512, 1.0262778775210641, 1.7607151197872994]","83_lag_traDP, 77_lag_83_median_amoSSTmjjaso, 84_lag_stratZ50ndj01, 84_lag_shSICsep, 77_lag_80_median_naoPSLjfm, 79_lag_traCA, 77_lag_85_median_alpi, 77_lag_79_median_tripol3, 77_lag_82_median_traEU, 77_lag_traTLS, 77_lag_78_median_traBO, 77_lag_naoPSLjfm, 77_lag_79_median_ensoSSTjfm, 77_lag_traEC, 79_lag_AMOCann, 77_lag_80_median_traBS, 77_lag_84_median_tripol2, 77_lag_78_median_nppc2SSTjfm, 80_lag_glTSjfm, 79_lag_wnorPRjfm, 85_lag_pdoSSTjfm, 77_lag_83_median_ginwSSTjfm, 85_lag_traFS, 77_lag_85_median_amoSSTmjjaso, 80_lag_amoSSTmjjaso, 82_lag_amo3, 84_lag_eurPSLjfm, 80_lag_satlSSTjfm, 77_lag_80_median_eapPSLjfm, 79_lag_stratZ50ndj02_1235_77"
LRforcedPSO,73,30,mhfATL60,shigh,1587.5,2005.5,0.8,88,78,78,24.962314795755713,0.07418428183462047,1235,"['81_lag_nhTSjfm', '83_lag_traIT', '78_lag_traCA', '84_lag_eapPSLjfm', '78_lag_86_median_nppc3SSTjfm', '78_lag_86_median_traIFC', '80_lag_ormenSSTjfm', '78_lag_81_median_traTLS', '84_lag_mhfIP30', '85_lag_traCA', '81_lag_tripol3', '81_lag_labSSTjfm', '86_lag_glTSjfm', '83_lag_ensoSSTjfm', '78_lag_79_median_glomaSSTjfm', '78_lag_85_median_solFORC', '84_lag_nchinaPRjja', '78_lag_84_median_neurTSjfm', '80_lag_atlSICsep', '78_lag_84_median_ismPRjja', '78_lag_80_median_yrvPRjja', '78_lag_84_median_nhSICjfm', '81_lag_traEC', '78_lag_82_median_traEC', '78_lag_80_median_AMOCann', '78_lag_83_median_tripol3', '81_lag_ensoSSTjfm', '83_lag_AMOCann', '78_lag_83_median_eurPSLjfm', '78_lag_84_median_amo2']","[1.3728271826564296, 1.8229715039447427, 8.769756835682948, 2.004217291196346, 4.312289249178236, 0.46611175711581154, 0.8919846464206316, 1.5129611591812093, 3.907692387518658, 3.792081344353413, 9.936414226997353, 1.7151819187295452, 5.793913318546831, 6.8158621840889175, 3.001110669458898, 7.478768728482095, 4.25872660940297, 3.690946899491731, 6.999762446021409, 0.4287004888937709, 7.338777574068285, 7.154040413679814, 1.013194458715624, 2.3010147046683436, 8.988134738983376, 1.0361934486394357, 9.767961638756322, 4.581144454620102, 2.5638626401091695, 7.253059641648733]","81_lag_nhTSjfm, 83_lag_traIT, 78_lag_traCA, 84_lag_eapPSLjfm, 78_lag_86_median_nppc3SSTjfm, 78_lag_86_median_traIFC, 80_lag_ormenSSTjfm, 78_lag_81_median_traTLS, 84_lag_mhfIP30, 85_lag_traCA, 81_lag_tripol3, 81_lag_labSSTjfm, 86_lag_glTSjfm, 83_lag_ensoSSTjfm, 78_lag_79_median_glomaSSTjfm, 78_lag_85_median_solFORC, 84_lag_nchinaPRjja, 78_lag_84_median_neurTSjfm, 80_lag_atlSICsep, 78_lag_84_median_ismPRjja, 78_lag_80_median_yrvPRjja, 78_lag_84_median_nhSICjfm, 81_lag_traEC, 78_lag_82_median_traEC, 78_lag_80_median_AMOCann, 78_lag_83_median_tripol3, 81_lag_ensoSSTjfm, 83_lag_AMOCann, 78_lag_83_median_eurPSLjfm, 78_lag_84_median_amo2_1235_78"
LRforcedPSO,74,30,mhfATL60,shigh,1588.5,2005.5,0.8,89,79,79,27.878268053534093,0.2272899530995874,1235,"['87_lag_glTSjfm', '88_lag_traEC', '79_lag_87_median_traFSC', '82_lag_labSSTjfm', '79_lag_85_median_amoSSTmjjaso', '79_lag_80_median_eurPSLjfm', '79_lag_85_median_arcTSjfm', '86_lag_alpi', '79_lag_82_median_traFS', '83_lag_ismPRjja', '79_lag_87_median_ensoSSTjfm', '79_lag_82_median_ensoSSTjfm', '81_lag_ginwSSTjfm', '79_lag_80_median_glTSjfm', '79_lag_87_median_stratZ50ndj02', '82_lag_ginwSSTjfm', '83_lag_mhfATL30', '79_lag_86_median_nchinaPRjja', '87_lag_nhSICjfm', '85_lag_satlSSTjfm', '85_lag_traFSC', '79_lag_86_median_seurTSjfm', '79_lag_86_median_traEU', '84_lag_nppc2SSTjfm', '88_lag_amo2', '79_lag_83_median_yrvPRjja', '83_lag_nppc2SSTjfm', '79_lag_82_median_naoPSLjfm', '84_lag_stratZ50ndj04', '79_lag_82_median_ormenSSTjfm']","[8.990215431230364, 1.2762222292641248, 7.114849711136168, 5.7408722730104556, 3.8828584449461, 4.3465999596461335, 4.058855416260936, 0.2046320638292709, 5.276563786778212, 0.8677948235753803, 6.80532891642634, 8.738981407020809, 1.7795408559336234, 4.43322305908892, 1.0187918482743914, 7.610165078262694, 1.1865787716928473, 7.190117897638125, 3.3057319018879596, 0.9563169001939968, 1.2262475877223782, 1.4719359146868367, 1.4224574566573995, 0.9452176070806715, 4.159544963495566, 3.172641638601828, 2.1408088812125854, 6.864778535438356, 3.2027490877092646, 0.4605657825220444]","87_lag_glTSjfm, 88_lag_traEC, 79_lag_87_median_traFSC, 82_lag_labSSTjfm, 79_lag_85_median_amoSSTmjjaso, 79_lag_80_median_eurPSLjfm, 79_lag_85_median_arcTSjfm, 86_lag_alpi, 79_lag_82_median_traFS, 83_lag_ismPRjja, 79_lag_87_median_ensoSSTjfm, 79_lag_82_median_ensoSSTjfm, 81_lag_ginwSSTjfm, 79_lag_80_median_glTSjfm, 79_lag_87_median_stratZ50ndj02, 82_lag_ginwSSTjfm, 83_lag_mhfATL30, 79_lag_86_median_nchinaPRjja, 87_lag_nhSICjfm, 85_lag_satlSSTjfm, 85_lag_traFSC, 79_lag_86_median_seurTSjfm, 79_lag_86_median_traEU, 84_lag_nppc2SSTjfm, 88_lag_amo2, 79_lag_83_median_yrvPRjja, 83_lag_nppc2SSTjfm, 79_lag_82_median_naoPSLjfm, 84_lag_stratZ50ndj04, 79_lag_82_median_ormenSSTjfm_1235_79"
LRforcedPSO,75,30,mhfATL60,shigh,1589.5,2005.5,0.8,90,80,80,27.380825600873486,-0.3511671653569313,1235,"['89_lag_nhSICjfm', '87_lag_traBO', '89_lag_AMOCann', '87_lag_mhfIP30', '80_lag_88_median_mhfATL60', '86_lag_traFSC', '80_lag_82_median_ensoSSTjfm', '88_lag_tripol3', '89_lag_tripol2', '80_lag_traIFC', '80_lag_81_median_shSICmar', '84_lag_traIT', '80_lag_89_median_neurTSjfm', '80_lag_82_median_pdoSSTjfm', '88_lag_atlSICjfm', '80_lag_83_median_samPSLann', '80_lag_83_median_traBS', '80_lag_87_median_traFSC', '85_lag_traMC', '80_lag_89_median_eurPSLjfm', '80_lag_85_median_amo1', '85_lag_cetTSjfm', '83_lag_samPSLann', '84_lag_ormenSSTjfm', '84_lag_solFORC', '87_lag_traCA', '82_lag_traBS', '80_lag_88_median_stratZ50ndj03', '80_lag_88_median_atlSICsep', '84_lag_arcTSjfm']","[3.7494636677683353, 8.171713110071927, 5.1376160413390455, 7.4911940316293935, 8.444783174871965, 7.959810652902042, 9.836372254402356, 1.7513175099207228, 3.6337271679798366, 7.227136954153451, 5.960503224558709, 1.2106102772141814, 2.703539023305492, 0.5372181482448504, 2.6628863245576024, 4.102358162440131, 3.3256670674065987, 6.8494875022311845, 3.1296127305287804, 8.022197374413757, 7.325028312035644, 1.1513424495022395, 5.902775314913303, 3.2218912836300095, 2.774262995794494, 5.5982366218671835, 5.2786336166042584, 3.149210174203465, 2.4261154991323792, 3.4609394197200993]","89_lag_nhSICjfm, 87_lag_traBO, 89_lag_AMOCann, 87_lag_mhfIP30, 80_lag_88_median_mhfATL60, 86_lag_traFSC, 80_lag_82_median_ensoSSTjfm, 88_lag_tripol3, 89_lag_tripol2, 80_lag_traIFC, 80_lag_81_median_shSICmar, 84_lag_traIT, 80_lag_89_median_neurTSjfm, 80_lag_82_median_pdoSSTjfm, 88_lag_atlSICjfm, 80_lag_83_median_samPSLann, 80_lag_83_median_traBS, 80_lag_87_median_traFSC, 85_lag_traMC, 80_lag_89_median_eurPSLjfm, 80_lag_85_median_amo1, 85_lag_cetTSjfm, 83_lag_samPSLann, 84_lag_ormenSSTjfm, 84_lag_solFORC, 87_lag_traCA, 82_lag_traBS, 80_lag_88_median_stratZ50ndj03, 80_lag_88_median_atlSICsep, 84_lag_arcTSjfm_1235_80"
LRforcedPSO,76,30,mhfATL60,shigh,1590.5,2005.5,0.8,91,81,81,25.996168713652008,-0.01850350476111294,1235,"['81_lag_amo3', '90_lag_nhSICjfm', '81_lag_traDS', '81_lag_82_median_neurTSjfm', '86_lag_mhfIP30', '84_lag_traTLS', '81_lag_82_median_AMOCann', '81_lag_86_median_amo2', '81_lag_87_median_traEU', '81_lag_87_median_traBS', '81_lag_87_median_amo2', '84_lag_eurPSLjfm', '81_lag_82_median_stratZ50ndj04', '81_lag_85_median_cetTSjfm', '81_lag_90_median_arcTSjfm', '81_lag_84_median_alpi', '81_lag_84_median_traWP', '81_lag_83_median_naoPSLjfm', '81_lag_traIT', '88_lag_naoPSLjfm', '85_lag_tripol1', '87_lag_amoSSTmjjaso', '81_lag_83_median_ensoSSTjfm', '84_lag_arcTSjfm', '81_lag_82_median_traIT', '81_lag_87_median_naoPSLjfm', '86_lag_neurTSjfm', '81_lag_89_median_cetTSjfm', '83_lag_amoSSTmjjaso', '85_lag_traFB']","[1.2375425232713528, 7.312156034699977, 3.597601160026212, 1.729061358195077, 7.022066315124157, 3.160509722821894, 1.919088187558728, 7.196852903706638, 0.5586423296893788, 3.6557693931988737, 8.616878315787632, 9.298821269519467, 7.261946998969197, 2.034457729186842, 8.755983519091366, 5.985343817695679, 2.932513331696029, 3.027874645782336, 6.690207043227132, 7.793202119711733, 5.479614945536344, 6.425490781302889, 0.9265716066616374, 1.1280825282930813, 3.155735053634041, 2.4358417169380076, 7.5345180733265575, 1.680774837875635, 2.1055031340483694, 0.17099429462240145]","81_lag_amo3, 90_lag_nhSICjfm, 81_lag_traDS, 81_lag_82_median_neurTSjfm, 86_lag_mhfIP30, 84_lag_traTLS, 81_lag_82_median_AMOCann, 81_lag_86_median_amo2, 81_lag_87_median_traEU, 81_lag_87_median_traBS, 81_lag_87_median_amo2, 84_lag_eurPSLjfm, 81_lag_82_median_stratZ50ndj04, 81_lag_85_median_cetTSjfm, 81_lag_90_median_arcTSjfm, 81_lag_84_median_alpi, 81_lag_84_median_traWP, 81_lag_83_median_naoPSLjfm, 81_lag_traIT, 88_lag_naoPSLjfm, 85_lag_tripol1, 87_lag_amoSSTmjjaso, 81_lag_83_median_ensoSSTjfm, 84_lag_arcTSjfm, 81_lag_82_median_traIT, 81_lag_87_median_naoPSLjfm, 86_lag_neurTSjfm, 81_lag_89_median_cetTSjfm, 83_lag_amoSSTmjjaso, 85_lag_traFB_1235_81"
LRforcedPSO,77,30,mhfATL60,shigh,1591.5,2005.5,0.8,92,82,82,23.16282873858965,0.018148864282695756,1235,"['82_lag_88_median_atlSICjfm', '82_lag_traDP', '82_lag_86_median_mhfATL60', '82_lag_91_median_nhTSjfm', '89_lag_satlSSTjfm', '83_lag_traBO', '83_lag_nchinaPRjja', '86_lag_traEU', '91_lag_mhfATL60', '82_lag_85_median_samPSLann', '82_lag_90_median_traEU', '82_lag_90_median_arcTSjfm', '82_lag_tripol2', '82_lag_88_median_tripol2', '91_lag_AMOCann', '82_lag_90_median_mhfATL60', '88_lag_traDP', '82_lag_83_median_stratZ50ndj03', '82_lag_glTSjfm', '82_lag_85_median_traTLS', '82_lag_88_median_traBO', '82_lag_89_median_traWP', '82_lag_84_median_traDS', '87_lag_naoPSLjfm', '85_lag_glomaSSTjfm', '90_lag_mhfATL30', '82_lag_84_median_mhfIP30', '89_lag_yrvPRjja', '82_lag_88_median_AMOCann', '89_lag_naoPSLjfm']","[3.0482994386187574, 0.21919858042966744, 9.065223063936962, 9.928779939151028, 4.986616319248336, 4.879369417888137, 7.082484481480133, 2.966803490648937, 2.0279229466721578, 4.689354620426398, 4.395128839160831, 5.217513659766675, 9.882439075259807, 1.4967074211027391, 0.4587482451998177, 0.16705121357251507, 5.197897967250096, 5.426091202289298, 3.899897212607046, 4.867764816445677, 4.098007826310344, 4.150235533625654, 1.8483157435226705, 4.828193235936551, 0.7783277006030094, 0.33211898448255894, 6.8869093829688, 4.796497505338642, 2.8496660970286953, 6.373274434620189]","82_lag_88_median_atlSICjfm, 82_lag_traDP, 82_lag_86_median_mhfATL60, 82_lag_91_median_nhTSjfm, 89_lag_satlSSTjfm, 83_lag_traBO, 83_lag_nchinaPRjja, 86_lag_traEU, 91_lag_mhfATL60, 82_lag_85_median_samPSLann, 82_lag_90_median_traEU, 82_lag_90_median_arcTSjfm, 82_lag_tripol2, 82_lag_88_median_tripol2, 91_lag_AMOCann, 82_lag_90_median_mhfATL60, 88_lag_traDP, 82_lag_83_median_stratZ50ndj03, 82_lag_glTSjfm, 82_lag_85_median_traTLS, 82_lag_88_median_traBO, 82_lag_89_median_traWP, 82_lag_84_median_traDS, 87_lag_naoPSLjfm, 85_lag_glomaSSTjfm, 90_lag_mhfATL30, 82_lag_84_median_mhfIP30, 89_lag_yrvPRjja, 82_lag_88_median_AMOCann, 89_lag_naoPSLjfm_1235_82"
LRforcedPSO,78,30,mhfATL60,shigh,1592.5,2005.5,0.8,93,83,83,19.1723365953491,0.27568276737140074,1235,"['85_lag_nhTSjfm', '83_lag_86_median_stratZ50ndj02', '84_lag_traBS', '83_lag_87_median_traFSC', '83_lag_92_median_scpPSLjfm', '83_lag_90_median_tripol1', '85_lag_stratZ50ndj03', '83_lag_91_median_traFS', '91_lag_mhfIP30', '89_lag_mhfATL60', '86_lag_amoSSTmjjaso', '83_lag_85_median_traBO', '89_lag_atlSICjfm', '83_lag_92_median_arcTSjfm', '83_lag_84_median_traCA', '83_lag_87_median_nppc2SSTjfm', '83_lag_89_median_nhSICjfm', '92_lag_tripol1', '83_lag_92_median_traCA', '83_lag_mhfATL45', '85_lag_traWP', '91_lag_tripol3', '86_lag_traMC', '83_lag_87_median_amo2', '87_lag_stratZ50ndj01', '83_lag_88_median_nhSICsep', '85_lag_traFS', '88_lag_amo3', '85_lag_labSSTjfm', '85_lag_atlSICsep']","[1.1264800426730872, 1.4840350449037825, 5.308548998560408, 5.149925671221394, 2.78152923419057, 2.183544192752386, 0.4746743388071195, 4.985233380310346, 4.227245292809108, 0.6172503274387946, 6.569266065632647, 6.930508026367317, 3.019902359602618, 8.546681186097022, 4.995699698607945, 5.023347454940872, 4.987370925970502, 5.945740345555194, 4.116746092843506, 8.747224572027552, 5.641009888022959, 3.3489641423158254, 5.4260584061658985, 5.224235321065825, 3.5322454811184922, 8.378705456571755, 8.229810422168974, 0.9975530337116094, 1.946249638897946, 8.021121729628245]","85_lag_nhTSjfm, 83_lag_86_median_stratZ50ndj02, 84_lag_traBS, 83_lag_87_median_traFSC, 83_lag_92_median_scpPSLjfm, 83_lag_90_median_tripol1, 85_lag_stratZ50ndj03, 83_lag_91_median_traFS, 91_lag_mhfIP30, 89_lag_mhfATL60, 86_lag_amoSSTmjjaso, 83_lag_85_median_traBO, 89_lag_atlSICjfm, 83_lag_92_median_arcTSjfm, 83_lag_84_median_traCA, 83_lag_87_median_nppc2SSTjfm, 83_lag_89_median_nhSICjfm, 92_lag_tripol1, 83_lag_92_median_traCA, 83_lag_mhfATL45, 85_lag_traWP, 91_lag_tripol3, 86_lag_traMC, 83_lag_87_median_amo2, 87_lag_stratZ50ndj01, 83_lag_88_median_nhSICsep, 85_lag_traFS, 88_lag_amo3, 85_lag_labSSTjfm, 85_lag_atlSICsep_1235_83"
LRforcedPSO,79,30,mhfATL60,shigh,1593.5,2005.5,0.8,94,84,84,20.525172232410043,0.14330227640505447,1235,"['84_lag_91_median_atlSICjfm', '84_lag_89_median_ismPRjja', '84_lag_92_median_shSICmar', '84_lag_93_median_atlSICsep', '86_lag_traBS', '84_lag_92_median_satlSSTjfm', '84_lag_92_median_neurTSjfm', '84_lag_86_median_glTSjfm', '93_lag_cetTSjfm', '84_lag_85_median_amo2', '84_lag_90_median_amo2', '84_lag_atlSICjfm', '93_lag_solFORC', '91_lag_amo1', '84_lag_90_median_naoPSLjfm', '88_lag_traEU', '84_lag_89_median_tripol1', '84_lag_87_median_mhfATL45', '84_lag_92_median_tripol1', '86_lag_mhfATL30', '92_lag_shTSjfm', '91_lag_traWP', '84_lag_90_median_traIFC', '84_lag_90_median_labSSTjfm', '84_lag_89_median_amo1', '84_lag_88_median_traTLS', '84_lag_85_median_mhfATL60', '90_lag_traIT', '84_lag_89_median_shTSjfm', '84_lag_92_median_amo2']","[6.92504649033745, 5.188541865007785, 2.8226134151581412, 9.513296352556306, 2.0139623558958224, 0.8286188518274322, 2.287395049011119, 6.564708776387096, 5.310440558493501, 0.4379892667390486, 6.294122891268557, 8.234013889907242, 1.742359436744728, 6.395211662358927, 3.093773529039275, 9.603389658440165, 3.9429541555202956, 3.875373096864859, 7.615279667696086, 3.620952009465226, 6.5219534195859055, 5.697818416269323, 5.6879640797855195, 3.4041216389615414, 3.5546514966333014, 0.31264648619299074, 0.1890936990075005, 6.95471888841341, 1.7516024521689744, 2.1378043626409404]","84_lag_91_median_atlSICjfm, 84_lag_89_median_ismPRjja, 84_lag_92_median_shSICmar, 84_lag_93_median_atlSICsep, 86_lag_traBS, 84_lag_92_median_satlSSTjfm, 84_lag_92_median_neurTSjfm, 84_lag_86_median_glTSjfm, 93_lag_cetTSjfm, 84_lag_85_median_amo2, 84_lag_90_median_amo2, 84_lag_atlSICjfm, 93_lag_solFORC, 91_lag_amo1, 84_lag_90_median_naoPSLjfm, 88_lag_traEU, 84_lag_89_median_tripol1, 84_lag_87_median_mhfATL45, 84_lag_92_median_tripol1, 86_lag_mhfATL30, 92_lag_shTSjfm, 91_lag_traWP, 84_lag_90_median_traIFC, 84_lag_90_median_labSSTjfm, 84_lag_89_median_amo1, 84_lag_88_median_traTLS, 84_lag_85_median_mhfATL60, 90_lag_traIT, 84_lag_89_median_shTSjfm, 84_lag_92_median_amo2_1235_84"
LRforcedPSO,80,30,mhfATL60,shigh,1594.5,2005.5,0.8,95,85,85,23.885867792861646,0.015088608410532648,1235,"['85_lag_92_median_labSSTjfm', '89_lag_wnorPRjfm', '85_lag_86_median_tripol1', '87_lag_labSSTjfm', '86_lag_shTSjfm', '92_lag_gyreSSTjfm', '92_lag_ormenSSTjfm', '90_lag_traFB', '91_lag_glTSjfm', '85_lag_86_median_shSICmar', '88_lag_AMOCann', '93_lag_cetTSjfm', '85_lag_traMC', '85_lag_glTSjfm', '85_lag_92_median_traBO', '94_lag_seurTSjfm', '85_lag_89_median_shSICsep', '92_lag_nchinaPRjja', '90_lag_traIFC', '85_lag_92_median_alpi', '93_lag_naoPSLjfm', '90_lag_traDS', '93_lag_traMC', '86_lag_glTSjfm', '89_lag_neurTSjfm', '85_lag_88_median_mhfIP30', '86_lag_nppc2SSTjfm', '91_lag_gyreSSTjfm', '93_lag_traDP', '85_lag_nhSICsep']","[8.81540055893452, 0.7904648992405576, 4.209021928362553, 8.112804884356823, 3.211258230581805, 2.913502333681958, 5.752685669850102, 7.588674496763023, 0.6547594053517827, 5.352719246548984, 0.7464451705556883, 0.698583184183521, 3.1043317205887977, 2.11194145286232, 2.3394426024938912, 8.688872959275798, 5.496722580868612, 3.3608289331621997, 9.346660030076507, 7.761190902960266, 7.307211656737866, 3.5534745479498824, 2.16965874050036, 8.956158070730032, 0.08827399641207023, 4.587764102046226, 7.591837491699902, 3.2743073244639547, 2.1328194465366472, 3.3325094612790913]","85_lag_92_median_labSSTjfm, 89_lag_wnorPRjfm, 85_lag_86_median_tripol1, 87_lag_labSSTjfm, 86_lag_shTSjfm, 92_lag_gyreSSTjfm, 92_lag_ormenSSTjfm, 90_lag_traFB, 91_lag_glTSjfm, 85_lag_86_median_shSICmar, 88_lag_AMOCann, 93_lag_cetTSjfm, 85_lag_traMC, 85_lag_glTSjfm, 85_lag_92_median_traBO, 94_lag_seurTSjfm, 85_lag_89_median_shSICsep, 92_lag_nchinaPRjja, 90_lag_traIFC, 85_lag_92_median_alpi, 93_lag_naoPSLjfm, 90_lag_traDS, 93_lag_traMC, 86_lag_glTSjfm, 89_lag_neurTSjfm, 85_lag_88_median_mhfIP30, 86_lag_nppc2SSTjfm, 91_lag_gyreSSTjfm, 93_lag_traDP, 85_lag_nhSICsep_1235_85"
LRforcedPSO,81,30,mhfATL60,shigh,1595.5,2005.5,0.8,96,86,86,25.43130974209306,0.26122437650069324,1235,"['86_lag_90_median_arcTSjfm', '86_lag_87_median_traEU', '86_lag_89_median_nhSICsep', '86_lag_87_median_traCA', '86_lag_95_median_stratZ50ndj04', '86_lag_88_median_traFB', '86_lag_90_median_nhSICjfm', '86_lag_95_median_traFB', '86_lag_95_median_shSICsep', '86_lag_88_median_traEC', '87_lag_mhfATL45', '95_lag_traMC', '94_lag_ormenSSTjfm', '86_lag_91_median_glomaSSTjfm', '91_lag_atlSICjfm', '86_lag_89_median_nppc2SSTjfm', '92_lag_ismPRjja', '86_lag_93_median_mhfATL60', '90_lag_amoSSTmjjaso', '86_lag_90_median_mhfATL60', '86_lag_tripol1', '86_lag_92_median_traFB', '86_lag_ismPRjja', '86_lag_94_median_samPSLann', '86_lag_95_median_traDP', '86_lag_mhfATL30', '86_lag_90_median_traWP', '87_lag_nchinaPRjja', '93_lag_traTLS', '86_lag_89_median_traFB']","[6.324637551072582, 1.8125279933028988, 2.096019127076346, 2.5414644966847284, 8.701405146940672, 0.9896768836545373, 2.137208737803615, 5.1379960876387765, 6.256673839223128, 2.2337130859989944, 5.88270807915398, 3.339272085758404, 8.272134176350733, 7.7499275152588165, 3.893317792939408, 5.289591065596486, 0.36893607102697956, 5.017673126548978, 4.6933483915764835, 4.874542239850657, 5.599633619782209, 2.2531118541152892, 6.517086262086931, 5.076649922175649, 5.488481159898999, 4.125486344251904, 3.1364865880918114, 2.1966890340978047, 8.259695441211761, 4.4608462597648355]","86_lag_90_median_arcTSjfm, 86_lag_87_median_traEU, 86_lag_89_median_nhSICsep, 86_lag_87_median_traCA, 86_lag_95_median_stratZ50ndj04, 86_lag_88_median_traFB, 86_lag_90_median_nhSICjfm, 86_lag_95_median_traFB, 86_lag_95_median_shSICsep, 86_lag_88_median_traEC, 87_lag_mhfATL45, 95_lag_traMC, 94_lag_ormenSSTjfm, 86_lag_91_median_glomaSSTjfm, 91_lag_atlSICjfm, 86_lag_89_median_nppc2SSTjfm, 92_lag_ismPRjja, 86_lag_93_median_mhfATL60, 90_lag_amoSSTmjjaso, 86_lag_90_median_mhfATL60, 86_lag_tripol1, 86_lag_92_median_traFB, 86_lag_ismPRjja, 86_lag_94_median_samPSLann, 86_lag_95_median_traDP, 86_lag_mhfATL30, 86_lag_90_median_traWP, 87_lag_nchinaPRjja, 93_lag_traTLS, 86_lag_89_median_traFB_1235_86"
LRforcedPSO,82,30,mhfATL60,shigh,1596.5,2005.5,0.8,97,87,87,26.95815175468611,-0.10601614358775148,1235,"['87_lag_traTLS', '87_lag_90_median_traCA', '87_lag_94_median_shTSjfm', '92_lag_alpi', '87_lag_89_median_labSSTjfm', '92_lag_naoPSLjfm', '91_lag_atlSICsep', '87_lag_88_median_glTSjfm', '91_lag_stratZ50ndj03', '87_lag_93_median_ormenSSTjfm', '93_lag_traDP', '95_lag_glomaSSTjfm', '89_lag_alpi', '95_lag_amoSSTmjjaso', '87_lag_94_median_glTSjfm', '87_lag_91_median_stratZ50ndj01', '92_lag_solFORC', '90_lag_ismPRjja', '87_lag_88_median_tripol1', '90_lag_atlSICjfm', '92_lag_traWP', '87_lag_eapPSLjfm', '87_lag_94_median_samPSLann', '87_lag_95_median_pdoSSTjfm', '91_lag_satlSSTjfm', '87_lag_96_median_nhTSjfm', '91_lag_eapPSLjfm', '87_lag_92_median_mhfATL45', '90_lag_traMC', '87_lag_96_median_naoPSLjfm']","[3.3580064483039713, 6.453018554163343, 9.297806030696512, 9.245295730605573, 8.055447009182952, 1.206721335632622, 0.9121669119538502, 9.852219082105414, 3.8923021721118793, 2.7301145001630616, 3.410057675139374, 1.7704260686421769, 3.023109634941452, 3.3377241661816175, 7.781657224611159, 4.5022389216692265, 5.978719057823586, 3.1074984601432902, 9.17949706262323, 0.0915597949866509, 2.2867142048384927, 0.9596753869108667, 5.7637334921933014, 7.820540747790982, 3.948802670251208, 8.83786393719405, 0.07164193055497492, 7.457335244719799, 0.533625013701819, 6.331804470938792]","87_lag_traTLS, 87_lag_90_median_traCA, 87_lag_94_median_shTSjfm, 92_lag_alpi, 87_lag_89_median_labSSTjfm, 92_lag_naoPSLjfm, 91_lag_atlSICsep, 87_lag_88_median_glTSjfm, 91_lag_stratZ50ndj03, 87_lag_93_median_ormenSSTjfm, 93_lag_traDP, 95_lag_glomaSSTjfm, 89_lag_alpi, 95_lag_amoSSTmjjaso, 87_lag_94_median_glTSjfm, 87_lag_91_median_stratZ50ndj01, 92_lag_solFORC, 90_lag_ismPRjja, 87_lag_88_median_tripol1, 90_lag_atlSICjfm, 92_lag_traWP, 87_lag_eapPSLjfm, 87_lag_94_median_samPSLann, 87_lag_95_median_pdoSSTjfm, 91_lag_satlSSTjfm, 87_lag_96_median_nhTSjfm, 91_lag_eapPSLjfm, 87_lag_92_median_mhfATL45, 90_lag_traMC, 87_lag_96_median_naoPSLjfm_1235_87"
LRforcedPSO,83,30,mhfATL60,shigh,1597.5,2005.5,0.8,98,88,88,27.737397761645003,0.2701613502127383,1235,"['95_lag_AMOCann', '88_lag_94_median_traEU', '88_lag_92_median_solFORC', '88_lag_94_median_traFS', '94_lag_nppc2SSTjfm', '88_lag_labSSTjfm', '92_lag_shSICmar', '96_lag_traEC', '88_lag_91_median_pdoSSTjfm', '88_lag_nppc3SSTjfm', '88_lag_AMOCann', '97_lag_neurTSjfm', '88_lag_94_median_shSICmar', '94_lag_shSICmar', '88_lag_92_median_stratZ50ndj01', '90_lag_stratZ50ndj03', '88_lag_89_median_satlSSTjfm', '89_lag_eapPSLjfm', '89_lag_traEC', '94_lag_traEU', '93_lag_glTSjfm', '96_lag_glomaSSTjfm', '91_lag_traFB', '93_lag_eapPSLjfm', '88_lag_92_median_mhfATL45', '97_lag_cetTSjfm', '88_lag_93_median_traMC', '88_lag_97_median_shSICsep', '90_lag_solFORC', '88_lag_92_median_stratZ50ndj04']","[2.4853143064439953, 1.8332497084381867, 0.8105100959718197, 1.6849693274968676, 3.2747913670061486, 3.027435455386005, 3.722957697874385, 3.55083110504715, 1.738472841558485, 6.822037640772578, 2.2668372624024276, 4.901962476018793, 6.006690815727818, 7.322199083747618, 6.5755663395245065, 7.541104101494309, 3.135869416351449, 0.43702235015046753, 6.615053902236546, 2.1533001117999344, 9.341559283059075, 1.1787065661472358, 1.0241195533759964, 4.65834523479292, 2.35393003207939, 8.021119320129216, 3.213106978236972, 3.2163188445075397, 0.8937833517924609, 3.69048038670196]","95_lag_AMOCann, 88_lag_94_median_traEU, 88_lag_92_median_solFORC, 88_lag_94_median_traFS, 94_lag_nppc2SSTjfm, 88_lag_labSSTjfm, 92_lag_shSICmar, 96_lag_traEC, 88_lag_91_median_pdoSSTjfm, 88_lag_nppc3SSTjfm, 88_lag_AMOCann, 97_lag_neurTSjfm, 88_lag_94_median_shSICmar, 94_lag_shSICmar, 88_lag_92_median_stratZ50ndj01, 90_lag_stratZ50ndj03, 88_lag_89_median_satlSSTjfm, 89_lag_eapPSLjfm, 89_lag_traEC, 94_lag_traEU, 93_lag_glTSjfm, 96_lag_glomaSSTjfm, 91_lag_traFB, 93_lag_eapPSLjfm, 88_lag_92_median_mhfATL45, 97_lag_cetTSjfm, 88_lag_93_median_traMC, 88_lag_97_median_shSICsep, 90_lag_solFORC, 88_lag_92_median_stratZ50ndj04_1235_88"
LRforcedPSO,84,30,mhfATL60,shigh,1598.5,2005.5,0.8,99,89,89,26.818442501551633,0.14505704729231728,1235,"['89_lag_traFS', '89_lag_96_median_atlSICsep', '97_lag_traTLS', '91_lag_solFORC', '89_lag_93_median_tripol3', '89_lag_97_median_mhfATL60', '97_lag_ensoSSTjfm', '93_lag_glTSjfm', '96_lag_nhTSjfm', '93_lag_traFSC', '89_lag_93_median_traFS', '89_lag_95_median_wnorPRjfm', '89_lag_91_median_mhfATL60', '92_lag_glomaSSTjfm', '89_lag_92_median_ensoSSTjfm', '89_lag_98_median_amo2', '89_lag_97_median_ismPRjja', '96_lag_AMOCann', '89_lag_traWP', '98_lag_ismPRjja', '93_lag_traTLS', '91_lag_traCA', '92_lag_traCA', '90_lag_traFB', '89_lag_glTSjfm', '89_lag_94_median_stratZ50ndj01', '90_lag_nppc3SSTjfm', '89_lag_92_median_arcTSjfm', '89_lag_97_median_eurPSLjfm', '91_lag_stratZ50ndj01']","[0.5725254992916096, 4.145042616024474, 2.308139337472614, 4.028157520165712, 3.3364049455028795, 0.2241786958964731, 3.2321887903756554, 7.557094077413499, 3.63960866755259, 5.8591337934729, 2.2527763347325642, 0.22317739206470932, 2.5120182888681057, 0.514618251401922, 1.4843736965516037, 3.5058081242771095, 5.610063881656771, 1.5718322911029876, 0.579549133950465, 5.326909201011533, 3.945556910623649, 1.5063094097888943, 5.367812754840397, 8.602478898121035, 9.54321681889579, 1.7044424939260399, 5.268152002600637, 6.027643529611724, 3.7409329107415275, 7.302062221252683]","89_lag_traFS, 89_lag_96_median_atlSICsep, 97_lag_traTLS, 91_lag_solFORC, 89_lag_93_median_tripol3, 89_lag_97_median_mhfATL60, 97_lag_ensoSSTjfm, 93_lag_glTSjfm, 96_lag_nhTSjfm, 93_lag_traFSC, 89_lag_93_median_traFS, 89_lag_95_median_wnorPRjfm, 89_lag_91_median_mhfATL60, 92_lag_glomaSSTjfm, 89_lag_92_median_ensoSSTjfm, 89_lag_98_median_amo2, 89_lag_97_median_ismPRjja, 96_lag_AMOCann, 89_lag_traWP, 98_lag_ismPRjja, 93_lag_traTLS, 91_lag_traCA, 92_lag_traCA, 90_lag_traFB, 89_lag_glTSjfm, 89_lag_94_median_stratZ50ndj01, 90_lag_nppc3SSTjfm, 89_lag_92_median_arcTSjfm, 89_lag_97_median_eurPSLjfm, 91_lag_stratZ50ndj01_1235_89"
LRforcedPSO,85,30,mhfATL60,shigh,1599.5,2005.5,0.8,100,90,90,44.194856038795315,-0.1993677130782932,1235,"['93_lag_traEU', '98_lag_traFSC', '92_lag_gyreSSTjfm', '90_lag_99_median_nppc2SSTjfm', '90_lag_93_median_tripol2', '90_lag_98_median_traFB', '98_lag_traIFC', '90_lag_92_median_traDP', '98_lag_shSICsep', '90_lag_91_median_traBS', '93_lag_nppc3SSTjfm', '90_lag_93_median_stratZ50ndj04', '90_lag_95_median_traBS', '92_lag_traIT', '97_lag_shSICmar', '91_lag_eurPSLjfm', '94_lag_nhSICsep', '90_lag_98_median_traBS', '99_lag_alpi', '91_lag_pdoSSTjfm', '92_lag_neurTSjfm', '94_lag_traEC', '90_lag_97_median_samPSLann', '93_lag_shTSjfm', '95_lag_shSICsep', '90_lag_99_median_seurTSjfm', '92_lag_nhSICsep', '90_lag_92_median_traMC', '90_lag_97_median_alpi', '91_lag_traMC']","[1.948675619276166, 3.4495340300057915, 0.27729537513228486, 1.0198667914939286, 5.408650965046828, 5.5574515618514075, 1.6134432027957875, 8.866270680346581, 1.5843122654925068, 9.022239670826552, 3.4063327910622387, 8.11510869809631, 4.919372669246855, 1.7036002196055904, 5.783664323109626, 2.2027514362341805, 1.9670416389775127, 5.861328351448234, 1.1552638929638093, 1.4715138061023598, 4.373813007620216, 5.583200895012432, 2.7515040411451004, 0.2738686585017458, 1.965522712621464, 2.2487366594056937, 7.215786178793575, 6.845123563527398, 8.297499707891337, 3.3839937698056026]","93_lag_traEU, 98_lag_traFSC, 92_lag_gyreSSTjfm, 90_lag_99_median_nppc2SSTjfm, 90_lag_93_median_tripol2, 90_lag_98_median_traFB, 98_lag_traIFC, 90_lag_92_median_traDP, 98_lag_shSICsep, 90_lag_91_median_traBS, 93_lag_nppc3SSTjfm, 90_lag_93_median_stratZ50ndj04, 90_lag_95_median_traBS, 92_lag_traIT, 97_lag_shSICmar, 91_lag_eurPSLjfm, 94_lag_nhSICsep, 90_lag_98_median_traBS, 99_lag_alpi, 91_lag_pdoSSTjfm, 92_lag_neurTSjfm, 94_lag_traEC, 90_lag_97_median_samPSLann, 93_lag_shTSjfm, 95_lag_shSICsep, 90_lag_99_median_seurTSjfm, 92_lag_nhSICsep, 90_lag_92_median_traMC, 90_lag_97_median_alpi, 91_lag_traMC_1235_90"
