model,num_irrelevant,max_allowed_features,target_feature,dataset,year_start,year_end,splitsize,max_lag,init_lag,max_forecast,mae_score,corr_score,n_total_features,selected_feature_list,feature_importances,selected_features
RandomForestRegressor,0,10,satlSSTjfm,shigh,866.5,2005.5,0.4,15,5,5,9.399502838906916,0.24590648017298644,1235,"['5_lag_14_median_traFS', '5_lag_12_median_shSICsep', '5_lag_13_median_nchinaPRjja', '5_lag_9_median_shSICsep', '5_lag_14_median_nchinaPRjja', '5_lag_13_median_shSICsep', '5_lag_12_median_tripol3', '5_lag_12_median_shTSjfm', '5_lag_14_median_shSICsep', '5_lag_14_median_satlSSTjfm']","[0.12849714442993654, 0.049559903916518426, 0.08240421845957455, 0.06597840692478453, 0.08585771161368816, 0.06996959971140436, 0.1053023484097399, 0.15464350640324953, 0.11281755371186569, 0.1449696064192383]","5_lag_14_median_traFS, 5_lag_12_median_shSICsep, 5_lag_13_median_nchinaPRjja, 5_lag_9_median_shSICsep, 5_lag_14_median_nchinaPRjja, 5_lag_13_median_shSICsep, 5_lag_12_median_tripol3, 5_lag_12_median_shTSjfm, 5_lag_14_median_shSICsep, 5_lag_14_median_satlSSTjfm_1235_5"
RandomForestRegressor,1,10,satlSSTjfm,shigh,867.5,2005.5,0.4,16,6,6,9.78789443450592,0.36005819915583914,1235,"['6_lag_13_median_tripol3', '6_lag_14_median_nchinaPRjja', '6_lag_10_median_shSICsep', '6_lag_15_median_shSICsep', '6_lag_glomaSSTjfm', '6_lag_15_median_satlSSTjfm', '6_lag_14_median_shSICsep', '15_lag_traFSC', '6_lag_13_median_shSICsep', '6_lag_14_median_traWP']","[0.11507615733536657, 0.09925081104615996, 0.07286823551464272, 0.04643830944633734, 0.11214831523204381, 0.11974498403845488, 0.056172766614152894, 0.14167850336713653, 0.10432020494225036, 0.132301712463455]","6_lag_13_median_tripol3, 6_lag_14_median_nchinaPRjja, 6_lag_10_median_shSICsep, 6_lag_15_median_shSICsep, 6_lag_glomaSSTjfm, 6_lag_15_median_satlSSTjfm, 6_lag_14_median_shSICsep, 15_lag_traFSC, 6_lag_13_median_shSICsep, 6_lag_14_median_traWP_1235_6"
RandomForestRegressor,2,10,satlSSTjfm,shigh,868.5,2005.5,0.4,17,7,7,9.284988323315435,0.2546758134156044,1235,"['7_lag_9_median_shSICsep', '7_lag_16_median_shTSjfm', '7_lag_16_median_glomaSSTjfm', '7_lag_16_median_traFS', '7_lag_11_median_shSICsep', '16_lag_traDP', '15_lag_traFSC', '7_lag_13_median_shSICsep', '7_lag_15_median_satlSSTjfm', '7_lag_16_median_shSICsep']","[0.06612284658480783, 0.08651768076521277, 0.10397549585540465, 0.08858920742260007, 0.07529218297602283, 0.14174177136539734, 0.11244650342096112, 0.09063402005728464, 0.11928437652751134, 0.11539591502479755]","7_lag_9_median_shSICsep, 7_lag_16_median_shTSjfm, 7_lag_16_median_glomaSSTjfm, 7_lag_16_median_traFS, 7_lag_11_median_shSICsep, 16_lag_traDP, 15_lag_traFSC, 7_lag_13_median_shSICsep, 7_lag_15_median_satlSSTjfm, 7_lag_16_median_shSICsep_1235_7"
RandomForestRegressor,3,10,satlSSTjfm,shigh,869.5,2005.5,0.4,18,8,8,9.777538100271594,0.131459791774121,1235,"['17_lag_solFORC', '16_lag_traDP', '8_lag_17_median_shSICsep', '8_lag_17_median_glomaSSTjfm', '8_lag_14_median_shSICsep', '8_lag_15_median_shSICsep', '15_lag_traFSC', '8_lag_14_median_traFS', '8_lag_15_median_shTSjfm', '8_lag_12_median_shSICsep']","[0.07884823226292069, 0.1341858511065951, 0.06512770429865007, 0.11072894462238654, 0.07516871235072192, 0.04859666631660567, 0.09703719232324765, 0.14336554243274727, 0.10623987358627424, 0.14070128069985102]","17_lag_solFORC, 16_lag_traDP, 8_lag_17_median_shSICsep, 8_lag_17_median_glomaSSTjfm, 8_lag_14_median_shSICsep, 8_lag_15_median_shSICsep, 15_lag_traFSC, 8_lag_14_median_traFS, 8_lag_15_median_shTSjfm, 8_lag_12_median_shSICsep_1235_8"
RandomForestRegressor,4,10,satlSSTjfm,shigh,870.5,2005.5,0.4,19,9,9,9.387659139660002,0.3136231038737542,1235,"['12_lag_shSICsep', '9_lag_13_median_shSICsep', '16_lag_traDP', '9_lag_16_median_shTSjfm', '15_lag_traFSC', '9_lag_14_median_shSICsep', '18_lag_solFORC', '9_lag_18_median_glomaSSTjfm', '9_lag_18_median_shTSjfm', '9_lag_shSICsep']","[0.07690073217913329, 0.07859712119380201, 0.1613136328053159, 0.09704188736480418, 0.12098404571600371, 0.07281594503460773, 0.11424610130029113, 0.08238717570721885, 0.08541817454394823, 0.11029518415487499]","12_lag_shSICsep, 9_lag_13_median_shSICsep, 16_lag_traDP, 9_lag_16_median_shTSjfm, 15_lag_traFSC, 9_lag_14_median_shSICsep, 18_lag_solFORC, 9_lag_18_median_glomaSSTjfm, 9_lag_18_median_shTSjfm, 9_lag_shSICsep_1235_9"
RandomForestRegressor,5,10,satlSSTjfm,shigh,871.5,2005.5,0.4,20,10,10,9.993956590320256,0.29853793481034935,1235,"['12_lag_shSICsep', '10_lag_19_median_shSICsep', '10_lag_19_median_satlSSTjfm', '15_lag_traFSC', '10_lag_17_median_satlSSTjfm', '10_lag_shSICsep', '19_lag_traDP', '10_lag_18_median_traWP', '19_lag_solFORC', '10_lag_19_median_glomaSSTjfm']","[0.0988363277495529, 0.09650845775173961, 0.057962913922791834, 0.13073210554767878, 0.07147627392434264, 0.0907423232192916, 0.1186264331265648, 0.09709667695278404, 0.12856709718969903, 0.10945139061555481]","12_lag_shSICsep, 10_lag_19_median_shSICsep, 10_lag_19_median_satlSSTjfm, 15_lag_traFSC, 10_lag_17_median_satlSSTjfm, 10_lag_shSICsep, 19_lag_traDP, 10_lag_18_median_traWP, 19_lag_solFORC, 10_lag_19_median_glomaSSTjfm_1235_10"
RandomForestRegressor,6,10,satlSSTjfm,shigh,872.5,2005.5,0.4,21,11,11,9.388070043404284,0.35854629924379117,1235,"['11_lag_19_median_traDP', '11_lag_18_median_traWP', '19_lag_solFORC', '15_lag_traFSC', '11_lag_14_median_shSICsep', '11_lag_18_median_glomaSSTjfm', '11_lag_16_median_glomaSSTjfm', '20_lag_solFORC', '20_lag_traDP', '11_lag_19_median_glomaSSTjfm']","[0.11950644244991254, 0.09674803391318798, 0.06913495388893844, 0.10049689723375661, 0.1228563219654737, 0.0714721006741065, 0.09950055585587379, 0.06752892685370199, 0.12848276828335273, 0.12427299888169581]","11_lag_19_median_traDP, 11_lag_18_median_traWP, 19_lag_solFORC, 15_lag_traFSC, 11_lag_14_median_shSICsep, 11_lag_18_median_glomaSSTjfm, 11_lag_16_median_glomaSSTjfm, 20_lag_solFORC, 20_lag_traDP, 11_lag_19_median_glomaSSTjfm_1235_11"
RandomForestRegressor,7,10,satlSSTjfm,shigh,873.5,2005.5,0.4,22,12,12,9.23340152772449,0.4016068188571413,1235,"['12_lag_21_median_satlSSTjfm', '15_lag_traFSC', '12_lag_20_median_glomaSSTjfm', '21_lag_traDP', '12_lag_shSICsep', '12_lag_21_median_traWP', '12_lag_21_median_shSICmar', '20_lag_traDP', '12_lag_18_median_glomaSSTjfm', '21_lag_solFORC']","[0.060142324702324376, 0.11707011228654168, 0.07979493678600613, 0.08936031903959261, 0.11813317553457163, 0.08554188417419203, 0.09371184516705487, 0.09457145084624394, 0.11567160383013717, 0.1460023476333355]","12_lag_21_median_satlSSTjfm, 15_lag_traFSC, 12_lag_20_median_glomaSSTjfm, 21_lag_traDP, 12_lag_shSICsep, 12_lag_21_median_traWP, 12_lag_21_median_shSICmar, 20_lag_traDP, 12_lag_18_median_glomaSSTjfm, 21_lag_solFORC_1235_12"
RandomForestRegressor,8,10,satlSSTjfm,shigh,874.5,2005.5,0.4,23,13,13,10.359703894658278,0.21438504699829436,1235,"['13_lag_21_median_shSICmar', '13_lag_20_median_shSICmar', '17_lag_shSICsep', '15_lag_traFSC', '21_lag_traDP', '13_lag_shSICsep', '13_lag_22_median_shSICmar', '20_lag_traDP', '13_lag_22_median_traWP', '22_lag_solFORC']","[0.05075444828821943, 0.05614873025101945, 0.10806442700168019, 0.12040561972676969, 0.07481461592601293, 0.11200973130506026, 0.07180061740643899, 0.08995165404554133, 0.10483393107395056, 0.21121622497530715]","13_lag_21_median_shSICmar, 13_lag_20_median_shSICmar, 17_lag_shSICsep, 15_lag_traFSC, 21_lag_traDP, 13_lag_shSICsep, 13_lag_22_median_shSICmar, 20_lag_traDP, 13_lag_22_median_traWP, 22_lag_solFORC_1235_13"
RandomForestRegressor,9,10,satlSSTjfm,shigh,875.5,2005.5,0.4,24,14,14,10.746762873679584,0.17394135196249128,1235,"['14_lag_shSICsep', '14_lag_22_median_shSICmar', '21_lag_traDP', '17_lag_shSICsep', '14_lag_17_median_shSICsep', '14_lag_23_median_traDP', '20_lag_traDP', '14_lag_23_median_shSICmar', '14_lag_23_median_traWP', '23_lag_solFORC']","[0.07700456374072416, 0.0597603828428696, 0.09121224546175792, 0.07568807270235879, 0.0972064711222013, 0.07539074924197636, 0.11073062409742111, 0.09944837175335432, 0.10757457273202706, 0.2059839463053094]","14_lag_shSICsep, 14_lag_22_median_shSICmar, 21_lag_traDP, 17_lag_shSICsep, 14_lag_17_median_shSICsep, 14_lag_23_median_traDP, 20_lag_traDP, 14_lag_23_median_shSICmar, 14_lag_23_median_traWP, 23_lag_solFORC_1235_14"
RandomForestRegressor,10,10,satlSSTjfm,shigh,876.5,2005.5,0.4,25,15,15,10.795081192771208,0.15808624265588872,1235,"['23_lag_solFORC', '15_lag_24_median_traDP', '15_lag_23_median_shSICmar', '17_lag_shSICsep', '24_lag_traDP', '15_lag_22_median_shSICmar', '15_lag_17_median_shSICsep', '15_lag_traFSC', '15_lag_24_median_shSICmar', '24_lag_solFORC']","[0.06578505608812696, 0.09646844287718291, 0.06474422678547079, 0.0782191495923995, 0.07840786255296621, 0.06098095228756761, 0.1125048516633432, 0.12512492717324333, 0.11000539552172245, 0.2077591354579772]","23_lag_solFORC, 15_lag_24_median_traDP, 15_lag_23_median_shSICmar, 17_lag_shSICsep, 24_lag_traDP, 15_lag_22_median_shSICmar, 15_lag_17_median_shSICsep, 15_lag_traFSC, 15_lag_24_median_shSICmar, 24_lag_solFORC_1235_15"
RandomForestRegressor,11,10,satlSSTjfm,shigh,877.5,2005.5,0.4,26,16,16,10.51990648735088,0.22412277503552058,1235,"['25_lag_traDP', '16_lag_22_median_traDP', '21_lag_traDP', '20_lag_traDP', '24_lag_traDP', '16_lag_25_median_shSICmar', '16_lag_traDP', '16_lag_24_median_shSICmar', '24_lag_solFORC', '25_lag_solFORC']","[0.08219789125249367, 0.07147549449591006, 0.06578976734658117, 0.09288693126239891, 0.07172884394451921, 0.09829665149160932, 0.11604778017651735, 0.11560323493233207, 0.10282874555525921, 0.18314465954237893]","25_lag_traDP, 16_lag_22_median_traDP, 21_lag_traDP, 20_lag_traDP, 24_lag_traDP, 16_lag_25_median_shSICmar, 16_lag_traDP, 16_lag_24_median_shSICmar, 24_lag_solFORC, 25_lag_solFORC_1235_16"
RandomForestRegressor,12,10,satlSSTjfm,shigh,878.5,2005.5,0.4,27,17,17,10.865424354853713,0.16720905986568743,1235,"['24_lag_traDP', '20_lag_traDP', '17_lag_21_median_shSICmar', '17_lag_24_median_shSICmar', '17_lag_25_median_shSICmar', '17_lag_traDP', '17_lag_shSICsep', '24_lag_solFORC', '26_lag_solFORC', '25_lag_solFORC']","[0.07650859466670823, 0.11075094695742277, 0.0923423099219643, 0.08523796841942474, 0.08824201578278527, 0.11579060540803127, 0.12427337093431243, 0.09147467971894446, 0.06956634882469098, 0.1458131593657156]","24_lag_traDP, 20_lag_traDP, 17_lag_21_median_shSICmar, 17_lag_24_median_shSICmar, 17_lag_25_median_shSICmar, 17_lag_traDP, 17_lag_shSICsep, 24_lag_solFORC, 26_lag_solFORC, 25_lag_solFORC_1235_17"
RandomForestRegressor,13,10,satlSSTjfm,shigh,879.5,2005.5,0.4,28,18,18,11.096308447015737,0.09535235300837235,1235,"['20_lag_traDP', '18_lag_shSICsep', '27_lag_traDP', '18_lag_24_median_shSICmar', '18_lag_27_median_shSICmar', '18_lag_25_median_shSICmar', '27_lag_solFORC', '26_lag_solFORC', '24_lag_solFORC', '25_lag_solFORC']","[0.12648495590956044, 0.1277665004855776, 0.09962419572163422, 0.08155636777699378, 0.08347541871134373, 0.09398457855722367, 0.06939024631650802, 0.08002876538267721, 0.11319956207955605, 0.1244894090589253]","20_lag_traDP, 18_lag_shSICsep, 27_lag_traDP, 18_lag_24_median_shSICmar, 18_lag_27_median_shSICmar, 18_lag_25_median_shSICmar, 27_lag_solFORC, 26_lag_solFORC, 24_lag_solFORC, 25_lag_solFORC_1235_18"
RandomForestRegressor,14,10,satlSSTjfm,shigh,880.5,2005.5,0.4,29,19,19,10.358104899650703,0.1834649890960338,1235,"['19_lag_28_median_traBO', '19_lag_24_median_traFB', '24_lag_solFORC', '28_lag_traDP', '19_lag_28_median_shSICmar', '26_lag_solFORC', '19_lag_25_median_mhfATL60', '19_lag_28_median_solFORC', '28_lag_solFORC', '25_lag_solFORC']","[0.0757924787937438, 0.10046093957474271, 0.05069184524117711, 0.11254752522818819, 0.14423069483814344, 0.05693300545338121, 0.16012168682729794, 0.0628231136834789, 0.11111442458915817, 0.12528428577068856]","19_lag_28_median_traBO, 19_lag_24_median_traFB, 24_lag_solFORC, 28_lag_traDP, 19_lag_28_median_shSICmar, 26_lag_solFORC, 19_lag_25_median_mhfATL60, 19_lag_28_median_solFORC, 28_lag_solFORC, 25_lag_solFORC_1235_19"
RandomForestRegressor,15,10,satlSSTjfm,shigh,881.5,2005.5,0.4,30,20,20,11.145332638293834,0.07508214774233468,1235,"['28_lag_traDP', '20_lag_traDP', '20_lag_27_median_solFORC', '20_lag_29_median_traBO', '26_lag_solFORC', '25_lag_solFORC', '20_lag_28_median_solFORC', '29_lag_traDP', '28_lag_solFORC', '20_lag_29_median_solFORC']","[0.10391801142010157, 0.1439492581040117, 0.07846669492522337, 0.13627023555653142, 0.059739625255433144, 0.050180377987642265, 0.054032507007184295, 0.149439507729215, 0.12709076129727423, 0.0969130207173831]","28_lag_traDP, 20_lag_traDP, 20_lag_27_median_solFORC, 20_lag_29_median_traBO, 26_lag_solFORC, 25_lag_solFORC, 20_lag_28_median_solFORC, 29_lag_traDP, 28_lag_solFORC, 20_lag_29_median_solFORC_1235_20"
RandomForestRegressor,16,10,satlSSTjfm,shigh,882.5,2005.5,0.4,31,21,21,11.489123346658728,0.070741310166328,1235,"['28_lag_traDP', '21_lag_26_median_solFORC', '21_lag_30_median_solFORC', '21_lag_27_median_solFORC', '21_lag_30_median_seurTSjfm', '21_lag_30_median_traBO', '29_lag_traDP', '28_lag_solFORC', '21_lag_29_median_solFORC', '21_lag_28_median_solFORC']","[0.12273493420555338, 0.08417744411819902, 0.04976222852284978, 0.06361384144215323, 0.11875766634880343, 0.12948701936975432, 0.16878112880735763, 0.1247768128102039, 0.058633204009123766, 0.07927572036600165]","28_lag_traDP, 21_lag_26_median_solFORC, 21_lag_30_median_solFORC, 21_lag_27_median_solFORC, 21_lag_30_median_seurTSjfm, 21_lag_30_median_traBO, 29_lag_traDP, 28_lag_solFORC, 21_lag_29_median_solFORC, 21_lag_28_median_solFORC_1235_21"
RandomForestRegressor,17,10,satlSSTjfm,shigh,883.5,2005.5,0.4,32,22,22,11.993220781106789,-0.04445657240710675,1235,"['22_lag_25_median_shSICsep', '25_lag_solFORC', '31_lag_traDP', '22_lag_31_median_traBO', '28_lag_traDP', '22_lag_26_median_solFORC', '29_lag_traDP', '28_lag_solFORC', '22_lag_28_median_solFORC', '22_lag_27_median_solFORC']","[0.12841323598861895, 0.045382010865630186, 0.10537336290778693, 0.10163552137380273, 0.08581302559921122, 0.11296193721655891, 0.14019724097268882, 0.12067140160068661, 0.09123623833146782, 0.06831602514354793]","22_lag_25_median_shSICsep, 25_lag_solFORC, 31_lag_traDP, 22_lag_31_median_traBO, 28_lag_traDP, 22_lag_26_median_solFORC, 29_lag_traDP, 28_lag_solFORC, 22_lag_28_median_solFORC, 22_lag_27_median_solFORC_1235_22"
RandomForestRegressor,18,10,satlSSTjfm,shigh,884.5,2005.5,0.4,33,23,23,12.047442135391256,-0.035684937980181956,1235,"['28_lag_solFORC', '23_lag_32_median_solFORC', '25_lag_solFORC', '28_lag_traDP', '23_lag_26_median_solFORC', '23_lag_25_median_solFORC', '29_lag_traDP', '32_lag_traDP', '23_lag_32_median_traBO', '23_lag_27_median_solFORC']","[0.07823979990147135, 0.06850575021195812, 0.049772571330646026, 0.08714871323036961, 0.04013220489871703, 0.10995984057042013, 0.15648086313428144, 0.1528680875073631, 0.14864313760153072, 0.10824903161324256]","28_lag_solFORC, 23_lag_32_median_solFORC, 25_lag_solFORC, 28_lag_traDP, 23_lag_26_median_solFORC, 23_lag_25_median_solFORC, 29_lag_traDP, 32_lag_traDP, 23_lag_32_median_traBO, 23_lag_27_median_solFORC_1235_23"
RandomForestRegressor,19,10,satlSSTjfm,shigh,885.5,2005.5,0.4,34,24,24,11.748076416459915,-0.1784762674982792,1235,"['25_lag_solFORC', '24_lag_25_median_solFORC', '24_lag_33_median_traBO', '32_lag_traDP', '29_lag_traDP', '24_lag_33_median_nhSICjfm', '24_lag_32_median_solFORC', '24_lag_32_median_traIT', '24_lag_solFORC', '24_lag_26_median_solFORC']","[0.05007906956968905, 0.03864672348792193, 0.0854751499295109, 0.14468152245049262, 0.1223664001031184, 0.11594800288758761, 0.13280104421674174, 0.12779024817638024, 0.08383632704298837, 0.09837551213556905]","25_lag_solFORC, 24_lag_25_median_solFORC, 24_lag_33_median_traBO, 32_lag_traDP, 29_lag_traDP, 24_lag_33_median_nhSICjfm, 24_lag_32_median_solFORC, 24_lag_32_median_traIT, 24_lag_solFORC, 24_lag_26_median_solFORC_1235_24"
RandomForestRegressor,20,10,satlSSTjfm,shigh,886.5,2005.5,0.4,35,25,25,12.202695424251422,-0.12320015393982751,1235,"['25_lag_26_median_solFORC', '25_lag_27_median_solFORC', '28_lag_traDP', '25_lag_29_median_stratZ50ndj01', '34_lag_traDP', '32_lag_traDP', '29_lag_traDP', '25_lag_31_median_solFORC', '25_lag_34_median_traBO', '25_lag_solFORC']","[0.041465431725493315, 0.05162175961509335, 0.06542586672541019, 0.1209305600684957, 0.09726147903738643, 0.1025177234847904, 0.10568830815539938, 0.10901589529092687, 0.1479411665438176, 0.15813180935318685]","25_lag_26_median_solFORC, 25_lag_27_median_solFORC, 28_lag_traDP, 25_lag_29_median_stratZ50ndj01, 34_lag_traDP, 32_lag_traDP, 29_lag_traDP, 25_lag_31_median_solFORC, 25_lag_34_median_traBO, 25_lag_solFORC_1235_25"
RandomForestRegressor,21,10,satlSSTjfm,shigh,887.5,2005.5,0.4,36,26,26,12.181929149535085,-0.16241535759131503,1235,"['26_lag_35_median_atlSICjfm', '28_lag_traDP', '26_lag_35_median_traDP', '26_lag_34_median_tripol2', '34_lag_traDP', '32_lag_traDP', '29_lag_traDP', '26_lag_30_median_solFORC', '26_lag_35_median_traBO', '26_lag_solFORC']","[0.08422673441567166, 0.060505009728826734, 0.055817226987503576, 0.10782705628215736, 0.0822238962402333, 0.07835074384873053, 0.08187472644646565, 0.15257735677982537, 0.14443113772616326, 0.15216611154442256]","26_lag_35_median_atlSICjfm, 28_lag_traDP, 26_lag_35_median_traDP, 26_lag_34_median_tripol2, 34_lag_traDP, 32_lag_traDP, 29_lag_traDP, 26_lag_30_median_solFORC, 26_lag_35_median_traBO, 26_lag_solFORC_1235_26"
RandomForestRegressor,22,10,satlSSTjfm,shigh,888.5,2005.5,0.4,37,27,27,12.526576450520935,-0.16207587773379722,1235,"['29_lag_traDP', '28_lag_solFORC', '27_lag_28_median_solFORC', '32_lag_traDP', '27_lag_36_median_traDP', '27_lag_35_median_traIT', '27_lag_36_median_traBO', '27_lag_35_median_traBO', '27_lag_29_median_solFORC', '27_lag_solFORC']","[0.10907773952757527, 0.05088339562802385, 0.03738155885993198, 0.11845802886137205, 0.10982244852719333, 0.1303855526857996, 0.09054795049694851, 0.12562049532155048, 0.12532631867990207, 0.10249651141170299]","29_lag_traDP, 28_lag_solFORC, 27_lag_28_median_solFORC, 32_lag_traDP, 27_lag_36_median_traDP, 27_lag_35_median_traIT, 27_lag_36_median_traBO, 27_lag_35_median_traBO, 27_lag_29_median_solFORC, 27_lag_solFORC_1235_27"
RandomForestRegressor,23,10,satlSSTjfm,shigh,889.5,2005.5,0.4,38,28,28,13.360873299188109,-0.36782374339810336,1235,"['28_lag_31_median_traDP', '28_lag_36_median_traDP', '32_lag_traTLS', '28_lag_30_median_solFORC', '28_lag_traDP', '28_lag_36_median_atlSICjfm', '37_lag_traDP', '32_lag_traDP', '28_lag_37_median_traBO', '28_lag_solFORC']","[0.07758716915661175, 0.07901262300066768, 0.1040810625821817, 0.09795555375243341, 0.07437532434206491, 0.10488889603699411, 0.09320163308179649, 0.08135366704402429, 0.12893481697983789, 0.1586092540233878]","28_lag_31_median_traDP, 28_lag_36_median_traDP, 32_lag_traTLS, 28_lag_30_median_solFORC, 28_lag_traDP, 28_lag_36_median_atlSICjfm, 37_lag_traDP, 32_lag_traDP, 28_lag_37_median_traBO, 28_lag_solFORC_1235_28"
RandomForestRegressor,24,10,satlSSTjfm,shigh,890.5,2005.5,0.4,39,29,29,13.646835712488292,-0.35330002721439024,1235,"['29_lag_35_median_atlSICjfm', '29_lag_36_median_traDP', '29_lag_37_median_traDP', '37_lag_traDP', '29_lag_30_median_solFORC', '30_lag_solFORC', '32_lag_traDP', '29_lag_traDP', '29_lag_38_median_traBO', '29_lag_solFORC']","[0.1152814255725228, 0.06597702251638354, 0.07083346278122683, 0.09941460214363876, 0.05554140751080813, 0.07346777605129284, 0.10649764491177668, 0.1144173049122637, 0.1731364365089132, 0.12543291709117338]","29_lag_35_median_atlSICjfm, 29_lag_36_median_traDP, 29_lag_37_median_traDP, 37_lag_traDP, 29_lag_30_median_solFORC, 30_lag_solFORC, 32_lag_traDP, 29_lag_traDP, 29_lag_38_median_traBO, 29_lag_solFORC_1235_29"
RandomForestRegressor,25,10,satlSSTjfm,shigh,891.5,2005.5,0.4,40,30,30,13.094491332557885,-0.2967540283549799,1235,"['30_lag_32_median_traDP', '34_lag_traDP', '30_lag_38_median_traDP', '37_lag_traDP', '32_lag_traDP', '30_lag_39_median_traBO', '30_lag_39_median_nhSICjfm', '30_lag_38_median_traBO', '30_lag_36_median_traIT', '30_lag_solFORC']","[0.07933407320867458, 0.08802888988572194, 0.049864807414176655, 0.07755102169467966, 0.08107731669597339, 0.078019066015459, 0.10988213152184206, 0.09070348094406588, 0.14354558194018377, 0.201993630679223]","30_lag_32_median_traDP, 34_lag_traDP, 30_lag_38_median_traDP, 37_lag_traDP, 32_lag_traDP, 30_lag_39_median_traBO, 30_lag_39_median_nhSICjfm, 30_lag_38_median_traBO, 30_lag_36_median_traIT, 30_lag_solFORC_1235_30"
RandomForestRegressor,26,10,satlSSTjfm,shigh,892.5,2005.5,0.4,41,31,31,14.468155078873004,-0.2718260187256563,1235,"['31_lag_32_median_traDP', '32_lag_traDP', '31_lag_40_median_traBO', '34_lag_traDP', '31_lag_traDP', '37_lag_traDP', '31_lag_39_median_nhSICjfm', '31_lag_39_median_traDP', '31_lag_40_median_nhSICjfm', '31_lag_solFORC']","[0.06896605186854714, 0.07399020817627117, 0.10498321697422673, 0.09768248918852987, 0.08619518129929879, 0.08947521191931854, 0.10065846633597199, 0.06807927458503715, 0.08446241045684025, 0.22550748919595837]","31_lag_32_median_traDP, 32_lag_traDP, 31_lag_40_median_traBO, 34_lag_traDP, 31_lag_traDP, 37_lag_traDP, 31_lag_39_median_nhSICjfm, 31_lag_39_median_traDP, 31_lag_40_median_nhSICjfm, 31_lag_solFORC_1235_31"
RandomForestRegressor,27,10,satlSSTjfm,shigh,893.5,2005.5,0.4,42,32,32,13.147563519458348,-0.21021836022115467,1235,"['35_lag_traDP', '32_lag_40_median_nhSICjfm', '32_lag_35_median_traTLS', '32_lag_33_median_solFORC', '33_lag_solFORC', '34_lag_traDP', '37_lag_traDP', '32_lag_traDP', '32_lag_41_median_nhSICjfm', '32_lag_solFORC']","[0.10154343086670532, 0.10418252901659475, 0.11769654642965982, 0.046736426474636425, 0.048518737411976376, 0.1297563370640751, 0.09864569139762493, 0.12668185705046953, 0.09989672170180293, 0.1263417225864548]","35_lag_traDP, 32_lag_40_median_nhSICjfm, 32_lag_35_median_traTLS, 32_lag_33_median_solFORC, 33_lag_solFORC, 34_lag_traDP, 37_lag_traDP, 32_lag_traDP, 32_lag_41_median_nhSICjfm, 32_lag_solFORC_1235_32"
RandomForestRegressor,28,10,satlSSTjfm,shigh,894.5,2005.5,0.4,43,33,33,14.335779837955945,-0.1993756285588318,1235,"['33_lag_42_median_traDP', '37_lag_traDP', '34_lag_traDP', '33_lag_34_median_traDP', '35_lag_traDP', '33_lag_37_median_traDP', '33_lag_traDP', '33_lag_42_median_nhSICjfm', '33_lag_39_median_traDP', '33_lag_solFORC']","[0.09644006337373953, 0.08130111521698508, 0.05567057726788255, 0.06653198949614138, 0.09083521900303411, 0.05631052513759821, 0.11833964282092733, 0.15780182419442337, 0.09436757096744838, 0.1824014725218201]","33_lag_42_median_traDP, 37_lag_traDP, 34_lag_traDP, 33_lag_34_median_traDP, 35_lag_traDP, 33_lag_37_median_traDP, 33_lag_traDP, 33_lag_42_median_nhSICjfm, 33_lag_39_median_traDP, 33_lag_solFORC_1235_33"
RandomForestRegressor,29,10,satlSSTjfm,shigh,895.5,2005.5,0.4,44,34,34,13.364304554970634,-0.27453535967117765,1235,"['37_lag_traDP', '34_lag_43_median_nhSICjfm', '34_lag_39_median_traDP', '34_lag_42_median_nhSICjfm', '34_lag_43_median_traDP', '34_lag_37_median_eurPSLjfm', '34_lag_42_median_shTSjfm', '34_lag_traDP', '34_lag_solFORC', '34_lag_38_median_traDP']","[0.06515055717137835, 0.0626734431976512, 0.06424148554910174, 0.09656847261978271, 0.08930582441034157, 0.1363871257028316, 0.10033366764374942, 0.11578118004579624, 0.14526955744761094, 0.12428868621175633]","37_lag_traDP, 34_lag_43_median_nhSICjfm, 34_lag_39_median_traDP, 34_lag_42_median_nhSICjfm, 34_lag_43_median_traDP, 34_lag_37_median_eurPSLjfm, 34_lag_42_median_shTSjfm, 34_lag_traDP, 34_lag_solFORC, 34_lag_38_median_traDP_1235_34"
RandomForestRegressor,30,10,satlSSTjfm,shigh,896.5,2005.5,0.4,45,35,35,14.366531116537628,-0.273107981045255,1235,"['35_lag_43_median_nhSICjfm', '35_lag_44_median_nhSICjfm', '35_lag_44_median_shTSjfm', '35_lag_43_median_traDP', '35_lag_38_median_traDP', '35_lag_40_median_traWP', '35_lag_traDP', '35_lag_solFORC', '35_lag_37_median_traDP', '35_lag_39_median_traDP']","[0.08542282704041666, 0.07487628202226133, 0.10023949097956641, 0.0755925978168106, 0.0860900567010591, 0.12058352980579537, 0.11356762742624013, 0.11820455613639291, 0.11918604220268399, 0.10623698986877356]","35_lag_43_median_nhSICjfm, 35_lag_44_median_nhSICjfm, 35_lag_44_median_shTSjfm, 35_lag_43_median_traDP, 35_lag_38_median_traDP, 35_lag_40_median_traWP, 35_lag_traDP, 35_lag_solFORC, 35_lag_37_median_traDP, 35_lag_39_median_traDP_1235_35"
RandomForestRegressor,31,10,satlSSTjfm,shigh,897.5,2005.5,0.4,46,36,36,13.774854156867773,-0.2929616499685873,1235,"['36_lag_45_median_traBO', '36_lag_37_median_traDP', '37_lag_traDP', '36_lag_40_median_traDP', '36_lag_45_median_shTSjfm', '36_lag_43_median_traDP', '36_lag_traDP', '36_lag_39_median_traDP', '36_lag_38_median_traDP', '36_lag_solFORC']","[0.1008269178775885, 0.05041962975154436, 0.04699922635138517, 0.09545008873312569, 0.1439687360843406, 0.10250678189375974, 0.12341854422399709, 0.09290683675934874, 0.10098663112552439, 0.14251660719938566]","36_lag_45_median_traBO, 36_lag_37_median_traDP, 37_lag_traDP, 36_lag_40_median_traDP, 36_lag_45_median_shTSjfm, 36_lag_43_median_traDP, 36_lag_traDP, 36_lag_39_median_traDP, 36_lag_38_median_traDP, 36_lag_solFORC_1235_36"
RandomForestRegressor,32,10,satlSSTjfm,shigh,898.5,2005.5,0.4,47,37,37,13.093769794321949,-0.25477307677098815,1235,"['41_lag_traDP', '40_lag_traDP', '37_lag_42_median_traDP', '37_lag_41_median_traDP', '37_lag_46_median_shTSjfm', '37_lag_43_median_traDP', '37_lag_solFORC', '37_lag_40_median_traWP', '37_lag_39_median_traDP', '37_lag_traDP']","[0.06402546235436311, 0.0707660142480526, 0.037474427655067984, 0.06325814049544341, 0.15524875288312712, 0.067040168655553, 0.15536793204353175, 0.12343509432101744, 0.1418203953990616, 0.12156361194478205]","41_lag_traDP, 40_lag_traDP, 37_lag_42_median_traDP, 37_lag_41_median_traDP, 37_lag_46_median_shTSjfm, 37_lag_43_median_traDP, 37_lag_solFORC, 37_lag_40_median_traWP, 37_lag_39_median_traDP, 37_lag_traDP_1235_37"
RandomForestRegressor,33,10,satlSSTjfm,shigh,899.5,2005.5,0.4,48,38,38,12.883359708287255,-0.29654626634278514,1235,"['38_lag_46_median_atlSICsep', '40_lag_traDP', '38_lag_47_median_atlSICsep', '38_lag_40_median_traDP', '38_lag_47_median_shTSjfm', '38_lag_42_median_traDP', '38_lag_41_median_stratZ50ndj04', '38_lag_solFORC', '38_lag_traDP', '38_lag_43_median_traDP']","[0.07556005914738345, 0.09030362353093262, 0.07506136957330539, 0.07379043513942152, 0.13115494563689695, 0.08351354508286413, 0.13383347839121643, 0.12786050710466804, 0.11961904544312475, 0.08930299095018673]","38_lag_46_median_atlSICsep, 40_lag_traDP, 38_lag_47_median_atlSICsep, 38_lag_40_median_traDP, 38_lag_47_median_shTSjfm, 38_lag_42_median_traDP, 38_lag_41_median_stratZ50ndj04, 38_lag_solFORC, 38_lag_traDP, 38_lag_43_median_traDP_1235_38"
RandomForestRegressor,34,10,satlSSTjfm,shigh,900.5,2005.5,0.4,49,39,39,12.539868070501765,-0.2542391275092455,1235,"['39_lag_47_median_traDP', '39_lag_48_median_traBO', '39_lag_46_median_seurTSjfm', '42_lag_traDP', '41_lag_traDP', '39_lag_41_median_traDP', '39_lag_solFORC', '39_lag_traDP', '39_lag_48_median_shTSjfm', '39_lag_42_median_traDP']","[0.0871036364592795, 0.07468209983990083, 0.11319864617995204, 0.08934545709941702, 0.06919398554358293, 0.10276505116382685, 0.09915494257104497, 0.11634063014441312, 0.14564341874514547, 0.10257213225343728]","39_lag_47_median_traDP, 39_lag_48_median_traBO, 39_lag_46_median_seurTSjfm, 42_lag_traDP, 41_lag_traDP, 39_lag_41_median_traDP, 39_lag_solFORC, 39_lag_traDP, 39_lag_48_median_shTSjfm, 39_lag_42_median_traDP_1235_39"
RandomForestRegressor,35,10,satlSSTjfm,shigh,901.5,2005.5,0.4,50,40,40,13.373417539105253,-0.2730351564289731,1235,"['40_lag_nhSICjfm', '41_lag_traDP', '40_lag_solFORC', '42_lag_traDP', '40_lag_43_median_traDP', '40_lag_49_median_traBO', '40_lag_42_median_traDP', '40_lag_44_median_traDP', '40_lag_49_median_shTSjfm', '40_lag_traDP']","[0.11602772124380598, 0.08683176863846216, 0.09285286400151496, 0.07710172264015673, 0.07316457420585284, 0.10303916098848405, 0.07013382444350598, 0.08417713971787666, 0.15297668375076526, 0.14369454036957544]","40_lag_nhSICjfm, 41_lag_traDP, 40_lag_solFORC, 42_lag_traDP, 40_lag_43_median_traDP, 40_lag_49_median_traBO, 40_lag_42_median_traDP, 40_lag_44_median_traDP, 40_lag_49_median_shTSjfm, 40_lag_traDP_1235_40"
RandomForestRegressor,36,10,satlSSTjfm,shigh,902.5,2005.5,0.4,51,41,41,13.51898333330082,-0.24099832029056584,1235,"['41_lag_42_median_traDP', '42_lag_traDP', '41_lag_50_median_shTSjfm', '43_lag_traDP', '41_lag_44_median_traIT', '41_lag_50_median_traBO', '41_lag_44_median_traDP', '41_lag_45_median_traDP', '50_lag_traDP', '41_lag_traDP']","[0.053137245245364007, 0.053164311899192025, 0.13995333808242544, 0.07876252655434576, 0.1254389816260093, 0.12621028796957717, 0.0778361891994567, 0.08865098833046847, 0.12944033123897314, 0.1274057998541881]","41_lag_42_median_traDP, 42_lag_traDP, 41_lag_50_median_shTSjfm, 43_lag_traDP, 41_lag_44_median_traIT, 41_lag_50_median_traBO, 41_lag_44_median_traDP, 41_lag_45_median_traDP, 50_lag_traDP, 41_lag_traDP_1235_41"
RandomForestRegressor,37,10,satlSSTjfm,shigh,903.5,2005.5,0.4,52,42,42,12.960451546699733,-0.29080568935354273,1235,"['42_lag_45_median_traDP', '43_lag_traDP', '42_lag_43_median_traDP', '42_lag_51_median_nppc2SSTjfm', '42_lag_50_median_traBO', '42_lag_51_median_shTSjfm', '42_lag_49_median_eapPSLjfm', '50_lag_traDP', '42_lag_traDP', '42_lag_51_median_traDP']","[0.06198565840638337, 0.040454875551284394, 0.046371488013053, 0.08489554499237693, 0.1244149423210547, 0.14691034949134305, 0.12815936893789912, 0.12497919580498851, 0.12377691997432336, 0.1180516565072936]","42_lag_45_median_traDP, 43_lag_traDP, 42_lag_43_median_traDP, 42_lag_51_median_nppc2SSTjfm, 42_lag_50_median_traBO, 42_lag_51_median_shTSjfm, 42_lag_49_median_eapPSLjfm, 50_lag_traDP, 42_lag_traDP, 42_lag_51_median_traDP_1235_42"
RandomForestRegressor,38,10,satlSSTjfm,shigh,904.5,2005.5,0.4,53,43,43,13.505771762468939,-0.2483333942309546,1235,"['43_lag_52_median_nppc2SSTjfm', '43_lag_52_median_arcTSjfm', '43_lag_51_median_shTSjfm', '43_lag_52_median_traTLS', '43_lag_51_median_traTLS', '43_lag_52_median_ismPRjja', '50_lag_traDP', '43_lag_52_median_shTSjfm', '43_lag_traDP', '43_lag_52_median_traDP']","[0.09278355763710461, 0.09614316318027895, 0.0667035907563444, 0.06217093017615943, 0.08644521548190169, 0.10134544544949431, 0.09209965702717683, 0.09938851430061552, 0.10357313412677605, 0.19934679186414808]","43_lag_52_median_nppc2SSTjfm, 43_lag_52_median_arcTSjfm, 43_lag_51_median_shTSjfm, 43_lag_52_median_traTLS, 43_lag_51_median_traTLS, 43_lag_52_median_ismPRjja, 50_lag_traDP, 43_lag_52_median_shTSjfm, 43_lag_traDP, 43_lag_52_median_traDP_1235_43"
