model,num_irrelevant,max_allowed_features,target_feature,dataset,year_start,year_end,splitsize,max_lag,init_lag,max_forecast,mae_score,corr_score,n_total_features,selected_feature_list,feature_importances,selected_features
LinearRegression,0,30,nppc2SSTjfm,slow,866.5,2005.5,0.6,15,5,5,12.492459732927962,0.09306233948693692,418,"['5_lag_7_median_atlSICjfm', '5_lag_6_median_eapPSLjfm', '7_lag_nppc2SSTjfm', '6_lag_stratZ50ndj03', '5_lag_7_median_atlSICsep', '5_lag_7_median_amo1', '5_lag_6_median_stratZ50ndj02', '5_lag_7_median_eapPSLjfm', '5_lag_6_median_naoPSLjfm', '7_lag_shSICmar', '5_lag_7_median_AMOCann', '5_lag_7_median_scpPSLjfm', '5_lag_7_median_stratZ50ndj01', '6_lag_stratZ50ndj02', '6_lag_amoSSTjfm', '5_lag_6_median_amo1', '6_lag_solFORC', '7_lag_naoPSLjfm', '6_lag_AMOCann', '7_lag_solFORC', '5_lag_7_median_amoSSTjfm', '6_lag_amo3', '5_lag_6_median_amo3', '5_lag_7_median_nppc2SSTjfm', '5_lag_7_median_shSICmar', '6_lag_naoPSLjfm', '5_lag_7_median_naoPSLjfm', '5_lag_7_median_solFORC', '5_lag_6_median_nppc2SSTjfm', '6_lag_nppc2SSTjfm']","[0.02703104416017068, 0.06273753982988034, 0.032755783360733905, 0.08867982080977357, 0.031022175969170226, 0.21456037270337844, 0.00743798805840972, 0.1537088894793477, 0.029364837282873375, 0.02054924815836523, 0.04449909587596896, 0.009293654517961132, 0.03284509031303179, 0.007437988058410866, 0.471996961222257, 0.20287764749047693, 1.180194468702845, 0.019640798347355288, 0.07261801619537371, 1.2315298518974662, 0.12189351939672902, 0.0706888512976557, 0.0706888512976548, 0.03636173463074807, 0.04410041301519278, 0.029364837282873674, 0.004862019467759027, 0.02566769159731045, 0.03996768590076371, 0.039967685900763016]","5_lag_7_median_atlSICjfm, 5_lag_6_median_eapPSLjfm, 7_lag_nppc2SSTjfm, 6_lag_stratZ50ndj03, 5_lag_7_median_atlSICsep, 5_lag_7_median_amo1, 5_lag_6_median_stratZ50ndj02, 5_lag_7_median_eapPSLjfm, 5_lag_6_median_naoPSLjfm, 7_lag_shSICmar, 5_lag_7_median_AMOCann, 5_lag_7_median_scpPSLjfm, 5_lag_7_median_stratZ50ndj01, 6_lag_stratZ50ndj02, 6_lag_amoSSTjfm, 5_lag_6_median_amo1, 6_lag_solFORC, 7_lag_naoPSLjfm, 6_lag_AMOCann, 7_lag_solFORC, 5_lag_7_median_amoSSTjfm, 6_lag_amo3, 5_lag_6_median_amo3, 5_lag_7_median_nppc2SSTjfm, 5_lag_7_median_shSICmar, 6_lag_naoPSLjfm, 5_lag_7_median_naoPSLjfm, 5_lag_7_median_solFORC, 5_lag_6_median_nppc2SSTjfm, 6_lag_nppc2SSTjfm_418_5"
LinearRegression,1,30,nppc2SSTjfm,slow,867.5,2005.5,0.6,16,6,6,12.684982939131,0.018275728144591143,418,"['8_lag_amoSSTmjjaso', '6_lag_7_median_stratZ50ndj03', '6_lag_7_median_nhSICsep', '7_lag_stratZ50ndj01', '6_lag_8_median_stratZ50ndj02', '6_lag_8_median_shSICmar', '6_lag_7_median_eurPSLjfm', '7_lag_scpPSLjfm', '7_lag_amoSSTmjjaso', '7_lag_stratZ50ndj03', '6_lag_7_median_scpPSLjfm', '8_lag_nppc2SSTjfm', '6_lag_7_median_stratZ50ndj01', '6_lag_7_median_atlSICsep', '6_lag_8_median_shSICsep', '7_lag_nhSICjfm', '6_lag_8_median_nhSICjfm', '6_lag_8_median_eapPSLjfm', '6_lag_7_median_stratZ50ndj02', '7_lag_shSICsep', '7_lag_atlSICsep', '8_lag_solFORC', '6_lag_8_median_AMOCann', '6_lag_8_median_amoSSTmjjaso', '7_lag_stratZ50ndj02', '6_lag_7_median_solFORC', '6_lag_8_median_nppc2SSTjfm', '6_lag_8_median_solFORC', '6_lag_7_median_nppc2SSTjfm', '7_lag_nppc2SSTjfm']","[0.04759519430666217, 0.025460259394182574, 0.05272380757117723, 0.001529862003431326, 0.021195163298301397, 0.02972069524994351, 0.046679981391452505, 0.002690837701167517, 0.11317161972186751, 0.025460259394183452, 0.0026908377011684668, 0.020004145795382056, 0.0015298620034307918, 0.001588343909997466, 0.10557395871624722, 0.015619081728621883, 0.08096390194487987, 0.10310382241367332, 0.009106742525786289, 0.024710673960926553, 0.0015883439099969284, 1.1188731895726425, 0.12599657999836467, 0.08038340701426505, 0.009106742525786613, 1.0599916320581024, 0.018134716551855116, 0.029440778757270733, 0.056273578899093075, 0.056273578899093554]","8_lag_amoSSTmjjaso, 6_lag_7_median_stratZ50ndj03, 6_lag_7_median_nhSICsep, 7_lag_stratZ50ndj01, 6_lag_8_median_stratZ50ndj02, 6_lag_8_median_shSICmar, 6_lag_7_median_eurPSLjfm, 7_lag_scpPSLjfm, 7_lag_amoSSTmjjaso, 7_lag_stratZ50ndj03, 6_lag_7_median_scpPSLjfm, 8_lag_nppc2SSTjfm, 6_lag_7_median_stratZ50ndj01, 6_lag_7_median_atlSICsep, 6_lag_8_median_shSICsep, 7_lag_nhSICjfm, 6_lag_8_median_nhSICjfm, 6_lag_8_median_eapPSLjfm, 6_lag_7_median_stratZ50ndj02, 7_lag_shSICsep, 7_lag_atlSICsep, 8_lag_solFORC, 6_lag_8_median_AMOCann, 6_lag_8_median_amoSSTmjjaso, 7_lag_stratZ50ndj02, 6_lag_7_median_solFORC, 6_lag_8_median_nppc2SSTjfm, 6_lag_8_median_solFORC, 6_lag_7_median_nppc2SSTjfm, 7_lag_nppc2SSTjfm_418_6"
LinearRegression,2,30,nppc2SSTjfm,slow,868.5,2005.5,0.6,17,7,7,12.59168981065715,0.026415060425971516,418,"['7_lag_8_median_shSICsep', '7_lag_8_median_stratZ50ndj02', '9_lag_amoSSTjfm', '7_lag_9_median_shSICsep', '7_lag_8_median_stratZ50ndj03', '7_lag_9_median_atlSICjfm', '9_lag_nhSICjfm', '7_lag_8_median_shSICmar', '8_lag_stratZ50ndj03', '9_lag_shSICmar', '7_lag_9_median_amoSSTmjjaso', '7_lag_9_median_naoPSLjfm', '7_lag_9_median_amo2', '8_lag_amo2', '9_lag_solFORC', '7_lag_9_median_amoSSTjfm', '7_lag_8_median_nhSICjfm', '8_lag_stratZ50ndj01', '7_lag_9_median_nhSICjfm', '7_lag_8_median_stratZ50ndj01', '9_lag_nppc2SSTjfm', '8_lag_nppc2SSTjfm', '7_lag_8_median_eapPSLjfm', '8_lag_shSICmar', '8_lag_eapPSLjfm', '7_lag_9_median_shSICmar', '7_lag_9_median_solFORC', '8_lag_nhSICjfm', '7_lag_9_median_nppc2SSTjfm', '7_lag_8_median_nppc2SSTjfm']","[0.1549178582379767, 0.0030934262424100606, 0.2152147550432192, 0.07135600231267762, 2617026399.930542, 0.0480476540659508, 38099187423.68244, 4820905704.502346, 2617026399.9119678, 12753513034.930878, 0.22476207648417768, 0.06796968180518961, 0.15377726697267044, 0.22134289336281607, 1.4284246473140227, 0.33425130271584447, 15414185954.415089, 455114738.76446706, 76198374847.26799, 455114738.73271835, 2962873395.2064304, 1686016566.3736625, 1490538492.1291103, 7932607330.395864, 1490538492.1764843, 25507026069.785824, 1.3416244517325606, 22685001469.157726, 5925746790.438121, 1276856828.9060004]","7_lag_8_median_shSICsep, 7_lag_8_median_stratZ50ndj02, 9_lag_amoSSTjfm, 7_lag_9_median_shSICsep, 7_lag_8_median_stratZ50ndj03, 7_lag_9_median_atlSICjfm, 9_lag_nhSICjfm, 7_lag_8_median_shSICmar, 8_lag_stratZ50ndj03, 9_lag_shSICmar, 7_lag_9_median_amoSSTmjjaso, 7_lag_9_median_naoPSLjfm, 7_lag_9_median_amo2, 8_lag_amo2, 9_lag_solFORC, 7_lag_9_median_amoSSTjfm, 7_lag_8_median_nhSICjfm, 8_lag_stratZ50ndj01, 7_lag_9_median_nhSICjfm, 7_lag_8_median_stratZ50ndj01, 9_lag_nppc2SSTjfm, 8_lag_nppc2SSTjfm, 7_lag_8_median_eapPSLjfm, 8_lag_shSICmar, 8_lag_eapPSLjfm, 7_lag_9_median_shSICmar, 7_lag_9_median_solFORC, 8_lag_nhSICjfm, 7_lag_9_median_nppc2SSTjfm, 7_lag_8_median_nppc2SSTjfm_418_7"
LinearRegression,3,30,nppc2SSTjfm,slow,869.5,2005.5,0.6,18,8,8,12.396970471025986,0.08276691484532735,418,"['8_lag_9_median_shSICsep', '8_lag_9_median_stratZ50ndj02', '10_lag_amoSSTjfm', '8_lag_10_median_shSICsep', '8_lag_9_median_stratZ50ndj03', '8_lag_10_median_atlSICjfm', '10_lag_nhSICjfm', '8_lag_9_median_shSICmar', '9_lag_stratZ50ndj03', '10_lag_shSICmar', '8_lag_10_median_amoSSTmjjaso', '8_lag_10_median_naoPSLjfm', '8_lag_10_median_amo2', '9_lag_amo2', '10_lag_solFORC', '8_lag_10_median_amoSSTjfm', '8_lag_9_median_nhSICjfm', '9_lag_stratZ50ndj01', '8_lag_10_median_nhSICjfm', '8_lag_9_median_stratZ50ndj01', '10_lag_nppc2SSTjfm', '9_lag_nppc2SSTjfm', '8_lag_9_median_eapPSLjfm', '9_lag_shSICmar', '9_lag_eapPSLjfm', '8_lag_10_median_shSICmar', '8_lag_10_median_solFORC', '9_lag_nhSICjfm', '8_lag_10_median_nppc2SSTjfm', '8_lag_9_median_nppc2SSTjfm']","[0.1416775028846021, 0.03287997274128461, 0.03533629230355592, 0.22537312105605617, 378563320826.5811, 0.07596694482950214, 5511199624245.079, 697363264254.2018, 378563320826.5411, 1844846596443.143, 0.16853700284839462, 0.08536767263817881, 0.18334579368562298, 0.11500873309061536, 1.1671361056056313, 0.15251385021429023, 2229723560652.389, 65834164631.62956, 11022399248490.295, 65834164631.66274, 428591469966.7636, 243889030062.2466, 215612345915.26044, 1147483332188.9773, 215612345915.24777, 3689693192886.37, 1.081485040228058, 3281476063592.767, 857182939933.4707, 184702439904.4455]","8_lag_9_median_shSICsep, 8_lag_9_median_stratZ50ndj02, 10_lag_amoSSTjfm, 8_lag_10_median_shSICsep, 8_lag_9_median_stratZ50ndj03, 8_lag_10_median_atlSICjfm, 10_lag_nhSICjfm, 8_lag_9_median_shSICmar, 9_lag_stratZ50ndj03, 10_lag_shSICmar, 8_lag_10_median_amoSSTmjjaso, 8_lag_10_median_naoPSLjfm, 8_lag_10_median_amo2, 9_lag_amo2, 10_lag_solFORC, 8_lag_10_median_amoSSTjfm, 8_lag_9_median_nhSICjfm, 9_lag_stratZ50ndj01, 8_lag_10_median_nhSICjfm, 8_lag_9_median_stratZ50ndj01, 10_lag_nppc2SSTjfm, 9_lag_nppc2SSTjfm, 8_lag_9_median_eapPSLjfm, 9_lag_shSICmar, 9_lag_eapPSLjfm, 8_lag_10_median_shSICmar, 8_lag_10_median_solFORC, 9_lag_nhSICjfm, 8_lag_10_median_nppc2SSTjfm, 8_lag_9_median_nppc2SSTjfm_418_8"
LinearRegression,4,30,nppc2SSTjfm,slow,870.5,2005.5,0.6,19,9,9,12.241838476369646,0.15787837994638787,418,"['11_lag_naoPSLjfm', '9_lag_10_median_amo1', '11_lag_shSICmar', '9_lag_11_median_stratZ50ndj02', '9_lag_10_median_amo2', '10_lag_stratZ50ndj03', '11_lag_shSICsep', '9_lag_10_median_stratZ50ndj02', '9_lag_11_median_nhSICsep', '9_lag_10_median_stratZ50ndj03', '9_lag_10_median_scpPSLjfm', '9_lag_11_median_eurPSLjfm', '10_lag_shSICsep', '11_lag_atlSICjfm', '10_lag_nppc2SSTjfm', '10_lag_nhSICsep', '9_lag_10_median_atlSICjfm', '9_lag_11_median_amoSSTmjjaso', '9_lag_11_median_stratZ50ndj01', '10_lag_atlSICsep', '10_lag_eurPSLjfm', '9_lag_10_median_atlSICsep', '9_lag_11_median_solFORC', '9_lag_10_median_naoPSLjfm', '9_lag_11_median_naoPSLjfm', '9_lag_11_median_shSICmar', '9_lag_11_median_shSICsep', '9_lag_11_median_atlSICjfm', '9_lag_10_median_shSICmar', '10_lag_shSICmar']","[0.030983098216023824, 0.08444406295744901, 0.020802058474140232, 0.07170463473905075, 0.10591880953008352, 0.015301515610464025, 0.09519482997588946, 0.06057966164541438, 0.16751414941811085, 0.01530151561046418, 0.015795097640898557, 0.021728967252036248, 0.031130605437894553, 0.009859894070145783, 0.059958831024988994, 0.09688909051015888, 0.016133252809691013, 0.026391368706518818, 0.013789109187706289, 0.022001177762615724, 0.06121024336939665, 0.022001177762615648, 0.07956615238327316, 0.03305266457373386, 0.03201788139487881, 0.005539810784153705, 0.03203211226899759, 0.01299657343991836, 0.03188168004244759, 0.03188168004244763]","11_lag_naoPSLjfm, 9_lag_10_median_amo1, 11_lag_shSICmar, 9_lag_11_median_stratZ50ndj02, 9_lag_10_median_amo2, 10_lag_stratZ50ndj03, 11_lag_shSICsep, 9_lag_10_median_stratZ50ndj02, 9_lag_11_median_nhSICsep, 9_lag_10_median_stratZ50ndj03, 9_lag_10_median_scpPSLjfm, 9_lag_11_median_eurPSLjfm, 10_lag_shSICsep, 11_lag_atlSICjfm, 10_lag_nppc2SSTjfm, 10_lag_nhSICsep, 9_lag_10_median_atlSICjfm, 9_lag_11_median_amoSSTmjjaso, 9_lag_11_median_stratZ50ndj01, 10_lag_atlSICsep, 10_lag_eurPSLjfm, 9_lag_10_median_atlSICsep, 9_lag_11_median_solFORC, 9_lag_10_median_naoPSLjfm, 9_lag_11_median_naoPSLjfm, 9_lag_11_median_shSICmar, 9_lag_11_median_shSICsep, 9_lag_11_median_atlSICjfm, 9_lag_10_median_shSICmar, 10_lag_shSICmar_418_9"
LinearRegression,5,30,nppc2SSTjfm,slow,871.5,2005.5,0.6,20,10,10,12.109443788446793,0.19786664401833612,418,"['12_lag_naoPSLjfm', '10_lag_11_median_amo1', '12_lag_shSICmar', '10_lag_12_median_stratZ50ndj02', '10_lag_11_median_amo2', '11_lag_stratZ50ndj03', '12_lag_shSICsep', '10_lag_11_median_stratZ50ndj02', '10_lag_12_median_nhSICsep', '10_lag_11_median_stratZ50ndj03', '10_lag_11_median_scpPSLjfm', '10_lag_12_median_eurPSLjfm', '11_lag_shSICsep', '12_lag_atlSICjfm', '11_lag_nppc2SSTjfm', '11_lag_nhSICsep', '10_lag_11_median_atlSICjfm', '10_lag_12_median_amoSSTmjjaso', '10_lag_12_median_stratZ50ndj01', '11_lag_atlSICsep', '11_lag_eurPSLjfm', '10_lag_11_median_atlSICsep', '10_lag_12_median_solFORC', '10_lag_11_median_naoPSLjfm', '10_lag_12_median_naoPSLjfm', '10_lag_12_median_shSICmar', '10_lag_12_median_shSICsep', '10_lag_12_median_atlSICjfm', '10_lag_11_median_shSICmar', '11_lag_shSICmar']","[0.012404899588999062, 0.14947473293261176, 0.0011395073490949345, 0.043516917109924155, 0.20534765726787738, 0.011921377880815053, 0.08511881101498098, 0.03197277228361121, 0.19549114567987713, 0.011921377880815247, 0.030707249453451407, 0.09643670539517447, 0.015267352589430553, 0.028559625926135444, 0.0576068419437692, 0.07194463480919498, 0.04419584916381965, 0.0591754129870607, 0.07335409227708288, 0.012938842678691885, 0.027842170808521693, 0.01293884267869178, 0.07689115138820764, 0.04684463772761064, 0.02962476865830485, 0.004292921539637538, 0.03492572921277533, 0.00781811161884211, 0.00744633573018009, 0.007446335730180087]","12_lag_naoPSLjfm, 10_lag_11_median_amo1, 12_lag_shSICmar, 10_lag_12_median_stratZ50ndj02, 10_lag_11_median_amo2, 11_lag_stratZ50ndj03, 12_lag_shSICsep, 10_lag_11_median_stratZ50ndj02, 10_lag_12_median_nhSICsep, 10_lag_11_median_stratZ50ndj03, 10_lag_11_median_scpPSLjfm, 10_lag_12_median_eurPSLjfm, 11_lag_shSICsep, 12_lag_atlSICjfm, 11_lag_nppc2SSTjfm, 11_lag_nhSICsep, 10_lag_11_median_atlSICjfm, 10_lag_12_median_amoSSTmjjaso, 10_lag_12_median_stratZ50ndj01, 11_lag_atlSICsep, 11_lag_eurPSLjfm, 10_lag_11_median_atlSICsep, 10_lag_12_median_solFORC, 10_lag_11_median_naoPSLjfm, 10_lag_12_median_naoPSLjfm, 10_lag_12_median_shSICmar, 10_lag_12_median_shSICsep, 10_lag_12_median_atlSICjfm, 10_lag_11_median_shSICmar, 11_lag_shSICmar_418_10"
LinearRegression,6,30,nppc2SSTjfm,slow,872.5,2005.5,0.6,21,11,11,12.365775135278298,0.12545906941895696,418,"['12_lag_stratZ50ndj01', '12_lag_amo2', '11_lag_12_median_nppc2SSTjfm', '11_lag_12_median_nhSICjfm', '12_lag_stratZ50ndj04', '11_lag_12_median_solFORC', '12_lag_shSICmar', '11_lag_13_median_atlSICsep', '13_lag_shSICsep', '13_lag_naoPSLjfm', '11_lag_12_median_amo2', '12_lag_amo3', '11_lag_12_median_amoSSTjfm', '12_lag_amoSSTjfm', '11_lag_13_median_stratZ50ndj02', '12_lag_nhSICjfm', '11_lag_12_median_shSICsep', '13_lag_nppc2SSTjfm', '11_lag_12_median_stratZ50ndj02', '11_lag_13_median_amo3', '11_lag_13_median_shSICmar', '12_lag_solFORC', '11_lag_13_median_stratZ50ndj01', '11_lag_12_median_stratZ50ndj01', '12_lag_stratZ50ndj02', '11_lag_13_median_shSICsep', '11_lag_13_median_naoPSLjfm', '11_lag_13_median_nppc2SSTjfm', '13_lag_solFORC', '11_lag_13_median_solFORC']","[0.02207233858933097, 56061461927.106155, 2050098113162.1587, 260688906079.7705, 0.006340346939940363, 1754791566800.2322, 0.05535565222770551, 0.0233428557437996, 4654304231890.391, 0.007986273414213587, 56061461927.3581, 0.03850307138412384, 387037568603.0501, 387037568603.21277, 0.015981679715912755, 260688906079.83154, 4654304231890.275, 2050098113162.1592, 144157498653.1433, 0.0022792816162109375, 0.05370140075683594, 459260056407.2902, 0.01055145263671875, 0.02022552490234375, 144157498653.11713, 9308608463780.53, 0.047255516052246094, 4100196226324.278, 1295531510393.3325, 2591063020786.365]","12_lag_stratZ50ndj01, 12_lag_amo2, 11_lag_12_median_nppc2SSTjfm, 11_lag_12_median_nhSICjfm, 12_lag_stratZ50ndj04, 11_lag_12_median_solFORC, 12_lag_shSICmar, 11_lag_13_median_atlSICsep, 13_lag_shSICsep, 13_lag_naoPSLjfm, 11_lag_12_median_amo2, 12_lag_amo3, 11_lag_12_median_amoSSTjfm, 12_lag_amoSSTjfm, 11_lag_13_median_stratZ50ndj02, 12_lag_nhSICjfm, 11_lag_12_median_shSICsep, 13_lag_nppc2SSTjfm, 11_lag_12_median_stratZ50ndj02, 11_lag_13_median_amo3, 11_lag_13_median_shSICmar, 12_lag_solFORC, 11_lag_13_median_stratZ50ndj01, 11_lag_12_median_stratZ50ndj01, 12_lag_stratZ50ndj02, 11_lag_13_median_shSICsep, 11_lag_13_median_naoPSLjfm, 11_lag_13_median_nppc2SSTjfm, 13_lag_solFORC, 11_lag_13_median_solFORC_418_11"
LinearRegression,7,30,nppc2SSTjfm,slow,873.5,2005.5,0.6,22,12,12,12.078067036461148,0.22793195409108685,418,"['12_lag_14_median_nppc2SSTjfm', '12_lag_13_median_stratZ50ndj01', '12_lag_14_median_naoPSLjfm', '12_lag_14_median_eurPSLjfm', '12_lag_13_median_naoPSLjfm', '13_lag_AMOCann', '12_lag_13_median_amo1', '13_lag_atlSICsep', '12_lag_14_median_amoSSTmjjaso', '14_lag_nhSICjfm', '12_lag_13_median_AMOCann', '12_lag_13_median_nhSICsep', '12_lag_14_median_amo2', '12_lag_13_median_atlSICsep', '12_lag_14_median_amo1', '13_lag_amo2', '13_lag_scpPSLjfm', '12_lag_14_median_shSICmar', '12_lag_14_median_nhSICsep', '12_lag_13_median_nhSICjfm', '13_lag_stratZ50ndj04', '12_lag_13_median_stratZ50ndj04', '12_lag_13_median_scpPSLjfm', '12_lag_13_median_shSICsep', '13_lag_shSICsep', '12_lag_14_median_nhSICjfm', '12_lag_13_median_nppc2SSTjfm', '12_lag_13_median_shSICmar', '13_lag_nppc2SSTjfm', '13_lag_shSICmar']","[0.010775071092927612, 0.005101402065530662, 0.05149764746869708, 0.05328911635176863, 0.025487624107167976, 0.042910808375613826, 0.052616428161827884, 0.009989330121012876, 0.16370615600170513, 0.034222623472441885, 0.042910808375611516, 0.07115496812328824, 0.2534558917457285, 0.009989330121014862, 0.058382583451442684, 0.21741199297742192, 0.017591951864957503, 0.14454609876681515, 0.17601104459128036, 0.005960974271103513, 0.011752435209454633, 0.011752435209454366, 0.017591951864957177, 0.02142756405863038, 0.021427564058631596, 0.020091798871772107, 0.016031136796130337, 0.034701292239591196, 0.01603113679613458, 0.03470129223958898]","12_lag_14_median_nppc2SSTjfm, 12_lag_13_median_stratZ50ndj01, 12_lag_14_median_naoPSLjfm, 12_lag_14_median_eurPSLjfm, 12_lag_13_median_naoPSLjfm, 13_lag_AMOCann, 12_lag_13_median_amo1, 13_lag_atlSICsep, 12_lag_14_median_amoSSTmjjaso, 14_lag_nhSICjfm, 12_lag_13_median_AMOCann, 12_lag_13_median_nhSICsep, 12_lag_14_median_amo2, 12_lag_13_median_atlSICsep, 12_lag_14_median_amo1, 13_lag_amo2, 13_lag_scpPSLjfm, 12_lag_14_median_shSICmar, 12_lag_14_median_nhSICsep, 12_lag_13_median_nhSICjfm, 13_lag_stratZ50ndj04, 12_lag_13_median_stratZ50ndj04, 12_lag_13_median_scpPSLjfm, 12_lag_13_median_shSICsep, 13_lag_shSICsep, 12_lag_14_median_nhSICjfm, 12_lag_13_median_nppc2SSTjfm, 12_lag_13_median_shSICmar, 13_lag_nppc2SSTjfm, 13_lag_shSICmar_418_12"
LinearRegression,8,30,nppc2SSTjfm,slow,874.5,2005.5,0.6,23,13,13,12.294825598407195,0.16356020006961106,418,"['13_lag_14_median_AMOCann', '15_lag_nhSICsep', '14_lag_nhSICsep', '14_lag_stratZ50ndj01', '13_lag_15_median_atlSICsep', '15_lag_stratZ50ndj01', '13_lag_15_median_stratZ50ndj03', '14_lag_shSICsep', '15_lag_eurPSLjfm', '14_lag_naoPSLjfm', '13_lag_14_median_stratZ50ndj04', '15_lag_stratZ50ndj04', '15_lag_solFORC', '15_lag_shSICmar', '14_lag_AMOCann', '13_lag_15_median_shSICsep', '15_lag_naoPSLjfm', '15_lag_nppc2SSTjfm', '13_lag_15_median_nhSICsep', '13_lag_14_median_nppc2SSTjfm', '14_lag_shSICmar', '13_lag_15_median_stratZ50ndj01', '13_lag_15_median_eurPSLjfm', '15_lag_AMOCann', '13_lag_15_median_stratZ50ndj04', '13_lag_15_median_solFORC', '13_lag_15_median_shSICmar', '13_lag_15_median_naoPSLjfm', '13_lag_15_median_nppc2SSTjfm', '13_lag_15_median_AMOCann']","[5004517354.017752, 127810211232.19565, 127810211232.2198, 119998945020.43626, 0.008894611082268378, 119998945020.49748, 0.045455220950600395, 0.0318513258576993, 0.03272203433161818, 178319305405.48953, 126835769505.72559, 126835769505.78487, 0.49434175679750586, 125983092655.58585, 286683384080.61444, 0.16235140017549485, 178319305405.50845, 190118249866.16913, 255620422464.61902, 190118249866.10715, 125983092655.56264, 239997890040.84592, 0.025052309036254883, 291687901434.6395, 253671539011.4389, 0.5706672668457031, 251966185311.19073, 356638610811.01135, 380236499732.2894, 583375802869.189]","13_lag_14_median_AMOCann, 15_lag_nhSICsep, 14_lag_nhSICsep, 14_lag_stratZ50ndj01, 13_lag_15_median_atlSICsep, 15_lag_stratZ50ndj01, 13_lag_15_median_stratZ50ndj03, 14_lag_shSICsep, 15_lag_eurPSLjfm, 14_lag_naoPSLjfm, 13_lag_14_median_stratZ50ndj04, 15_lag_stratZ50ndj04, 15_lag_solFORC, 15_lag_shSICmar, 14_lag_AMOCann, 13_lag_15_median_shSICsep, 15_lag_naoPSLjfm, 15_lag_nppc2SSTjfm, 13_lag_15_median_nhSICsep, 13_lag_14_median_nppc2SSTjfm, 14_lag_shSICmar, 13_lag_15_median_stratZ50ndj01, 13_lag_15_median_eurPSLjfm, 15_lag_AMOCann, 13_lag_15_median_stratZ50ndj04, 13_lag_15_median_solFORC, 13_lag_15_median_shSICmar, 13_lag_15_median_naoPSLjfm, 13_lag_15_median_nppc2SSTjfm, 13_lag_15_median_AMOCann_418_13"
LinearRegression,9,30,nppc2SSTjfm,slow,875.5,2005.5,0.6,24,14,14,12.393092193860095,0.13835643677182113,418,"['14_lag_15_median_atlSICsep', '16_lag_nppc2SSTjfm', '14_lag_15_median_stratZ50ndj03', '14_lag_15_median_shSICmar', '14_lag_15_median_AMOCann', '14_lag_15_median_stratZ50ndj02', '14_lag_15_median_amo3', '16_lag_shSICmar', '14_lag_16_median_nhSICjfm', '16_lag_atlSICjfm', '14_lag_15_median_nhSICsep', '14_lag_16_median_stratZ50ndj03', '14_lag_15_median_atlSICjfm', '15_lag_stratZ50ndj02', '14_lag_15_median_stratZ50ndj01', '15_lag_amo3', '15_lag_naoPSLjfm', '15_lag_nhSICsep', '16_lag_stratZ50ndj01', '14_lag_15_median_nppc2SSTjfm', '14_lag_16_median_naoPSLjfm', '14_lag_16_median_atlSICsep', '15_lag_atlSICsep', '14_lag_16_median_solFORC', '14_lag_16_median_nppc2SSTjfm', '14_lag_16_median_shSICmar', '15_lag_shSICsep', '14_lag_16_median_atlSICjfm', '14_lag_15_median_shSICsep', '14_lag_16_median_stratZ50ndj01']","[0.004681544072505941, 4460501134933.621, 0.005595607193309337, 1278842213596.373, 0.0735292792211979, 224377864187.78143, 126957350285.54915, 1278842213596.3357, 0.1121298994421825, 44861747152.90661, 116024516723.35883, 0.012647524483111856, 44861747152.873924, 224377864187.77344, 2830192684711.096, 126957350285.47337, 0.02139086259598231, 116024516723.51956, 2830192684711.1396, 4460501134933.74, 0.014404296875, 0.118896484375, 0.00634765625, 0.0765380859375, 8921002269867.395, 2557684427192.692, 314551372.3594055, 89723494305.79077, 314551372.50341797, 5660385369422.336]","14_lag_15_median_atlSICsep, 16_lag_nppc2SSTjfm, 14_lag_15_median_stratZ50ndj03, 14_lag_15_median_shSICmar, 14_lag_15_median_AMOCann, 14_lag_15_median_stratZ50ndj02, 14_lag_15_median_amo3, 16_lag_shSICmar, 14_lag_16_median_nhSICjfm, 16_lag_atlSICjfm, 14_lag_15_median_nhSICsep, 14_lag_16_median_stratZ50ndj03, 14_lag_15_median_atlSICjfm, 15_lag_stratZ50ndj02, 14_lag_15_median_stratZ50ndj01, 15_lag_amo3, 15_lag_naoPSLjfm, 15_lag_nhSICsep, 16_lag_stratZ50ndj01, 14_lag_15_median_nppc2SSTjfm, 14_lag_16_median_naoPSLjfm, 14_lag_16_median_atlSICsep, 15_lag_atlSICsep, 14_lag_16_median_solFORC, 14_lag_16_median_nppc2SSTjfm, 14_lag_16_median_shSICmar, 15_lag_shSICsep, 14_lag_16_median_atlSICjfm, 14_lag_15_median_shSICsep, 14_lag_16_median_stratZ50ndj01_418_14"
LinearRegression,10,30,nppc2SSTjfm,slow,876.5,2005.5,0.6,25,15,15,12.622545385618974,0.030533984603887107,418,"['15_lag_16_median_atlSICsep', '17_lag_nppc2SSTjfm', '15_lag_16_median_stratZ50ndj03', '15_lag_16_median_shSICmar', '15_lag_16_median_AMOCann', '15_lag_16_median_stratZ50ndj02', '15_lag_16_median_amo3', '17_lag_shSICmar', '15_lag_17_median_nhSICjfm', '17_lag_atlSICjfm', '15_lag_16_median_nhSICsep', '15_lag_17_median_stratZ50ndj03', '15_lag_16_median_atlSICjfm', '16_lag_stratZ50ndj02', '15_lag_16_median_stratZ50ndj01', '16_lag_amo3', '16_lag_naoPSLjfm', '16_lag_nhSICsep', '17_lag_stratZ50ndj01', '15_lag_16_median_nppc2SSTjfm', '15_lag_17_median_naoPSLjfm', '15_lag_17_median_atlSICsep', '16_lag_atlSICsep', '15_lag_17_median_solFORC', '15_lag_17_median_nppc2SSTjfm', '15_lag_17_median_shSICmar', '16_lag_shSICsep', '15_lag_17_median_atlSICjfm', '15_lag_16_median_shSICsep', '15_lag_17_median_stratZ50ndj01']","[0.018532911433410532, 4822926013492.458, 0.022526502356615002, 1382750770042.766, 0.04229121393848803, 242609026498.81122, 137272895751.74423, 1382750770042.768, 0.06953056058889186, 48506856249.88218, 125451747007.8756, 0.03336029195215289, 48506856249.754845, 242609026498.82025, 3060151653227.3145, 137272895751.64757, 0.0035043809839546886, 125451747008.0231, 3060151653227.2554, 4822926013492.523, 0.016693115234375, 0.158935546875, 0.01806640625, 0.08245849609375, 9645852026985.078, 2765501540085.5283, 340109317.4073181, 97013712499.65967, 340109317.5779877, 6120303306454.661]","15_lag_16_median_atlSICsep, 17_lag_nppc2SSTjfm, 15_lag_16_median_stratZ50ndj03, 15_lag_16_median_shSICmar, 15_lag_16_median_AMOCann, 15_lag_16_median_stratZ50ndj02, 15_lag_16_median_amo3, 17_lag_shSICmar, 15_lag_17_median_nhSICjfm, 17_lag_atlSICjfm, 15_lag_16_median_nhSICsep, 15_lag_17_median_stratZ50ndj03, 15_lag_16_median_atlSICjfm, 16_lag_stratZ50ndj02, 15_lag_16_median_stratZ50ndj01, 16_lag_amo3, 16_lag_naoPSLjfm, 16_lag_nhSICsep, 17_lag_stratZ50ndj01, 15_lag_16_median_nppc2SSTjfm, 15_lag_17_median_naoPSLjfm, 15_lag_17_median_atlSICsep, 16_lag_atlSICsep, 15_lag_17_median_solFORC, 15_lag_17_median_nppc2SSTjfm, 15_lag_17_median_shSICmar, 16_lag_shSICsep, 15_lag_17_median_atlSICjfm, 15_lag_16_median_shSICsep, 15_lag_17_median_stratZ50ndj01_418_15"
LinearRegression,11,30,nppc2SSTjfm,slow,877.5,2005.5,0.6,26,16,16,12.67102475652869,0.046476601064814646,418,"['18_lag_naoPSLjfm', '18_lag_AMOCann', '16_lag_18_median_nhSICsep', '18_lag_shSICsep', '16_lag_17_median_amo3', '18_lag_shSICmar', '17_lag_eapPSLjfm', '16_lag_18_median_amoSSTmjjaso', '16_lag_17_median_eapPSLjfm', '17_lag_amoSSTjfm', '16_lag_18_median_amo3', '17_lag_solFORC', '18_lag_nppc2SSTjfm', '16_lag_17_median_amoSSTmjjaso', '17_lag_atlSICsep', '16_lag_17_median_eurPSLjfm', '16_lag_18_median_nhSICjfm', '16_lag_17_median_naoPSLjfm', '18_lag_solFORC', '16_lag_18_median_amoSSTjfm', '16_lag_18_median_naoPSLjfm', '16_lag_17_median_atlSICsep', '16_lag_18_median_AMOCann', '17_lag_eurPSLjfm', '16_lag_17_median_amo1', '16_lag_18_median_shSICsep', '16_lag_18_median_shSICmar', '17_lag_amo1', '16_lag_18_median_nppc2SSTjfm', '16_lag_18_median_solFORC']","[0.005056445423026108, 0.0031923051896722704, 0.10932016915698414, 0.026043748491399836, 0.005426389487072432, 0.056407023326695026, 454063334768.2111, 0.03296797232530638, 454063334768.2179, 0.26918283134712634, 0.050719141808850905, 8386509705860.477, 0.03926926194808669, 0.06658103484806445, 1733433351471.682, 428424008570.3632, 0.04815924018606026, 0.009404830264092745, 8386509705861.352, 0.03302144148842382, 0.009648443792308888, 1733433351471.7122, 0.010930981452213117, 428424008570.381, 40618600430.1088, 0.20663185531098058, 0.03371103965597026, 40618600430.282425, 0.0688346299733208, 16773019411721.93]","18_lag_naoPSLjfm, 18_lag_AMOCann, 16_lag_18_median_nhSICsep, 18_lag_shSICsep, 16_lag_17_median_amo3, 18_lag_shSICmar, 17_lag_eapPSLjfm, 16_lag_18_median_amoSSTmjjaso, 16_lag_17_median_eapPSLjfm, 17_lag_amoSSTjfm, 16_lag_18_median_amo3, 17_lag_solFORC, 18_lag_nppc2SSTjfm, 16_lag_17_median_amoSSTmjjaso, 17_lag_atlSICsep, 16_lag_17_median_eurPSLjfm, 16_lag_18_median_nhSICjfm, 16_lag_17_median_naoPSLjfm, 18_lag_solFORC, 16_lag_18_median_amoSSTjfm, 16_lag_18_median_naoPSLjfm, 16_lag_17_median_atlSICsep, 16_lag_18_median_AMOCann, 17_lag_eurPSLjfm, 16_lag_17_median_amo1, 16_lag_18_median_shSICsep, 16_lag_18_median_shSICmar, 17_lag_amo1, 16_lag_18_median_nppc2SSTjfm, 16_lag_18_median_solFORC_418_16"
LinearRegression,12,30,nppc2SSTjfm,slow,878.5,2005.5,0.6,27,17,17,12.81232081290348,0.03705572392777484,418,"['17_lag_18_median_amoSSTmjjaso', '18_lag_amo3', '19_lag_scpPSLjfm', '18_lag_atlSICjfm', '17_lag_19_median_naoPSLjfm', '18_lag_stratZ50ndj04', '17_lag_19_median_eapPSLjfm', '18_lag_scpPSLjfm', '17_lag_19_median_AMOCann', '17_lag_19_median_shSICmar', '18_lag_shSICmar', '17_lag_19_median_atlSICsep', '17_lag_19_median_eurPSLjfm', '17_lag_19_median_stratZ50ndj02', '18_lag_atlSICsep', '17_lag_18_median_stratZ50ndj04', '17_lag_18_median_solFORC', '19_lag_nppc2SSTjfm', '19_lag_atlSICjfm', '17_lag_18_median_nppc2SSTjfm', '17_lag_18_median_shSICmar', '17_lag_19_median_amo3', '17_lag_19_median_scpPSLjfm', '18_lag_shSICsep', '19_lag_solFORC', '17_lag_18_median_shSICsep', '17_lag_19_median_nppc2SSTjfm', '18_lag_nppc2SSTjfm', '17_lag_19_median_atlSICjfm', '17_lag_19_median_solFORC']","[0.09025663999256218, 0.0035763590230390024, 0.004077300935173697, 0.07511764743800202, 0.07287596864101219, 0.001135192009913043, 0.02236995724307099, 0.007954313754923474, 0.00570532579712038, 0.14129077921660566, 0.041722919661587796, 0.08368012047831959, 0.14804261742917757, 0.03603529844702525, 0.03407011848546153, 0.0011351920099135597, 0.5087021897710706, 0.05011244150357246, 0.035910176308390405, 0.014601552276296474, 0.04172291966158783, 0.035528754305017805, 0.001938506409874838, 0.12957649941253363, 0.4337971102640728, 0.12957649941253344, 0.03235699688993524, 0.01460155227629698, 0.019603735564805852, 0.037452539753498805]","17_lag_18_median_amoSSTmjjaso, 18_lag_amo3, 19_lag_scpPSLjfm, 18_lag_atlSICjfm, 17_lag_19_median_naoPSLjfm, 18_lag_stratZ50ndj04, 17_lag_19_median_eapPSLjfm, 18_lag_scpPSLjfm, 17_lag_19_median_AMOCann, 17_lag_19_median_shSICmar, 18_lag_shSICmar, 17_lag_19_median_atlSICsep, 17_lag_19_median_eurPSLjfm, 17_lag_19_median_stratZ50ndj02, 18_lag_atlSICsep, 17_lag_18_median_stratZ50ndj04, 17_lag_18_median_solFORC, 19_lag_nppc2SSTjfm, 19_lag_atlSICjfm, 17_lag_18_median_nppc2SSTjfm, 17_lag_18_median_shSICmar, 17_lag_19_median_amo3, 17_lag_19_median_scpPSLjfm, 18_lag_shSICsep, 19_lag_solFORC, 17_lag_18_median_shSICsep, 17_lag_19_median_nppc2SSTjfm, 18_lag_nppc2SSTjfm, 17_lag_19_median_atlSICjfm, 17_lag_19_median_solFORC_418_17"
LinearRegression,13,30,nppc2SSTjfm,slow,879.5,2005.5,0.6,28,18,18,12.677254337230629,0.04433491303515568,418,"['18_lag_19_median_amoSSTmjjaso', '19_lag_amo3', '20_lag_scpPSLjfm', '19_lag_atlSICjfm', '18_lag_20_median_naoPSLjfm', '19_lag_stratZ50ndj04', '18_lag_20_median_eapPSLjfm', '19_lag_scpPSLjfm', '18_lag_20_median_AMOCann', '18_lag_20_median_shSICmar', '19_lag_shSICmar', '18_lag_20_median_atlSICsep', '18_lag_20_median_eurPSLjfm', '18_lag_20_median_stratZ50ndj02', '19_lag_atlSICsep', '18_lag_19_median_stratZ50ndj04', '18_lag_19_median_solFORC', '20_lag_nppc2SSTjfm', '20_lag_atlSICjfm', '18_lag_19_median_nppc2SSTjfm', '18_lag_19_median_shSICmar', '18_lag_20_median_amo3', '18_lag_20_median_scpPSLjfm', '19_lag_shSICsep', '20_lag_solFORC', '18_lag_19_median_shSICsep', '18_lag_20_median_nppc2SSTjfm', '19_lag_nppc2SSTjfm', '18_lag_20_median_atlSICjfm', '18_lag_20_median_solFORC']","[0.06445087399613436, 0.14473263732175423, 0.010984605457977971, 0.010178789347082043, 0.05201736809978351, 0.014470137077746617, 0.046841869526708484, 0.016558921725168728, 0.050008511511903345, 0.07289793246667611, 0.0015567809629910153, 0.053235120164901534, 0.10793735212472769, 0.008660862212123132, 0.004882875956103927, 0.014470137077747174, 0.48490177026736725, 0.03840725062649558, 0.013398494769956767, 0.018523679582209907, 0.00155678096299102, 0.1540825092306763, 0.013771763591573241, 0.11994962284570367, 0.40745477317460677, 0.11994962284570355, 0.02846546510435343, 0.018523679582210434, 0.0016098527114373744, 0.03872349854638006]","18_lag_19_median_amoSSTmjjaso, 19_lag_amo3, 20_lag_scpPSLjfm, 19_lag_atlSICjfm, 18_lag_20_median_naoPSLjfm, 19_lag_stratZ50ndj04, 18_lag_20_median_eapPSLjfm, 19_lag_scpPSLjfm, 18_lag_20_median_AMOCann, 18_lag_20_median_shSICmar, 19_lag_shSICmar, 18_lag_20_median_atlSICsep, 18_lag_20_median_eurPSLjfm, 18_lag_20_median_stratZ50ndj02, 19_lag_atlSICsep, 18_lag_19_median_stratZ50ndj04, 18_lag_19_median_solFORC, 20_lag_nppc2SSTjfm, 20_lag_atlSICjfm, 18_lag_19_median_nppc2SSTjfm, 18_lag_19_median_shSICmar, 18_lag_20_median_amo3, 18_lag_20_median_scpPSLjfm, 19_lag_shSICsep, 20_lag_solFORC, 18_lag_19_median_shSICsep, 18_lag_20_median_nppc2SSTjfm, 19_lag_nppc2SSTjfm, 18_lag_20_median_atlSICjfm, 18_lag_20_median_solFORC_418_18"
LinearRegression,14,30,nppc2SSTjfm,slow,880.5,2005.5,0.6,29,19,19,12.424980340233848,0.05520309647213404,418,"['19_lag_21_median_amo3', '19_lag_20_median_nhSICsep', '19_lag_20_median_eurPSLjfm', '21_lag_eapPSLjfm', '19_lag_20_median_shSICmar', '19_lag_20_median_amo1', '19_lag_21_median_AMOCann', '20_lag_shSICmar', '21_lag_shSICsep', '20_lag_amo3', '20_lag_amoSSTjfm', '19_lag_21_median_nppc2SSTjfm', '19_lag_20_median_shSICsep', '19_lag_21_median_amo1', '21_lag_stratZ50ndj02', '20_lag_solFORC', '19_lag_20_median_stratZ50ndj02', '19_lag_21_median_stratZ50ndj03', '19_lag_20_median_eapPSLjfm', '19_lag_21_median_amoSSTjfm', '19_lag_21_median_atlSICsep', '19_lag_20_median_solFORC', '19_lag_21_median_eapPSLjfm', '19_lag_21_median_shSICsep', '20_lag_eapPSLjfm', '19_lag_20_median_atlSICsep', '19_lag_21_median_stratZ50ndj02', '21_lag_solFORC', '20_lag_atlSICsep', '19_lag_21_median_solFORC']","[0.021923083749827717, 0.003384235006725543, 0.001243412298515513, 1450777764916.6304, 12140237360796.818, 0.007762778811720763, 0.030128233840188368, 12140237360796.875, 697704202144.6436, 0.06507486544148633, 0.19471013440578896, 0.07541858403935164, 697704202144.6151, 0.07045465426553142, 981831181587.9246, 58097051943506.49, 981831181587.93, 0.04609716332585011, 3998331664199.4536, 0.35287070896356215, 0.1383146318673201, 76081973514447.77, 2901555529833.34, 1395408404289.4739, 2547553899282.82, 959086977557.2095, 1963662363175.7615, 17984921570940.22, 959086977557.1971, 35969843141881.33]","19_lag_21_median_amo3, 19_lag_20_median_nhSICsep, 19_lag_20_median_eurPSLjfm, 21_lag_eapPSLjfm, 19_lag_20_median_shSICmar, 19_lag_20_median_amo1, 19_lag_21_median_AMOCann, 20_lag_shSICmar, 21_lag_shSICsep, 20_lag_amo3, 20_lag_amoSSTjfm, 19_lag_21_median_nppc2SSTjfm, 19_lag_20_median_shSICsep, 19_lag_21_median_amo1, 21_lag_stratZ50ndj02, 20_lag_solFORC, 19_lag_20_median_stratZ50ndj02, 19_lag_21_median_stratZ50ndj03, 19_lag_20_median_eapPSLjfm, 19_lag_21_median_amoSSTjfm, 19_lag_21_median_atlSICsep, 19_lag_20_median_solFORC, 19_lag_21_median_eapPSLjfm, 19_lag_21_median_shSICsep, 20_lag_eapPSLjfm, 19_lag_20_median_atlSICsep, 19_lag_21_median_stratZ50ndj02, 21_lag_solFORC, 20_lag_atlSICsep, 19_lag_21_median_solFORC_418_19"
LinearRegression,15,30,nppc2SSTjfm,slow,881.5,2005.5,0.6,30,20,20,12.323175865592564,0.0941059899211849,418,"['20_lag_22_median_amo3', '20_lag_21_median_nhSICsep', '20_lag_21_median_eurPSLjfm', '22_lag_eapPSLjfm', '20_lag_21_median_shSICmar', '20_lag_21_median_amo1', '20_lag_22_median_AMOCann', '21_lag_shSICmar', '22_lag_shSICsep', '21_lag_amo3', '21_lag_amoSSTjfm', '20_lag_22_median_nppc2SSTjfm', '20_lag_21_median_shSICsep', '20_lag_22_median_amo1', '22_lag_stratZ50ndj02', '21_lag_solFORC', '20_lag_21_median_stratZ50ndj02', '20_lag_22_median_stratZ50ndj03', '20_lag_21_median_eapPSLjfm', '20_lag_22_median_amoSSTjfm', '20_lag_22_median_atlSICsep', '20_lag_21_median_solFORC', '20_lag_22_median_eapPSLjfm', '20_lag_22_median_shSICsep', '21_lag_eapPSLjfm', '20_lag_21_median_atlSICsep', '20_lag_22_median_stratZ50ndj02', '22_lag_solFORC', '21_lag_atlSICsep', '20_lag_22_median_solFORC']","[0.05766867912383888, 0.04335798333009858, 0.07984592748165187, 663634079669.3094, 5553348998536.537, 0.14441394992274162, 0.0150018656059869, 5553348998536.572, 319153144794.92224, 0.04231683338173657, 0.26373790199097846, 0.014199997133284563, 319153144794.80066, 0.35136672795303076, 449122290360.6408, 26575526955530.453, 449122290360.7112, 0.09096960835625821, 1828970100279.9539, 0.6625437758418349, 0.030443507126275617, 34802429216706.445, 1327268159338.562, 638306289589.8849, 1165336020610.6775, 438718333755.605, 898244580721.2993, 8226902261174.386, 438718333755.6762, 16453804522350.26]","20_lag_22_median_amo3, 20_lag_21_median_nhSICsep, 20_lag_21_median_eurPSLjfm, 22_lag_eapPSLjfm, 20_lag_21_median_shSICmar, 20_lag_21_median_amo1, 20_lag_22_median_AMOCann, 21_lag_shSICmar, 22_lag_shSICsep, 21_lag_amo3, 21_lag_amoSSTjfm, 20_lag_22_median_nppc2SSTjfm, 20_lag_21_median_shSICsep, 20_lag_22_median_amo1, 22_lag_stratZ50ndj02, 21_lag_solFORC, 20_lag_21_median_stratZ50ndj02, 20_lag_22_median_stratZ50ndj03, 20_lag_21_median_eapPSLjfm, 20_lag_22_median_amoSSTjfm, 20_lag_22_median_atlSICsep, 20_lag_21_median_solFORC, 20_lag_22_median_eapPSLjfm, 20_lag_22_median_shSICsep, 21_lag_eapPSLjfm, 20_lag_21_median_atlSICsep, 20_lag_22_median_stratZ50ndj02, 22_lag_solFORC, 21_lag_atlSICsep, 20_lag_22_median_solFORC_418_20"
LinearRegression,16,30,nppc2SSTjfm,slow,882.5,2005.5,0.6,31,21,21,12.181651634789539,0.15104201394164157,418,"['22_lag_stratZ50ndj01', '21_lag_22_median_AMOCann', '23_lag_shSICmar', '22_lag_scpPSLjfm', '22_lag_AMOCann', '21_lag_22_median_scpPSLjfm', '21_lag_23_median_nhSICsep', '22_lag_atlSICsep', '21_lag_23_median_naoPSLjfm', '22_lag_naoPSLjfm', '22_lag_nppc2SSTjfm', '21_lag_23_median_amo3', '21_lag_23_median_atlSICsep', '23_lag_solFORC', '22_lag_atlSICjfm', '21_lag_22_median_stratZ50ndj01', '21_lag_22_median_stratZ50ndj03', '22_lag_stratZ50ndj03', '21_lag_22_median_shSICmar', '21_lag_22_median_solFORC', '22_lag_nhSICjfm', '21_lag_22_median_nppc2SSTjfm', '21_lag_22_median_nhSICjfm', '21_lag_22_median_amo3', '21_lag_22_median_atlSICjfm', '21_lag_23_median_shSICmar', '22_lag_eurPSLjfm', '21_lag_22_median_eurPSLjfm', '22_lag_amo3', '21_lag_23_median_solFORC']","[0.006146952810822894, 0.02485215465116404, 0.03516462937239836, 0.014373217760656955, 0.024852154651164592, 0.014373217760657303, 0.15643967493322383, 0.05692279773279599, 0.09287599884851959, 0.04991911547831226, 0.006115657408573327, 0.06566929319583724, 0.12271174008334954, 0.6937406671805054, 0.015806654697142743, 0.006146952810822887, 0.03580501884255059, 0.035805018842551585, 0.053916298129199, 0.7359315660572426, 0.010503307822158308, 0.006115657408573405, 0.010503307822158353, 0.019306696794763177, 0.015806654697142267, 0.009375834378400729, 0.004082555618980863, 0.004082555618980198, 0.019306696794763635, 0.021095449438368528]","22_lag_stratZ50ndj01, 21_lag_22_median_AMOCann, 23_lag_shSICmar, 22_lag_scpPSLjfm, 22_lag_AMOCann, 21_lag_22_median_scpPSLjfm, 21_lag_23_median_nhSICsep, 22_lag_atlSICsep, 21_lag_23_median_naoPSLjfm, 22_lag_naoPSLjfm, 22_lag_nppc2SSTjfm, 21_lag_23_median_amo3, 21_lag_23_median_atlSICsep, 23_lag_solFORC, 22_lag_atlSICjfm, 21_lag_22_median_stratZ50ndj01, 21_lag_22_median_stratZ50ndj03, 22_lag_stratZ50ndj03, 21_lag_22_median_shSICmar, 21_lag_22_median_solFORC, 22_lag_nhSICjfm, 21_lag_22_median_nppc2SSTjfm, 21_lag_22_median_nhSICjfm, 21_lag_22_median_amo3, 21_lag_22_median_atlSICjfm, 21_lag_23_median_shSICmar, 22_lag_eurPSLjfm, 21_lag_22_median_eurPSLjfm, 22_lag_amo3, 21_lag_23_median_solFORC_418_21"
LinearRegression,17,30,nppc2SSTjfm,slow,883.5,2005.5,0.6,32,22,22,12.431773645255594,0.033247448716578046,418,"['22_lag_23_median_shSICmar', '23_lag_solFORC', '23_lag_naoPSLjfm', '22_lag_23_median_amoSSTjfm', '23_lag_nhSICjfm', '23_lag_atlSICsep', '22_lag_24_median_stratZ50ndj04', '22_lag_24_median_amo2', '22_lag_24_median_amo1', '23_lag_amoSSTjfm', '23_lag_eapPSLjfm', '22_lag_23_median_amoSSTmjjaso', '22_lag_24_median_stratZ50ndj02', '22_lag_23_median_atlSICsep', '24_lag_shSICsep', '22_lag_24_median_scpPSLjfm', '22_lag_23_median_stratZ50ndj01', '22_lag_24_median_solFORC', '23_lag_amo1', '23_lag_stratZ50ndj01', '22_lag_24_median_nhSICjfm', '24_lag_shSICmar', '22_lag_24_median_amo3', '22_lag_23_median_shSICsep', '24_lag_nppc2SSTjfm', '23_lag_nppc2SSTjfm', '22_lag_24_median_shSICsep', '22_lag_24_median_shSICmar', '23_lag_shSICsep', '22_lag_24_median_nppc2SSTjfm']","[0.008562002870625519, 1.668123358484777, 0.07850872961057993, 0.05297239522956092, 0.05864526721727554, 0.035093810161122424, 0.06585913080087266, 0.010255063963219211, 0.1293449763428672, 0.052972395229557254, 0.03431175906454413, 0.07268559881240763, 0.017195416892593404, 0.03509381016112504, 0.03875162183639158, 0.013900021939057795, 0.03226262106132292, 1.5726607155992278, 0.004229041490666018, 0.03226262106132059, 0.014080570357213565, 0.01700250110250323, 0.04467611515119142, 0.02880614895680128, 0.04247654857408287, 0.00849905454669344, 0.03377888539659779, 0.012782251986565463, 0.02880614895679834, 0.02548780156038646]","22_lag_23_median_shSICmar, 23_lag_solFORC, 23_lag_naoPSLjfm, 22_lag_23_median_amoSSTjfm, 23_lag_nhSICjfm, 23_lag_atlSICsep, 22_lag_24_median_stratZ50ndj04, 22_lag_24_median_amo2, 22_lag_24_median_amo1, 23_lag_amoSSTjfm, 23_lag_eapPSLjfm, 22_lag_23_median_amoSSTmjjaso, 22_lag_24_median_stratZ50ndj02, 22_lag_23_median_atlSICsep, 24_lag_shSICsep, 22_lag_24_median_scpPSLjfm, 22_lag_23_median_stratZ50ndj01, 22_lag_24_median_solFORC, 23_lag_amo1, 23_lag_stratZ50ndj01, 22_lag_24_median_nhSICjfm, 24_lag_shSICmar, 22_lag_24_median_amo3, 22_lag_23_median_shSICsep, 24_lag_nppc2SSTjfm, 23_lag_nppc2SSTjfm, 22_lag_24_median_shSICsep, 22_lag_24_median_shSICmar, 23_lag_shSICsep, 22_lag_24_median_nppc2SSTjfm_418_22"
LinearRegression,18,30,nppc2SSTjfm,slow,884.5,2005.5,0.6,33,23,23,12.179459177979401,0.18877656964803247,418,"['24_lag_eapPSLjfm', '25_lag_AMOCann', '23_lag_24_median_atlSICsep', '24_lag_atlSICsep', '25_lag_stratZ50ndj01', '23_lag_25_median_nhSICsep', '24_lag_amoSSTjfm', '23_lag_24_median_amoSSTmjjaso', '25_lag_amo1', '25_lag_shSICsep', '23_lag_25_median_amo3', '23_lag_25_median_nhSICjfm', '23_lag_25_median_scpPSLjfm', '23_lag_25_median_amoSSTmjjaso', '23_lag_25_median_amo2', '23_lag_25_median_stratZ50ndj04', '24_lag_amo1', '25_lag_shSICmar', '24_lag_stratZ50ndj01', '23_lag_25_median_stratZ50ndj02', '23_lag_25_median_AMOCann', '23_lag_24_median_shSICsep', '23_lag_25_median_stratZ50ndj01', '24_lag_nppc2SSTjfm', '23_lag_25_median_amo1', '23_lag_25_median_shSICsep', '25_lag_nppc2SSTjfm', '24_lag_shSICsep', '23_lag_25_median_shSICmar', '23_lag_25_median_nppc2SSTjfm']","[0.03895331605480705, 0.06911014238845743, 267237756914.51984, 267237756914.54965, 3177152816620.158, 0.0414906760720579, 0.02572603266523013, 0.030513925853193527, 2035295495561.811, 35171900856.73508, 0.08337905449493366, 0.034996150548960304, 0.012172078057884188, 0.1090191120921416, 0.06591774907665472, 0.032323115324153544, 2035295495561.9873, 0.050287278696856924, 3177152816620.2466, 0.0550422638479377, 0.09202748544984513, 128855009994.82887, 6354305633240.378, 1375021477074.5232, 4070590991124.0347, 70343801713.31464, 1375021477074.5383, 93683109138.17732, 0.04890705033511851, 2750042954148.9663]","24_lag_eapPSLjfm, 25_lag_AMOCann, 23_lag_24_median_atlSICsep, 24_lag_atlSICsep, 25_lag_stratZ50ndj01, 23_lag_25_median_nhSICsep, 24_lag_amoSSTjfm, 23_lag_24_median_amoSSTmjjaso, 25_lag_amo1, 25_lag_shSICsep, 23_lag_25_median_amo3, 23_lag_25_median_nhSICjfm, 23_lag_25_median_scpPSLjfm, 23_lag_25_median_amoSSTmjjaso, 23_lag_25_median_amo2, 23_lag_25_median_stratZ50ndj04, 24_lag_amo1, 25_lag_shSICmar, 24_lag_stratZ50ndj01, 23_lag_25_median_stratZ50ndj02, 23_lag_25_median_AMOCann, 23_lag_24_median_shSICsep, 23_lag_25_median_stratZ50ndj01, 24_lag_nppc2SSTjfm, 23_lag_25_median_amo1, 23_lag_25_median_shSICsep, 25_lag_nppc2SSTjfm, 24_lag_shSICsep, 23_lag_25_median_shSICmar, 23_lag_25_median_nppc2SSTjfm_418_23"
LinearRegression,19,30,nppc2SSTjfm,slow,885.5,2005.5,0.6,34,24,24,12.229522352624507,0.11268456423101311,418,"['25_lag_stratZ50ndj03', '26_lag_stratZ50ndj01', '24_lag_26_median_amo2', '25_lag_stratZ50ndj04', '24_lag_25_median_amoSSTmjjaso', '24_lag_26_median_eapPSLjfm', '24_lag_25_median_stratZ50ndj04', '25_lag_eurPSLjfm', '24_lag_25_median_eurPSLjfm', '25_lag_amoSSTmjjaso', '24_lag_25_median_amoSSTjfm', '26_lag_stratZ50ndj02', '25_lag_scpPSLjfm', '24_lag_25_median_nppc2SSTjfm', '26_lag_solFORC', '24_lag_26_median_scpPSLjfm', '24_lag_26_median_shSICsep', '26_lag_nppc2SSTjfm', '25_lag_atlSICjfm', '24_lag_26_median_atlSICjfm', '24_lag_26_median_nhSICsep', '24_lag_26_median_stratZ50ndj01', '24_lag_25_median_scpPSLjfm', '24_lag_25_median_nhSICsep', '24_lag_26_median_stratZ50ndj02', '24_lag_26_median_solFORC', '24_lag_26_median_nppc2SSTjfm', '25_lag_nhSICsep', '25_lag_naoPSLjfm', '24_lag_25_median_naoPSLjfm']","[0.047055973212005345, 0.027114963765300523, 0.12081468422912736, 0.010080992731226318, 0.035396580282732654, 0.02080410940760663, 0.010080992731217379, 0.009000263796146766, 0.009000263796145833, 0.035396580282730634, 0.1703799734050212, 0.025576290532550425, 0.004392944784189551, 0.038962534478452056, 1.9213468413103316, 0.026682202176557663, 0.11881933260373427, 0.0008913802715479287, 0.02057788822037851, 0.10167888867095771, 0.07073901893056916, 0.04744466641646741, 0.004392944784193309, 0.004976903688030015, 0.04619014180231574, 1.993974884612191, 0.019035577103452862, 0.004976903688030907, 0.0018796214055281843, 0.0018796214055289667]","25_lag_stratZ50ndj03, 26_lag_stratZ50ndj01, 24_lag_26_median_amo2, 25_lag_stratZ50ndj04, 24_lag_25_median_amoSSTmjjaso, 24_lag_26_median_eapPSLjfm, 24_lag_25_median_stratZ50ndj04, 25_lag_eurPSLjfm, 24_lag_25_median_eurPSLjfm, 25_lag_amoSSTmjjaso, 24_lag_25_median_amoSSTjfm, 26_lag_stratZ50ndj02, 25_lag_scpPSLjfm, 24_lag_25_median_nppc2SSTjfm, 26_lag_solFORC, 24_lag_26_median_scpPSLjfm, 24_lag_26_median_shSICsep, 26_lag_nppc2SSTjfm, 25_lag_atlSICjfm, 24_lag_26_median_atlSICjfm, 24_lag_26_median_nhSICsep, 24_lag_26_median_stratZ50ndj01, 24_lag_25_median_scpPSLjfm, 24_lag_25_median_nhSICsep, 24_lag_26_median_stratZ50ndj02, 24_lag_26_median_solFORC, 24_lag_26_median_nppc2SSTjfm, 25_lag_nhSICsep, 25_lag_naoPSLjfm, 24_lag_25_median_naoPSLjfm_418_24"
LinearRegression,20,30,nppc2SSTjfm,slow,886.5,2005.5,0.6,35,25,25,12.406783484486393,0.06455550819129595,418,"['26_lag_stratZ50ndj03', '27_lag_stratZ50ndj01', '25_lag_27_median_amo2', '26_lag_stratZ50ndj04', '25_lag_26_median_amoSSTmjjaso', '25_lag_27_median_eapPSLjfm', '25_lag_26_median_stratZ50ndj04', '26_lag_eurPSLjfm', '25_lag_26_median_eurPSLjfm', '26_lag_amoSSTmjjaso', '25_lag_26_median_amoSSTjfm', '27_lag_stratZ50ndj02', '26_lag_scpPSLjfm', '25_lag_26_median_nppc2SSTjfm', '27_lag_solFORC', '25_lag_27_median_scpPSLjfm', '25_lag_27_median_shSICsep', '27_lag_nppc2SSTjfm', '26_lag_atlSICjfm', '25_lag_27_median_atlSICjfm', '25_lag_27_median_nhSICsep', '25_lag_27_median_stratZ50ndj01', '25_lag_26_median_scpPSLjfm', '25_lag_26_median_nhSICsep', '25_lag_27_median_stratZ50ndj02', '25_lag_27_median_solFORC', '25_lag_27_median_nppc2SSTjfm', '26_lag_nhSICsep', '26_lag_naoPSLjfm', '25_lag_26_median_naoPSLjfm']","[0.002600320419582809, 0.03384391090821892, 0.10141232927619495, 0.003443245549408945, 0.0005416823524060023, 0.03429283400206079, 0.0034432455494191167, 0.0025948263699625594, 0.002594826369963824, 0.0005416823524038791, 0.12084060252849774, 0.05874691329759623, 0.0010340665304331511, 0.05169248374699198, 2.0697435367465844, 0.04113807725662287, 0.13597137399592588, 0.049468573306952146, 0.00742997733099059, 0.0821778202528311, 0.06585751986851188, 0.004618760585227141, 0.0010340665304289062, 0.00861255919273569, 0.006466297750224535, 2.142952432023937, 0.001111955220020399, 0.008612559192736721, 0.0030706496711843012, 0.0030706496711851742]","26_lag_stratZ50ndj03, 27_lag_stratZ50ndj01, 25_lag_27_median_amo2, 26_lag_stratZ50ndj04, 25_lag_26_median_amoSSTmjjaso, 25_lag_27_median_eapPSLjfm, 25_lag_26_median_stratZ50ndj04, 26_lag_eurPSLjfm, 25_lag_26_median_eurPSLjfm, 26_lag_amoSSTmjjaso, 25_lag_26_median_amoSSTjfm, 27_lag_stratZ50ndj02, 26_lag_scpPSLjfm, 25_lag_26_median_nppc2SSTjfm, 27_lag_solFORC, 25_lag_27_median_scpPSLjfm, 25_lag_27_median_shSICsep, 27_lag_nppc2SSTjfm, 26_lag_atlSICjfm, 25_lag_27_median_atlSICjfm, 25_lag_27_median_nhSICsep, 25_lag_27_median_stratZ50ndj01, 25_lag_26_median_scpPSLjfm, 25_lag_26_median_nhSICsep, 25_lag_27_median_stratZ50ndj02, 25_lag_27_median_solFORC, 25_lag_27_median_nppc2SSTjfm, 26_lag_nhSICsep, 26_lag_naoPSLjfm, 25_lag_26_median_naoPSLjfm_418_25"
LinearRegression,21,30,nppc2SSTjfm,slow,887.5,2005.5,0.6,36,26,26,12.755696125352811,-0.04425145379428836,418,"['28_lag_nppc2SSTjfm', '28_lag_AMOCann', '27_lag_stratZ50ndj01', '28_lag_atlSICjfm', '26_lag_28_median_atlSICsep', '26_lag_27_median_shSICmar', '26_lag_27_median_stratZ50ndj01', '27_lag_nhSICjfm', '28_lag_shSICmar', '27_lag_naoPSLjfm', '28_lag_nhSICjfm', '28_lag_eapPSLjfm', '26_lag_28_median_amo1', '27_lag_nppc2SSTjfm', '26_lag_28_median_amo3', '26_lag_27_median_atlSICjfm', '26_lag_27_median_naoPSLjfm', '27_lag_amo3', '27_lag_eapPSLjfm', '26_lag_28_median_nppc2SSTjfm', '26_lag_28_median_AMOCann', '27_lag_atlSICsep', '26_lag_28_median_atlSICjfm', '26_lag_28_median_shSICmar', '26_lag_28_median_nhSICjfm', '27_lag_eurPSLjfm', '26_lag_28_median_eapPSLjfm', '27_lag_atlSICjfm', '26_lag_27_median_atlSICsep', '26_lag_27_median_eurPSLjfm']","[11055493172260.514, 0.025390625, 684103006001.0403, 5538455856079.395, 0.018565621394504447, 4397814101638.394, 684103006001.0381, 5594152712802.192, 4397814101638.412, 3377028593423.4927, 5594152712802.062, 10496640610898.918, 0.06421142061245154, 11055493172260.629, 0.04136401959572408, 4365779941847.8022, 3377028593423.4634, 0.007568359375, 10496640610898.924, 22110986344521.133, 0.04730224609375, 48354342061.167725, 11076911712158.904, 8795628203276.773, 11188305425604.34, 995802040473.8325, 20993281221797.81, 1172675914231.6885, 48354342061.184204, 995802040473.8943]","28_lag_nppc2SSTjfm, 28_lag_AMOCann, 27_lag_stratZ50ndj01, 28_lag_atlSICjfm, 26_lag_28_median_atlSICsep, 26_lag_27_median_shSICmar, 26_lag_27_median_stratZ50ndj01, 27_lag_nhSICjfm, 28_lag_shSICmar, 27_lag_naoPSLjfm, 28_lag_nhSICjfm, 28_lag_eapPSLjfm, 26_lag_28_median_amo1, 27_lag_nppc2SSTjfm, 26_lag_28_median_amo3, 26_lag_27_median_atlSICjfm, 26_lag_27_median_naoPSLjfm, 27_lag_amo3, 27_lag_eapPSLjfm, 26_lag_28_median_nppc2SSTjfm, 26_lag_28_median_AMOCann, 27_lag_atlSICsep, 26_lag_28_median_atlSICjfm, 26_lag_28_median_shSICmar, 26_lag_28_median_nhSICjfm, 27_lag_eurPSLjfm, 26_lag_28_median_eapPSLjfm, 27_lag_atlSICjfm, 26_lag_27_median_atlSICsep, 26_lag_27_median_eurPSLjfm_418_26"
LinearRegression,22,30,nppc2SSTjfm,slow,888.5,2005.5,0.6,37,27,27,13.070199355579275,-0.10718599165186672,418,"['27_lag_29_median_eurPSLjfm', '29_lag_stratZ50ndj02', '28_lag_shSICsep', '27_lag_29_median_stratZ50ndj04', '27_lag_29_median_stratZ50ndj01', '28_lag_stratZ50ndj01', '28_lag_amoSSTjfm', '27_lag_28_median_atlSICsep', '28_lag_amo1', '29_lag_atlSICjfm', '28_lag_stratZ50ndj02', '29_lag_naoPSLjfm', '27_lag_29_median_atlSICsep', '28_lag_stratZ50ndj04', '27_lag_28_median_naoPSLjfm', '27_lag_29_median_eapPSLjfm', '29_lag_nppc2SSTjfm', '27_lag_28_median_stratZ50ndj01', '27_lag_29_median_solFORC', '28_lag_atlSICsep', '27_lag_28_median_stratZ50ndj04', '27_lag_29_median_stratZ50ndj02', '27_lag_29_median_atlSICjfm', '27_lag_29_median_naoPSLjfm', '27_lag_28_median_shSICmar', '28_lag_shSICmar', '28_lag_naoPSLjfm', '27_lag_29_median_nppc2SSTjfm', '27_lag_28_median_nppc2SSTjfm', '28_lag_nppc2SSTjfm']","[0.08382843773249687, 0.048162908629938384, 0.1428436520632213, 0.13669092044323095, 0.05640128997244673, 0.0032778212314752988, 0.04490855312970931, 0.026779498543986802, 0.009788715266416042, 0.022469295129673467, 0.08639967316281927, 0.02784568950327722, 0.08502067077041282, 0.03348546357751299, 0.013473404476578755, 0.052155340975175435, 0.056623339099862516, 0.0032778212314752532, 0.07312465840832902, 0.026779498543986847, 0.03348546357751299, 0.06728129089637888, 0.06720615688756215, 0.007186142513349147, 0.016457222717209383, 0.01645722271720937, 0.013473404476578915, 0.045597902851101595, 0.03457246660234074, 0.03457246660234073]","27_lag_29_median_eurPSLjfm, 29_lag_stratZ50ndj02, 28_lag_shSICsep, 27_lag_29_median_stratZ50ndj04, 27_lag_29_median_stratZ50ndj01, 28_lag_stratZ50ndj01, 28_lag_amoSSTjfm, 27_lag_28_median_atlSICsep, 28_lag_amo1, 29_lag_atlSICjfm, 28_lag_stratZ50ndj02, 29_lag_naoPSLjfm, 27_lag_29_median_atlSICsep, 28_lag_stratZ50ndj04, 27_lag_28_median_naoPSLjfm, 27_lag_29_median_eapPSLjfm, 29_lag_nppc2SSTjfm, 27_lag_28_median_stratZ50ndj01, 27_lag_29_median_solFORC, 28_lag_atlSICsep, 27_lag_28_median_stratZ50ndj04, 27_lag_29_median_stratZ50ndj02, 27_lag_29_median_atlSICjfm, 27_lag_29_median_naoPSLjfm, 27_lag_28_median_shSICmar, 28_lag_shSICmar, 28_lag_naoPSLjfm, 27_lag_29_median_nppc2SSTjfm, 27_lag_28_median_nppc2SSTjfm, 28_lag_nppc2SSTjfm_418_27"
LinearRegression,23,30,nppc2SSTjfm,slow,889.5,2005.5,0.6,38,28,28,13.165249114361053,-0.13919620806720043,418,"['28_lag_30_median_eurPSLjfm', '30_lag_stratZ50ndj02', '29_lag_shSICsep', '28_lag_30_median_stratZ50ndj04', '28_lag_30_median_stratZ50ndj01', '29_lag_stratZ50ndj01', '29_lag_amoSSTjfm', '28_lag_29_median_atlSICsep', '29_lag_amo1', '30_lag_atlSICjfm', '29_lag_stratZ50ndj02', '30_lag_naoPSLjfm', '28_lag_30_median_atlSICsep', '29_lag_stratZ50ndj04', '28_lag_29_median_naoPSLjfm', '28_lag_30_median_eapPSLjfm', '30_lag_nppc2SSTjfm', '28_lag_29_median_stratZ50ndj01', '28_lag_30_median_solFORC', '29_lag_atlSICsep', '28_lag_29_median_stratZ50ndj04', '28_lag_30_median_stratZ50ndj02', '28_lag_30_median_atlSICjfm', '28_lag_30_median_naoPSLjfm', '28_lag_29_median_shSICmar', '29_lag_shSICmar', '29_lag_naoPSLjfm', '28_lag_30_median_nppc2SSTjfm', '28_lag_29_median_nppc2SSTjfm', '29_lag_nppc2SSTjfm']","[0.03682958149581085, 0.049654848758013216, 0.15717580949693696, 0.07665513421886883, 0.07417765751062362, 0.02210533686813824, 0.16866078604821724, 0.035024680813466054, 0.20565073189347943, 0.021677590854916926, 0.02512584192091096, 0.019115047417274388, 0.039163124144653616, 0.0066729914194992145, 0.007535913594508931, 0.04364342734675135, 0.10010715671931872, 0.02210533686813826, 0.07921503140352257, 0.035024680813466345, 0.006672991419499162, 0.03739034533946223, 0.09893893806362711, 0.005789566911382709, 0.035445173259140046, 0.0354451732591402, 0.0075359135945088675, 0.05444548207894423, 0.00878380743857007, 0.008783807438569921]","28_lag_30_median_eurPSLjfm, 30_lag_stratZ50ndj02, 29_lag_shSICsep, 28_lag_30_median_stratZ50ndj04, 28_lag_30_median_stratZ50ndj01, 29_lag_stratZ50ndj01, 29_lag_amoSSTjfm, 28_lag_29_median_atlSICsep, 29_lag_amo1, 30_lag_atlSICjfm, 29_lag_stratZ50ndj02, 30_lag_naoPSLjfm, 28_lag_30_median_atlSICsep, 29_lag_stratZ50ndj04, 28_lag_29_median_naoPSLjfm, 28_lag_30_median_eapPSLjfm, 30_lag_nppc2SSTjfm, 28_lag_29_median_stratZ50ndj01, 28_lag_30_median_solFORC, 29_lag_atlSICsep, 28_lag_29_median_stratZ50ndj04, 28_lag_30_median_stratZ50ndj02, 28_lag_30_median_atlSICjfm, 28_lag_30_median_naoPSLjfm, 28_lag_29_median_shSICmar, 29_lag_shSICmar, 29_lag_naoPSLjfm, 28_lag_30_median_nppc2SSTjfm, 28_lag_29_median_nppc2SSTjfm, 29_lag_nppc2SSTjfm_418_28"
LinearRegression,24,30,nppc2SSTjfm,slow,890.5,2005.5,0.6,39,29,29,13.422564372084725,-0.19693949471141342,418,"['29_lag_30_median_naoPSLjfm', '31_lag_shSICmar', '30_lag_eapPSLjfm', '29_lag_30_median_amoSSTmjjaso', '30_lag_nhSICsep', '30_lag_eurPSLjfm', '29_lag_30_median_stratZ50ndj03', '29_lag_30_median_nhSICsep', '29_lag_30_median_amo2', '29_lag_30_median_eurPSLjfm', '29_lag_30_median_atlSICjfm', '29_lag_30_median_eapPSLjfm', '29_lag_30_median_solFORC', '29_lag_31_median_scpPSLjfm', '30_lag_amoSSTmjjaso', '30_lag_amo2', '30_lag_stratZ50ndj03', '29_lag_30_median_AMOCann', '30_lag_atlSICjfm', '30_lag_scpPSLjfm', '29_lag_31_median_stratZ50ndj02', '29_lag_31_median_naoPSLjfm', '29_lag_31_median_shSICsep', '31_lag_solFORC', '30_lag_naoPSLjfm', '29_lag_30_median_amoSSTjfm', '30_lag_AMOCann', '29_lag_31_median_shSICmar', '30_lag_amoSSTjfm', '29_lag_31_median_solFORC']","[0.0015021396141530505, 0.034582977225072926, 0.05669372466078203, 0.022543160060718735, 0.09385764111717149, 0.011778338809073655, 0.01796808394645545, 0.09385764111717072, 0.00757666505188858, 0.011778338809074026, 0.01763406982637077, 0.056693724660783595, 1.2813040814492698, 0.03327598390479383, 0.022543160060718125, 0.007576665051888351, 0.017968083946456784, 0.0360992055267816, 0.017634069826370495, 0.007582591459127372, 0.03503849253322012, 0.042236971733163084, 0.2188267515514548, 1.2178104180739562, 0.0015021396141530821, 0.036976728414972154, 0.0360992055267814, 0.1581003286003277, 0.036976728414972786, 0.03174683168765642]","29_lag_30_median_naoPSLjfm, 31_lag_shSICmar, 30_lag_eapPSLjfm, 29_lag_30_median_amoSSTmjjaso, 30_lag_nhSICsep, 30_lag_eurPSLjfm, 29_lag_30_median_stratZ50ndj03, 29_lag_30_median_nhSICsep, 29_lag_30_median_amo2, 29_lag_30_median_eurPSLjfm, 29_lag_30_median_atlSICjfm, 29_lag_30_median_eapPSLjfm, 29_lag_30_median_solFORC, 29_lag_31_median_scpPSLjfm, 30_lag_amoSSTmjjaso, 30_lag_amo2, 30_lag_stratZ50ndj03, 29_lag_30_median_AMOCann, 30_lag_atlSICjfm, 30_lag_scpPSLjfm, 29_lag_31_median_stratZ50ndj02, 29_lag_31_median_naoPSLjfm, 29_lag_31_median_shSICsep, 31_lag_solFORC, 30_lag_naoPSLjfm, 29_lag_30_median_amoSSTjfm, 30_lag_AMOCann, 29_lag_31_median_shSICmar, 30_lag_amoSSTjfm, 29_lag_31_median_solFORC_418_29"
LinearRegression,25,30,nppc2SSTjfm,slow,891.5,2005.5,0.6,40,30,30,13.579982058689383,-0.14653258285435852,418,"['30_lag_32_median_eapPSLjfm', '30_lag_32_median_stratZ50ndj01', '31_lag_atlSICjfm', '31_lag_amo2', '32_lag_naoPSLjfm', '30_lag_32_median_scpPSLjfm', '30_lag_31_median_eapPSLjfm', '30_lag_31_median_AMOCann', '30_lag_31_median_atlSICjfm', '30_lag_31_median_eurPSLjfm', '30_lag_32_median_amoSSTmjjaso', '30_lag_31_median_nhSICjfm', '31_lag_scpPSLjfm', '31_lag_amoSSTmjjaso', '30_lag_31_median_stratZ50ndj03', '32_lag_solFORC', '32_lag_shSICsep', '30_lag_31_median_amoSSTjfm', '31_lag_AMOCann', '32_lag_nhSICjfm', '31_lag_amoSSTjfm', '30_lag_32_median_shSICmar', '30_lag_32_median_stratZ50ndj03', '32_lag_atlSICsep', '31_lag_naoPSLjfm', '30_lag_32_median_naoPSLjfm', '30_lag_32_median_solFORC', '30_lag_32_median_shSICsep', '30_lag_32_median_nhSICjfm', '30_lag_32_median_atlSICsep']","[0.149528104076225, 0.0693638930193314, 36433140806.62441, 0.011837325369121156, 273734691790.3079, 0.13521797581795217, 0.0214079635645923, 3539865926.7891803, 36433140806.58244, 0.01209329674864937, 0.025430277254375834, 773182194734.8927, 0.06835997021222115, 0.0009908592291728935, 0.03791575580967572, 2.0204608393071135, 0.11109443980762072, 30472335725.5723, 3539865926.847242, 773182194735.0007, 30472335725.581406, 0.08931285585003242, 0.12549239509134957, 0.015190611614089584, 273734691790.25958, 547469383580.4681, 2.1025871267864327, 0.27403338641192726, 1546364389469.596, 0.03722496162031077]","30_lag_32_median_eapPSLjfm, 30_lag_32_median_stratZ50ndj01, 31_lag_atlSICjfm, 31_lag_amo2, 32_lag_naoPSLjfm, 30_lag_32_median_scpPSLjfm, 30_lag_31_median_eapPSLjfm, 30_lag_31_median_AMOCann, 30_lag_31_median_atlSICjfm, 30_lag_31_median_eurPSLjfm, 30_lag_32_median_amoSSTmjjaso, 30_lag_31_median_nhSICjfm, 31_lag_scpPSLjfm, 31_lag_amoSSTmjjaso, 30_lag_31_median_stratZ50ndj03, 32_lag_solFORC, 32_lag_shSICsep, 30_lag_31_median_amoSSTjfm, 31_lag_AMOCann, 32_lag_nhSICjfm, 31_lag_amoSSTjfm, 30_lag_32_median_shSICmar, 30_lag_32_median_stratZ50ndj03, 32_lag_atlSICsep, 31_lag_naoPSLjfm, 30_lag_32_median_naoPSLjfm, 30_lag_32_median_solFORC, 30_lag_32_median_shSICsep, 30_lag_32_median_nhSICjfm, 30_lag_32_median_atlSICsep_418_30"
LinearRegression,26,30,nppc2SSTjfm,slow,892.5,2005.5,0.6,41,31,31,13.409340625268019,-0.06402245110499574,418,"['31_lag_33_median_amo2', '31_lag_33_median_amoSSTmjjaso', '33_lag_naoPSLjfm', '32_lag_amo3', '33_lag_nppc2SSTjfm', '33_lag_stratZ50ndj02', '31_lag_33_median_shSICmar', '33_lag_solFORC', '31_lag_33_median_nhSICjfm', '31_lag_33_median_AMOCann', '32_lag_amoSSTjfm', '31_lag_32_median_shSICmar', '31_lag_33_median_amo3', '31_lag_32_median_amoSSTjfm', '32_lag_stratZ50ndj02', '32_lag_eurPSLjfm', '31_lag_32_median_eurPSLjfm', '33_lag_atlSICsep', '32_lag_naoPSLjfm', '32_lag_shSICmar', '31_lag_33_median_naoPSLjfm', '31_lag_33_median_nppc2SSTjfm', '32_lag_shSICsep', '31_lag_32_median_shSICsep', '31_lag_33_median_stratZ50ndj02', '31_lag_33_median_solFORC', '31_lag_32_median_stratZ50ndj02', '31_lag_33_median_atlSICsep', '31_lag_32_median_nppc2SSTjfm', '32_lag_nppc2SSTjfm']","[0.027531359080525522, 0.0013989309129884067, 221251508702.64655, 0.05887764089581517, 2945603471898.0767, 8402803930601.986, 0.08773581382084428, 1.698044477220547, 0.21998692862190666, 0.04798350823848396, 426200822957.3103, 15253135729.523773, 0.17567602370891075, 426200822957.3338, 5170377779958.32, 78960932318.3991, 78960932318.38658, 0.050187634077063066, 221251508702.66946, 15253135729.630651, 442503017405.2352, 5891206943796.172, 29416767615.1748, 29416767615.112064, 16805607861204.12, 1.7620713016124008, 3232426150643.716, 0.025349558027060338, 1594824986431.761, 1350778485466.329]","31_lag_33_median_amo2, 31_lag_33_median_amoSSTmjjaso, 33_lag_naoPSLjfm, 32_lag_amo3, 33_lag_nppc2SSTjfm, 33_lag_stratZ50ndj02, 31_lag_33_median_shSICmar, 33_lag_solFORC, 31_lag_33_median_nhSICjfm, 31_lag_33_median_AMOCann, 32_lag_amoSSTjfm, 31_lag_32_median_shSICmar, 31_lag_33_median_amo3, 31_lag_32_median_amoSSTjfm, 32_lag_stratZ50ndj02, 32_lag_eurPSLjfm, 31_lag_32_median_eurPSLjfm, 33_lag_atlSICsep, 32_lag_naoPSLjfm, 32_lag_shSICmar, 31_lag_33_median_naoPSLjfm, 31_lag_33_median_nppc2SSTjfm, 32_lag_shSICsep, 31_lag_32_median_shSICsep, 31_lag_33_median_stratZ50ndj02, 31_lag_33_median_solFORC, 31_lag_32_median_stratZ50ndj02, 31_lag_33_median_atlSICsep, 31_lag_32_median_nppc2SSTjfm, 32_lag_nppc2SSTjfm_418_31"
LinearRegression,27,30,nppc2SSTjfm,slow,893.5,2005.5,0.6,42,32,32,13.820535154504288,-0.10261063837960492,418,"['33_lag_stratZ50ndj01', '32_lag_33_median_stratZ50ndj03', '32_lag_33_median_atlSICsep', '32_lag_33_median_shSICmar', '32_lag_34_median_nhSICjfm', '32_lag_34_median_AMOCann', '32_lag_33_median_naoPSLjfm', '32_lag_33_median_eapPSLjfm', '32_lag_34_median_solFORC', '33_lag_nppc2SSTjfm', '32_lag_33_median_stratZ50ndj02', '32_lag_34_median_amoSSTjfm', '34_lag_nppc2SSTjfm', '34_lag_naoPSLjfm', '32_lag_34_median_amo3', '32_lag_33_median_nhSICsep', '33_lag_amoSSTjfm', '34_lag_nhSICsep', '32_lag_33_median_eurPSLjfm', '33_lag_eurPSLjfm', '32_lag_34_median_amo1', '32_lag_34_median_atlSICjfm', '32_lag_34_median_shSICmar', '34_lag_stratZ50ndj01', '32_lag_34_median_atlSICsep', '33_lag_naoPSLjfm', '32_lag_34_median_nppc2SSTjfm', '32_lag_34_median_naoPSLjfm', '32_lag_34_median_nhSICsep', '32_lag_34_median_stratZ50ndj01']","[7412543202866.066, 0.072265625, 0.10555915342031706, 0.050025764089817716, 0.26151489287161644, 0.13218784284866222, 5902902783.571413, 0.09101661254163475, 0.06556867750958084, 23929284137.683628, 0.06690960944020022, 0.017147861623689493, 23929284137.71767, 12577281388.616459, 0.13887979663773584, 46331369763.46005, 0.1192827950056056, 46331369763.59299, 183668190.76306152, 183668190.81036377, 0.1796875, 0.016357421875, 0.0323486328125, 7412543202866.098, 0.12646484375, 6674378605.068848, 47858568275.36261, 25154562777.38916, 92662739527.17952, 14825086405732.035]","33_lag_stratZ50ndj01, 32_lag_33_median_stratZ50ndj03, 32_lag_33_median_atlSICsep, 32_lag_33_median_shSICmar, 32_lag_34_median_nhSICjfm, 32_lag_34_median_AMOCann, 32_lag_33_median_naoPSLjfm, 32_lag_33_median_eapPSLjfm, 32_lag_34_median_solFORC, 33_lag_nppc2SSTjfm, 32_lag_33_median_stratZ50ndj02, 32_lag_34_median_amoSSTjfm, 34_lag_nppc2SSTjfm, 34_lag_naoPSLjfm, 32_lag_34_median_amo3, 32_lag_33_median_nhSICsep, 33_lag_amoSSTjfm, 34_lag_nhSICsep, 32_lag_33_median_eurPSLjfm, 33_lag_eurPSLjfm, 32_lag_34_median_amo1, 32_lag_34_median_atlSICjfm, 32_lag_34_median_shSICmar, 34_lag_stratZ50ndj01, 32_lag_34_median_atlSICsep, 33_lag_naoPSLjfm, 32_lag_34_median_nppc2SSTjfm, 32_lag_34_median_naoPSLjfm, 32_lag_34_median_nhSICsep, 32_lag_34_median_stratZ50ndj01_418_32"
LinearRegression,28,30,nppc2SSTjfm,slow,894.5,2005.5,0.6,43,33,33,13.781627374637473,-0.10692785117178609,418,"['33_lag_34_median_stratZ50ndj01', '35_lag_amo1', '33_lag_34_median_stratZ50ndj03', '34_lag_stratZ50ndj01', '33_lag_34_median_naoPSLjfm', '33_lag_34_median_eapPSLjfm', '33_lag_35_median_atlSICsep', '34_lag_nppc2SSTjfm', '33_lag_35_median_amo3', '33_lag_35_median_shSICmar', '33_lag_35_median_stratZ50ndj02', '33_lag_34_median_stratZ50ndj02', '35_lag_naoPSLjfm', '33_lag_35_median_amoSSTjfm', '33_lag_35_median_AMOCann', '34_lag_amoSSTjfm', '33_lag_34_median_eurPSLjfm', '35_lag_nppc2SSTjfm', '34_lag_eurPSLjfm', '33_lag_34_median_nhSICsep', '33_lag_35_median_atlSICjfm', '33_lag_35_median_solFORC', '35_lag_nhSICsep', '35_lag_stratZ50ndj01', '33_lag_35_median_amo1', '34_lag_naoPSLjfm', '33_lag_35_median_naoPSLjfm', '33_lag_35_median_nppc2SSTjfm', '33_lag_35_median_nhSICsep', '33_lag_35_median_stratZ50ndj01']","[1364305001.151581, 0.19788014888763428, 0.06541303287196981, 34856844840.9372, 137730471355.15887, 0.0740407878189122, 0.008855484480978207, 67198268187.98032, 0.18881464549496152, 0.0017631840591041377, 0.1619502338022502, 0.03027669790216008, 25354174909.335835, 0.1529239805877454, 0.17816178250016415, 0.3378336074376219, 23752880793.058453, 67198268188.09014, 23752880793.015583, 436013521703.07367, 0.11864125728607178, 0.061982699669897556, 436013521703.05133, 36221149842.12385, 0.46908891201019287, 163084646264.51706, 50708349818.630905, 134396536375.98962, 872027043406.3251, 72442299684.06482]","33_lag_34_median_stratZ50ndj01, 35_lag_amo1, 33_lag_34_median_stratZ50ndj03, 34_lag_stratZ50ndj01, 33_lag_34_median_naoPSLjfm, 33_lag_34_median_eapPSLjfm, 33_lag_35_median_atlSICsep, 34_lag_nppc2SSTjfm, 33_lag_35_median_amo3, 33_lag_35_median_shSICmar, 33_lag_35_median_stratZ50ndj02, 33_lag_34_median_stratZ50ndj02, 35_lag_naoPSLjfm, 33_lag_35_median_amoSSTjfm, 33_lag_35_median_AMOCann, 34_lag_amoSSTjfm, 33_lag_34_median_eurPSLjfm, 35_lag_nppc2SSTjfm, 34_lag_eurPSLjfm, 33_lag_34_median_nhSICsep, 33_lag_35_median_atlSICjfm, 33_lag_35_median_solFORC, 35_lag_nhSICsep, 35_lag_stratZ50ndj01, 33_lag_35_median_amo1, 34_lag_naoPSLjfm, 33_lag_35_median_naoPSLjfm, 33_lag_35_median_nppc2SSTjfm, 33_lag_35_median_nhSICsep, 33_lag_35_median_stratZ50ndj01_418_33"
LinearRegression,29,30,nppc2SSTjfm,slow,895.5,2005.5,0.6,44,34,34,13.234865912230234,-0.10437319086893174,418,"['36_lag_AMOCann', '35_lag_atlSICsep', '34_lag_35_median_eapPSLjfm', '34_lag_35_median_AMOCann', '36_lag_shSICmar', '36_lag_atlSICjfm', '36_lag_solFORC', '36_lag_atlSICsep', '34_lag_35_median_atlSICjfm', '36_lag_shSICsep', '34_lag_35_median_nppc2SSTjfm', '35_lag_stratZ50ndj02', '35_lag_eapPSLjfm', '36_lag_stratZ50ndj03', '34_lag_35_median_nhSICsep', '36_lag_nppc2SSTjfm', '34_lag_35_median_stratZ50ndj02', '34_lag_36_median_AMOCann', '36_lag_nhSICsep', '34_lag_36_median_shSICmar', '34_lag_36_median_atlSICjfm', '34_lag_36_median_solFORC', '34_lag_36_median_atlSICsep', '34_lag_36_median_shSICsep', '35_lag_nppc2SSTjfm', '36_lag_stratZ50ndj02', '34_lag_36_median_stratZ50ndj03', '34_lag_36_median_nppc2SSTjfm', '34_lag_36_median_nhSICsep', '34_lag_36_median_stratZ50ndj02']","[1922869334730.6292, 2020328117366.4404, 171995399738.98788, 1922869334730.6758, 0.02849397935627338, 712084724565.8143, 2.5795872651979552, 2020328117366.4617, 712084724565.8904, 0.004250588075226893, 298634627578.4359, 1383828359877.7366, 171995399738.94397, 0.006135134525774576, 2714670825483.7754, 694279177076.2201, 1512073351057.307, 3845738669461.1777, 2714670825483.562, 0.0506591796875, 1424169449131.6392, 2.607330322265625, 4040656234733.002, 0.0064697265625, 395644549497.79694, 2895901710935.0454, 0.02094268798828125, 1388558354152.5854, 5429341650967.19, 5791803421870.183]","36_lag_AMOCann, 35_lag_atlSICsep, 34_lag_35_median_eapPSLjfm, 34_lag_35_median_AMOCann, 36_lag_shSICmar, 36_lag_atlSICjfm, 36_lag_solFORC, 36_lag_atlSICsep, 34_lag_35_median_atlSICjfm, 36_lag_shSICsep, 34_lag_35_median_nppc2SSTjfm, 35_lag_stratZ50ndj02, 35_lag_eapPSLjfm, 36_lag_stratZ50ndj03, 34_lag_35_median_nhSICsep, 36_lag_nppc2SSTjfm, 34_lag_35_median_stratZ50ndj02, 34_lag_36_median_AMOCann, 36_lag_nhSICsep, 34_lag_36_median_shSICmar, 34_lag_36_median_atlSICjfm, 34_lag_36_median_solFORC, 34_lag_36_median_atlSICsep, 34_lag_36_median_shSICsep, 35_lag_nppc2SSTjfm, 36_lag_stratZ50ndj02, 34_lag_36_median_stratZ50ndj03, 34_lag_36_median_nppc2SSTjfm, 34_lag_36_median_nhSICsep, 34_lag_36_median_stratZ50ndj02_418_34"
LinearRegression,30,30,nppc2SSTjfm,slow,896.5,2005.5,0.6,45,35,35,13.45129794876307,-0.03775751091296731,418,"['36_lag_atlSICjfm', '35_lag_36_median_eapPSLjfm', '35_lag_37_median_stratZ50ndj02', '35_lag_37_median_stratZ50ndj04', '35_lag_36_median_atlSICsep', '37_lag_stratZ50ndj03', '37_lag_shSICmar', '35_lag_37_median_eapPSLjfm', '36_lag_solFORC', '35_lag_36_median_atlSICjfm', '35_lag_37_median_nhSICjfm', '35_lag_37_median_amo2', '37_lag_nhSICsep', '36_lag_AMOCann', '37_lag_atlSICsep', '35_lag_37_median_scpPSLjfm', '37_lag_solFORC', '36_lag_eapPSLjfm', '37_lag_AMOCann', '36_lag_nhSICsep', '35_lag_37_median_amo3', '35_lag_37_median_stratZ50ndj03', '35_lag_37_median_shSICmar', '37_lag_nppc2SSTjfm', '35_lag_37_median_nhSICsep', '35_lag_37_median_atlSICsep', '35_lag_37_median_solFORC', '35_lag_37_median_AMOCann', '36_lag_nppc2SSTjfm', '35_lag_37_median_nppc2SSTjfm']","[1673359614.7104387, 630706231385.9888, 0.06506053294286422, 0.17440053356913132, 1830102447221.5654, 0.011519999648296768, 0.014080589877424185, 0.14462630754712164, 372353685541.1803, 1673359614.654504, 0.16708307198377206, 0.08287365540376589, 42485195186.274796, 370606444439.0377, 1830102447221.4268, 0.021082481170309742, 372353685538.4372, 630706231386.0731, 370606444439.17834, 42485195186.12628, 0.2262115478515625, 0.06102943420410156, 0.00507354736328125, 578115140031.7898, 84970390372.36499, 3660204894442.934, 744707371079.5865, 741212888878.2837, 578115140031.7869, 1156230280063.4292]","36_lag_atlSICjfm, 35_lag_36_median_eapPSLjfm, 35_lag_37_median_stratZ50ndj02, 35_lag_37_median_stratZ50ndj04, 35_lag_36_median_atlSICsep, 37_lag_stratZ50ndj03, 37_lag_shSICmar, 35_lag_37_median_eapPSLjfm, 36_lag_solFORC, 35_lag_36_median_atlSICjfm, 35_lag_37_median_nhSICjfm, 35_lag_37_median_amo2, 37_lag_nhSICsep, 36_lag_AMOCann, 37_lag_atlSICsep, 35_lag_37_median_scpPSLjfm, 37_lag_solFORC, 36_lag_eapPSLjfm, 37_lag_AMOCann, 36_lag_nhSICsep, 35_lag_37_median_amo3, 35_lag_37_median_stratZ50ndj03, 35_lag_37_median_shSICmar, 37_lag_nppc2SSTjfm, 35_lag_37_median_nhSICsep, 35_lag_37_median_atlSICsep, 35_lag_37_median_solFORC, 35_lag_37_median_AMOCann, 36_lag_nppc2SSTjfm, 35_lag_37_median_nppc2SSTjfm_418_35"
LinearRegression,31,30,nppc2SSTjfm,slow,897.5,2005.5,0.6,46,36,36,19.990168897965223,0.04884806033084033,418,"['36_lag_38_median_stratZ50ndj04', '36_lag_38_median_amo1', '36_lag_37_median_nppc2SSTjfm', '37_lag_stratZ50ndj02', '37_lag_AMOCann', '37_lag_atlSICjfm', '38_lag_AMOCann', '36_lag_38_median_scpPSLjfm', '38_lag_atlSICsep', '37_lag_amo1', '36_lag_37_median_eapPSLjfm', '36_lag_37_median_scpPSLjfm', '37_lag_naoPSLjfm', '36_lag_37_median_amoSSTjfm', '36_lag_38_median_eurPSLjfm', '38_lag_nhSICjfm', '38_lag_solFORC', '37_lag_shSICmar', '36_lag_38_median_atlSICjfm', '37_lag_nhSICjfm', '36_lag_38_median_nppc2SSTjfm', '36_lag_38_median_stratZ50ndj02', '38_lag_naoPSLjfm', '38_lag_shSICmar', '36_lag_38_median_AMOCann', '36_lag_38_median_atlSICsep', '36_lag_38_median_nhSICjfm', '36_lag_38_median_solFORC', '36_lag_38_median_naoPSLjfm', '36_lag_38_median_shSICmar']","[0.20245960746223252, 0.16821750347933837, 0.2600650544495503, 0.15867026691949884, 4569540942.739315, 0.04014722964480451, 4569540942.190011, 0.10783852517856371, 0.7520746189250358, 1.0444884251238715, 0.0032827392682317448, 0.4030912881075501, 7115613422098.778, 0.5616845694902382, 0.4549570252442325, 23512161209072.82, 3.3535321383036623, 34560164299932.24, 0.10744766501113606, 23512161209072.94, 0.19842805930255694, 0.18637612481245894, 7115613422097.9375, 34560164299932.82, 9139081884.527304, 0.5219956061118296, 47024322418145.445, 3.2778029075528674, 14231226844196.879, 69120328599865.01]","36_lag_38_median_stratZ50ndj04, 36_lag_38_median_amo1, 36_lag_37_median_nppc2SSTjfm, 37_lag_stratZ50ndj02, 37_lag_AMOCann, 37_lag_atlSICjfm, 38_lag_AMOCann, 36_lag_38_median_scpPSLjfm, 38_lag_atlSICsep, 37_lag_amo1, 36_lag_37_median_eapPSLjfm, 36_lag_37_median_scpPSLjfm, 37_lag_naoPSLjfm, 36_lag_37_median_amoSSTjfm, 36_lag_38_median_eurPSLjfm, 38_lag_nhSICjfm, 38_lag_solFORC, 37_lag_shSICmar, 36_lag_38_median_atlSICjfm, 37_lag_nhSICjfm, 36_lag_38_median_nppc2SSTjfm, 36_lag_38_median_stratZ50ndj02, 38_lag_naoPSLjfm, 38_lag_shSICmar, 36_lag_38_median_AMOCann, 36_lag_38_median_atlSICsep, 36_lag_38_median_nhSICjfm, 36_lag_38_median_solFORC, 36_lag_38_median_naoPSLjfm, 36_lag_38_median_shSICmar_418_36"
LinearRegression,32,30,nppc2SSTjfm,slow,898.5,2005.5,0.6,47,37,37,13.170688871347572,0.03514978726337032,418,"['39_lag_scpPSLjfm', '39_lag_atlSICsep', '39_lag_eapPSLjfm', '39_lag_nhSICsep', '37_lag_38_median_stratZ50ndj04', '37_lag_38_median_amo2', '39_lag_atlSICjfm', '37_lag_38_median_nhSICsep', '37_lag_38_median_solFORC', '38_lag_solFORC', '38_lag_amo1', '39_lag_nppc2SSTjfm', '37_lag_38_median_amo3', '39_lag_amo1', '37_lag_39_median_shSICsep', '37_lag_38_median_atlSICjfm', '38_lag_shSICmar', '37_lag_39_median_amoSSTjfm', '38_lag_nppc2SSTjfm', '37_lag_39_median_eurPSLjfm', '37_lag_39_median_stratZ50ndj02', '37_lag_39_median_shSICmar', '37_lag_39_median_amo3', '37_lag_39_median_scpPSLjfm', '37_lag_39_median_atlSICsep', '37_lag_39_median_eapPSLjfm', '37_lag_39_median_nhSICsep', '37_lag_39_median_atlSICjfm', '37_lag_39_median_nppc2SSTjfm', '37_lag_39_median_amo1']","[0.062392610328949924, 0.004576640683423783, 0.03504043756605988, 0.0672581397588243, 0.06673081507752412, 0.16050123788152754, 0.02868248664935424, 0.0271551167363634, 0.022879305149889253, 0.022879305149888094, 0.015111748816159462, 0.009163931854159651, 0.04165888681931364, 0.051874126692032334, 0.03714689959528935, 0.06653224289570975, 0.028825421666611048, 0.4073853751665238, 0.06659914954413713, 0.06451011199335346, 0.001363417076807403, 0.04896383637553167, 0.38121089156139787, 0.1407699527779922, 0.17788901163170961, 0.00898337273881642, 0.020051511511231544, 0.04760736477253283, 0.02871760884498957, 0.03349293775409412]","39_lag_scpPSLjfm, 39_lag_atlSICsep, 39_lag_eapPSLjfm, 39_lag_nhSICsep, 37_lag_38_median_stratZ50ndj04, 37_lag_38_median_amo2, 39_lag_atlSICjfm, 37_lag_38_median_nhSICsep, 37_lag_38_median_solFORC, 38_lag_solFORC, 38_lag_amo1, 39_lag_nppc2SSTjfm, 37_lag_38_median_amo3, 39_lag_amo1, 37_lag_39_median_shSICsep, 37_lag_38_median_atlSICjfm, 38_lag_shSICmar, 37_lag_39_median_amoSSTjfm, 38_lag_nppc2SSTjfm, 37_lag_39_median_eurPSLjfm, 37_lag_39_median_stratZ50ndj02, 37_lag_39_median_shSICmar, 37_lag_39_median_amo3, 37_lag_39_median_scpPSLjfm, 37_lag_39_median_atlSICsep, 37_lag_39_median_eapPSLjfm, 37_lag_39_median_nhSICsep, 37_lag_39_median_atlSICjfm, 37_lag_39_median_nppc2SSTjfm, 37_lag_39_median_amo1_418_37"
LinearRegression,33,30,nppc2SSTjfm,slow,899.5,2005.5,0.6,48,38,38,13.34691734350278,0.0074341405545296675,418,"['38_lag_39_median_shSICmar', '39_lag_stratZ50ndj04', '39_lag_AMOCann', '38_lag_40_median_stratZ50ndj01', '40_lag_nhSICsep', '38_lag_40_median_amo2', '38_lag_40_median_eapPSLjfm', '40_lag_nppc2SSTjfm', '38_lag_40_median_solFORC', '38_lag_39_median_amo3', '39_lag_nppc2SSTjfm', '40_lag_amoSSTjfm', '38_lag_40_median_atlSICjfm', '38_lag_40_median_shSICsep', '39_lag_amo1', '40_lag_AMOCann', '39_lag_shSICmar', '38_lag_39_median_amo2', '38_lag_40_median_amoSSTmjjaso', '39_lag_solFORC', '40_lag_amo1', '38_lag_40_median_amo3', '40_lag_nhSICjfm', '39_lag_nhSICjfm', '38_lag_40_median_nhSICsep', '38_lag_40_median_nppc2SSTjfm', '38_lag_40_median_amoSSTjfm', '38_lag_40_median_AMOCann', '38_lag_40_median_amo1', '38_lag_40_median_nhSICjfm']","[0.009096954910612657, 0.06457079149827126, 2394294257358.73, 0.024718380822251772, 0.013509663524750195, 1.2247915059583543, 0.10274936680831606, 156260407518.80057, 2.7165008635104537, 0.016122878748206542, 156260407518.98004, 0.7804264147982309, 0.09040125661494097, 0.0443075273382408, 741844759645.4994, 2394294257358.828, 0.009159902810201995, 0.799186245382574, 0.1309486653379827, 2.741125651072888, 741844759645.2769, 0.5320183130772801, 3084454745766.6694, 3084454745766.638, 0.11253807831441746, 312520815037.7594, 0.06903170960250767, 4788588514717.5205, 1483689519290.852, 6168909491533.312]","38_lag_39_median_shSICmar, 39_lag_stratZ50ndj04, 39_lag_AMOCann, 38_lag_40_median_stratZ50ndj01, 40_lag_nhSICsep, 38_lag_40_median_amo2, 38_lag_40_median_eapPSLjfm, 40_lag_nppc2SSTjfm, 38_lag_40_median_solFORC, 38_lag_39_median_amo3, 39_lag_nppc2SSTjfm, 40_lag_amoSSTjfm, 38_lag_40_median_atlSICjfm, 38_lag_40_median_shSICsep, 39_lag_amo1, 40_lag_AMOCann, 39_lag_shSICmar, 38_lag_39_median_amo2, 38_lag_40_median_amoSSTmjjaso, 39_lag_solFORC, 40_lag_amo1, 38_lag_40_median_amo3, 40_lag_nhSICjfm, 39_lag_nhSICjfm, 38_lag_40_median_nhSICsep, 38_lag_40_median_nppc2SSTjfm, 38_lag_40_median_amoSSTjfm, 38_lag_40_median_AMOCann, 38_lag_40_median_amo1, 38_lag_40_median_nhSICjfm_418_38"
LinearRegression,34,30,nppc2SSTjfm,slow,900.5,2005.5,0.6,49,39,39,13.304369382287591,-0.06593763292276524,418,"['39_lag_41_median_stratZ50ndj01', '39_lag_41_median_shSICmar', '39_lag_41_median_atlSICsep', '40_lag_stratZ50ndj04', '41_lag_amoSSTjfm', '40_lag_shSICsep', '39_lag_40_median_shSICmar', '41_lag_solFORC', '39_lag_40_median_shSICsep', '39_lag_40_median_stratZ50ndj02', '41_lag_amo1', '40_lag_stratZ50ndj02', '39_lag_40_median_atlSICjfm', '39_lag_40_median_nhSICsep', '39_lag_41_median_stratZ50ndj03', '39_lag_40_median_atlSICsep', '41_lag_amo3', '39_lag_40_median_amo3', '40_lag_nhSICsep', '40_lag_amoSSTjfm', '39_lag_41_median_nhSICjfm', '39_lag_40_median_solFORC', '41_lag_atlSICjfm', '40_lag_atlSICsep', '40_lag_amo1', '39_lag_41_median_amoSSTjfm', '39_lag_41_median_solFORC', '39_lag_41_median_amo1', '39_lag_41_median_amo3', '39_lag_41_median_atlSICjfm']","[0.04675379988260757, 0.06690537570331939, 0.20709542891382166, 0.01562554311516868, 0.24814727121109453, 0.011366886701972946, 0.025285414795954992, 1.4230132685065788, 0.011366886701970601, 0.015107031882186282, 0.204455513718923, 0.015107031882184024, 0.05779446372189916, 0.03408133485944214, 0.0183425448441643, 0.027086919727302712, 0.04558454463098731, 0.10416100751289116, 0.034081334859444604, 0.023429409589350553, 0.020461710832021564, 1.4310309300959483, 0.033151393918185654, 0.02708691972730492, 0.1488232329075897, 0.13578834040022286, 0.004008830794684843, 0.1766393733132553, 0.029288231440953202, 0.01232153490185671]","39_lag_41_median_stratZ50ndj01, 39_lag_41_median_shSICmar, 39_lag_41_median_atlSICsep, 40_lag_stratZ50ndj04, 41_lag_amoSSTjfm, 40_lag_shSICsep, 39_lag_40_median_shSICmar, 41_lag_solFORC, 39_lag_40_median_shSICsep, 39_lag_40_median_stratZ50ndj02, 41_lag_amo1, 40_lag_stratZ50ndj02, 39_lag_40_median_atlSICjfm, 39_lag_40_median_nhSICsep, 39_lag_41_median_stratZ50ndj03, 39_lag_40_median_atlSICsep, 41_lag_amo3, 39_lag_40_median_amo3, 40_lag_nhSICsep, 40_lag_amoSSTjfm, 39_lag_41_median_nhSICjfm, 39_lag_40_median_solFORC, 41_lag_atlSICjfm, 40_lag_atlSICsep, 40_lag_amo1, 39_lag_41_median_amoSSTjfm, 39_lag_41_median_solFORC, 39_lag_41_median_amo1, 39_lag_41_median_amo3, 39_lag_41_median_atlSICjfm_418_39"
LinearRegression,35,30,nppc2SSTjfm,slow,901.5,2005.5,0.6,50,40,40,13.503911541049833,-0.09562499874164294,418,"['40_lag_42_median_stratZ50ndj01', '40_lag_42_median_shSICmar', '40_lag_42_median_atlSICsep', '41_lag_stratZ50ndj04', '42_lag_amoSSTjfm', '41_lag_shSICsep', '40_lag_41_median_shSICmar', '42_lag_solFORC', '40_lag_41_median_shSICsep', '40_lag_41_median_stratZ50ndj02', '42_lag_amo1', '41_lag_stratZ50ndj02', '40_lag_41_median_atlSICjfm', '40_lag_41_median_nhSICsep', '40_lag_42_median_stratZ50ndj03', '40_lag_41_median_atlSICsep', '42_lag_amo3', '40_lag_41_median_amo3', '41_lag_nhSICsep', '41_lag_amoSSTjfm', '40_lag_42_median_nhSICjfm', '40_lag_41_median_solFORC', '42_lag_atlSICjfm', '41_lag_atlSICsep', '41_lag_amo1', '40_lag_42_median_amoSSTjfm', '40_lag_42_median_solFORC', '40_lag_42_median_amo1', '40_lag_42_median_amo3', '40_lag_42_median_atlSICjfm']","[0.041326400501908646, 0.0857002205628106, 0.258587207222095, 0.05923026858286203, 0.2613235238588767, 0.021572889791843727, 0.012559850425578263, 1.20078427027756, 0.021572889791845754, 0.012356612972895949, 0.14691021790995076, 0.012356612972894155, 0.0495905719417103, 0.0003026949337498837, 0.06772915262603485, 0.029180175669537855, 0.000125121438564149, 0.026122374986391958, 0.0003026949337517149, 0.02868038917062889, 0.10508966478698278, 1.1947333016531032, 0.002981893710843203, 0.02918017566953978, 0.17530127125789938, 0.14500195651475303, 0.0030254843122282894, 0.16110574458392432, 0.013123748212479074, 0.02628623282627684]","40_lag_42_median_stratZ50ndj01, 40_lag_42_median_shSICmar, 40_lag_42_median_atlSICsep, 41_lag_stratZ50ndj04, 42_lag_amoSSTjfm, 41_lag_shSICsep, 40_lag_41_median_shSICmar, 42_lag_solFORC, 40_lag_41_median_shSICsep, 40_lag_41_median_stratZ50ndj02, 42_lag_amo1, 41_lag_stratZ50ndj02, 40_lag_41_median_atlSICjfm, 40_lag_41_median_nhSICsep, 40_lag_42_median_stratZ50ndj03, 40_lag_41_median_atlSICsep, 42_lag_amo3, 40_lag_41_median_amo3, 41_lag_nhSICsep, 41_lag_amoSSTjfm, 40_lag_42_median_nhSICjfm, 40_lag_41_median_solFORC, 42_lag_atlSICjfm, 41_lag_atlSICsep, 41_lag_amo1, 40_lag_42_median_amoSSTjfm, 40_lag_42_median_solFORC, 40_lag_42_median_amo1, 40_lag_42_median_amo3, 40_lag_42_median_atlSICjfm_418_40"
LinearRegression,36,30,nppc2SSTjfm,slow,902.5,2005.5,0.6,51,41,41,13.66886287076469,-0.08875951462675669,418,"['42_lag_nhSICjfm', '41_lag_43_median_amoSSTmjjaso', '41_lag_43_median_amoSSTjfm', '43_lag_atlSICjfm', '42_lag_nppc2SSTjfm', '41_lag_42_median_shSICmar', '41_lag_42_median_amo1', '42_lag_shSICsep', '41_lag_42_median_nhSICsep', '43_lag_amo1', '41_lag_43_median_nhSICsep', '41_lag_43_median_amo2', '41_lag_42_median_nhSICjfm', '43_lag_shSICmar', '41_lag_43_median_stratZ50ndj03', '43_lag_solFORC', '41_lag_43_median_AMOCann', '41_lag_42_median_nppc2SSTjfm', '41_lag_42_median_eapPSLjfm', '42_lag_AMOCann', '43_lag_eapPSLjfm', '43_lag_shSICsep', '41_lag_43_median_eurPSLjfm', '41_lag_43_median_atlSICjfm', '42_lag_solFORC', '41_lag_43_median_amo1', '41_lag_43_median_shSICmar', '41_lag_43_median_solFORC', '41_lag_43_median_eapPSLjfm', '41_lag_43_median_shSICsep']","[0.055518936938875954, 0.22500937024737727, 0.039024989268118725, 0.029960593676620555, 207188925624.54263, 4590317102372.098, 6183947484581.574, 1251463001825.3623, 0.3005899985202558, 6183947484581.723, 0.2649652260769972, 0.14292134122032357, 0.05362080138745737, 4590317102372.135, 0.12487465598788258, 1980505877371.235, 0.15751249122297833, 207188925624.4766, 7543538521984.259, 0.008702060468861097, 7543538521984.228, 1251463001825.3833, 0.035085847413745486, 0.029243878076858992, 1980505877373.1084, 12367894969163.504, 9180634204744.29, 3961011754744.364, 15087077043968.479, 2502926003650.8066]","42_lag_nhSICjfm, 41_lag_43_median_amoSSTmjjaso, 41_lag_43_median_amoSSTjfm, 43_lag_atlSICjfm, 42_lag_nppc2SSTjfm, 41_lag_42_median_shSICmar, 41_lag_42_median_amo1, 42_lag_shSICsep, 41_lag_42_median_nhSICsep, 43_lag_amo1, 41_lag_43_median_nhSICsep, 41_lag_43_median_amo2, 41_lag_42_median_nhSICjfm, 43_lag_shSICmar, 41_lag_43_median_stratZ50ndj03, 43_lag_solFORC, 41_lag_43_median_AMOCann, 41_lag_42_median_nppc2SSTjfm, 41_lag_42_median_eapPSLjfm, 42_lag_AMOCann, 43_lag_eapPSLjfm, 43_lag_shSICsep, 41_lag_43_median_eurPSLjfm, 41_lag_43_median_atlSICjfm, 42_lag_solFORC, 41_lag_43_median_amo1, 41_lag_43_median_shSICmar, 41_lag_43_median_solFORC, 41_lag_43_median_eapPSLjfm, 41_lag_43_median_shSICsep_418_41"
LinearRegression,37,30,nppc2SSTjfm,slow,903.5,2005.5,0.6,52,42,42,13.654326185558318,-0.09243946793773763,418,"['42_lag_43_median_solFORC', '42_lag_43_median_nhSICsep', '43_lag_stratZ50ndj01', '43_lag_amo2', '44_lag_AMOCann', '44_lag_nhSICsep', '43_lag_atlSICjfm', '42_lag_44_median_atlSICjfm', '43_lag_stratZ50ndj02', '42_lag_44_median_naoPSLjfm', '43_lag_amo3', '44_lag_amo1', '42_lag_43_median_nhSICjfm', '43_lag_stratZ50ndj03', '43_lag_nhSICjfm', '42_lag_44_median_stratZ50ndj03', '42_lag_43_median_AMOCann', '44_lag_solFORC', '42_lag_44_median_stratZ50ndj02', '43_lag_atlSICsep', '42_lag_43_median_amo3', '42_lag_43_median_atlSICsep', '44_lag_shSICmar', '43_lag_nhSICsep', '43_lag_shSICmar', '42_lag_44_median_AMOCann', '42_lag_44_median_nhSICsep', '42_lag_44_median_amo1', '42_lag_44_median_solFORC', '42_lag_44_median_shSICmar']","[0.8695432328617794, 9506052745608.375, 0.058398028573444775, 0.23251672408899604, 15163498600268.379, 20208652016006.547, 0.07281127782335904, 0.04157846826571852, 0.041941590311074944, 0.10390676632758461, 27354633467.34111, 0.0705455789674533, 452629479981.0419, 0.03943346061605026, 452629479980.92114, 0.02695820551241995, 15163498600268.25, 0.7470703125, 0.0070953369140625, 430633518959.1604, 27354633467.31836, 430633518959.11804, 2098415748458.6172, 10702599270398.252, 2098415748458.5815, 30326997200536.797, 40417304032013.305, 0.13201904296875, 0.1328125, 4196831496917.171]","42_lag_43_median_solFORC, 42_lag_43_median_nhSICsep, 43_lag_stratZ50ndj01, 43_lag_amo2, 44_lag_AMOCann, 44_lag_nhSICsep, 43_lag_atlSICjfm, 42_lag_44_median_atlSICjfm, 43_lag_stratZ50ndj02, 42_lag_44_median_naoPSLjfm, 43_lag_amo3, 44_lag_amo1, 42_lag_43_median_nhSICjfm, 43_lag_stratZ50ndj03, 43_lag_nhSICjfm, 42_lag_44_median_stratZ50ndj03, 42_lag_43_median_AMOCann, 44_lag_solFORC, 42_lag_44_median_stratZ50ndj02, 43_lag_atlSICsep, 42_lag_43_median_amo3, 42_lag_43_median_atlSICsep, 44_lag_shSICmar, 43_lag_nhSICsep, 43_lag_shSICmar, 42_lag_44_median_AMOCann, 42_lag_44_median_nhSICsep, 42_lag_44_median_amo1, 42_lag_44_median_solFORC, 42_lag_44_median_shSICmar_418_42"
LinearRegression,38,30,nppc2SSTjfm,slow,904.5,2005.5,0.6,53,43,43,13.802130165930604,-0.12820990154392364,418,"['43_lag_44_median_solFORC', '43_lag_44_median_nhSICsep', '44_lag_stratZ50ndj01', '44_lag_amo2', '45_lag_AMOCann', '45_lag_nhSICsep', '44_lag_atlSICjfm', '43_lag_45_median_atlSICjfm', '44_lag_stratZ50ndj02', '43_lag_45_median_naoPSLjfm', '44_lag_amo3', '45_lag_amo1', '43_lag_44_median_nhSICjfm', '44_lag_stratZ50ndj03', '44_lag_nhSICjfm', '43_lag_45_median_stratZ50ndj03', '43_lag_44_median_AMOCann', '45_lag_solFORC', '43_lag_45_median_stratZ50ndj02', '44_lag_atlSICsep', '43_lag_44_median_amo3', '43_lag_44_median_atlSICsep', '45_lag_shSICmar', '44_lag_nhSICsep', '44_lag_shSICmar', '43_lag_45_median_AMOCann', '43_lag_45_median_nhSICsep', '43_lag_45_median_amo1', '43_lag_45_median_solFORC', '43_lag_45_median_shSICmar']","[0.7723326138526364, 10375570191555.008, 0.0786948364051553, 0.2912119301922388, 16550501905148.318, 22057134867640.355, 0.08274052414423629, 0.05956509731300559, 0.008778733205275183, 0.06677223806670636, 29856758341.247776, 0.00930921922753378, 494031441439.23254, 0.030061866870810555, 494031441439.1247, 0.004614080189557397, 16550501905148.127, 0.640625, 0.03624725341796875, 470023512636.3428, 29856758341.19214, 470023512636.281, 2290357572364.0435, 11681564676085.312, 2290357572364.152, 33101003810296.543, 44114269735280.805, 0.11688232421875, 0.14453125, 4580715144728.183]","43_lag_44_median_solFORC, 43_lag_44_median_nhSICsep, 44_lag_stratZ50ndj01, 44_lag_amo2, 45_lag_AMOCann, 45_lag_nhSICsep, 44_lag_atlSICjfm, 43_lag_45_median_atlSICjfm, 44_lag_stratZ50ndj02, 43_lag_45_median_naoPSLjfm, 44_lag_amo3, 45_lag_amo1, 43_lag_44_median_nhSICjfm, 44_lag_stratZ50ndj03, 44_lag_nhSICjfm, 43_lag_45_median_stratZ50ndj03, 43_lag_44_median_AMOCann, 45_lag_solFORC, 43_lag_45_median_stratZ50ndj02, 44_lag_atlSICsep, 43_lag_44_median_amo3, 43_lag_44_median_atlSICsep, 45_lag_shSICmar, 44_lag_nhSICsep, 44_lag_shSICmar, 43_lag_45_median_AMOCann, 43_lag_45_median_nhSICsep, 43_lag_45_median_amo1, 43_lag_45_median_solFORC, 43_lag_45_median_shSICmar_418_43"
LinearRegression,39,30,nppc2SSTjfm,slow,905.5,2005.5,0.6,54,44,44,14.245869640295183,-0.1961765543963978,418,"['46_lag_amo3', '44_lag_46_median_eapPSLjfm', '44_lag_46_median_stratZ50ndj01', '44_lag_45_median_nhSICjfm', '45_lag_atlSICsep', '44_lag_45_median_nhSICsep', '45_lag_amoSSTmjjaso', '44_lag_45_median_amoSSTmjjaso', '44_lag_45_median_amo2', '45_lag_stratZ50ndj04', '45_lag_atlSICjfm', '44_lag_46_median_stratZ50ndj04', '45_lag_nppc2SSTjfm', '44_lag_45_median_shSICsep', '44_lag_45_median_stratZ50ndj03', '45_lag_nhSICsep', '46_lag_scpPSLjfm', '44_lag_45_median_atlSICjfm', '45_lag_shSICmar', '45_lag_amo2', '44_lag_45_median_nppc2SSTjfm', '44_lag_45_median_AMOCann', '44_lag_46_median_nhSICjfm', '44_lag_45_median_shSICmar', '44_lag_46_median_AMOCann', '44_lag_46_median_amo3', '44_lag_46_median_scpPSLjfm', '45_lag_solFORC', '46_lag_solFORC', '44_lag_46_median_solFORC']","[0.10464867140060043, 0.14643783409631156, 0.06968057883114935, 0.05498545091904922, 0.006257865674478606, 0.030737603841630816, 0.028221201178858964, 0.02822120117886452, 0.07355623222224165, 0.021459023112999555, 0.005292459498588517, 0.20074780146626003, 0.03820227433406451, 0.025009213858464434, 0.0008092086100477376, 0.030737603841623287, 0.010942589429377085, 0.0052924594985883575, 0.004656910430866062, 0.07355623222224261, 0.03820227433405787, 0.0007835762104703541, 0.100602531853091, 0.004656910430860568, 0.14546018071720895, 0.0043739472862569795, 0.1402848621070208, 0.7045276582386786, 0.7094421780751848, 0.0024572599182477693]","46_lag_amo3, 44_lag_46_median_eapPSLjfm, 44_lag_46_median_stratZ50ndj01, 44_lag_45_median_nhSICjfm, 45_lag_atlSICsep, 44_lag_45_median_nhSICsep, 45_lag_amoSSTmjjaso, 44_lag_45_median_amoSSTmjjaso, 44_lag_45_median_amo2, 45_lag_stratZ50ndj04, 45_lag_atlSICjfm, 44_lag_46_median_stratZ50ndj04, 45_lag_nppc2SSTjfm, 44_lag_45_median_shSICsep, 44_lag_45_median_stratZ50ndj03, 45_lag_nhSICsep, 46_lag_scpPSLjfm, 44_lag_45_median_atlSICjfm, 45_lag_shSICmar, 45_lag_amo2, 44_lag_45_median_nppc2SSTjfm, 44_lag_45_median_AMOCann, 44_lag_46_median_nhSICjfm, 44_lag_45_median_shSICmar, 44_lag_46_median_AMOCann, 44_lag_46_median_amo3, 44_lag_46_median_scpPSLjfm, 45_lag_solFORC, 46_lag_solFORC, 44_lag_46_median_solFORC_418_44"
LinearRegression,40,30,nppc2SSTjfm,slow,906.5,2005.5,0.6,55,45,45,14.2100156364835,-0.193360698196771,418,"['47_lag_amo3', '45_lag_47_median_eapPSLjfm', '45_lag_47_median_stratZ50ndj01', '45_lag_46_median_nhSICjfm', '46_lag_atlSICsep', '45_lag_46_median_nhSICsep', '46_lag_amoSSTmjjaso', '45_lag_46_median_amoSSTmjjaso', '45_lag_46_median_amo2', '46_lag_stratZ50ndj04', '46_lag_atlSICjfm', '45_lag_47_median_stratZ50ndj04', '46_lag_nppc2SSTjfm', '45_lag_46_median_shSICsep', '45_lag_46_median_stratZ50ndj03', '46_lag_nhSICsep', '47_lag_scpPSLjfm', '45_lag_46_median_atlSICjfm', '46_lag_shSICmar', '46_lag_amo2', '45_lag_46_median_nppc2SSTjfm', '45_lag_46_median_AMOCann', '45_lag_47_median_nhSICjfm', '45_lag_46_median_shSICmar', '45_lag_47_median_AMOCann', '45_lag_47_median_amo3', '45_lag_47_median_scpPSLjfm', '46_lag_solFORC', '47_lag_solFORC', '45_lag_47_median_solFORC']","[0.16614118034816155, 0.10507536757273461, 0.003987214622668237, 0.03545042091150823, 0.02785584757578266, 0.014165221889180242, 0.05206734358849465, 0.05206734358849945, 0.07242541386225322, 0.0030702437633924736, 0.047284412579300356, 0.20843882975895703, 0.030473536155848448, 0.05239127328415389, 0.013876842213266632, 0.014165221889173511, 0.06388657521633984, 0.04728441257930012, 0.0075526745995995095, 0.07242541386225382, 0.030473536155842786, 0.051405647205423885, 0.02410498605135165, 0.007552674599594869, 0.25057234348674573, 0.10001038939271464, 0.07333436512014074, 0.6510441627284431, 0.6627977009573114, 0.00587676911442981]","47_lag_amo3, 45_lag_47_median_eapPSLjfm, 45_lag_47_median_stratZ50ndj01, 45_lag_46_median_nhSICjfm, 46_lag_atlSICsep, 45_lag_46_median_nhSICsep, 46_lag_amoSSTmjjaso, 45_lag_46_median_amoSSTmjjaso, 45_lag_46_median_amo2, 46_lag_stratZ50ndj04, 46_lag_atlSICjfm, 45_lag_47_median_stratZ50ndj04, 46_lag_nppc2SSTjfm, 45_lag_46_median_shSICsep, 45_lag_46_median_stratZ50ndj03, 46_lag_nhSICsep, 47_lag_scpPSLjfm, 45_lag_46_median_atlSICjfm, 46_lag_shSICmar, 46_lag_amo2, 45_lag_46_median_nppc2SSTjfm, 45_lag_46_median_AMOCann, 45_lag_47_median_nhSICjfm, 45_lag_46_median_shSICmar, 45_lag_47_median_AMOCann, 45_lag_47_median_amo3, 45_lag_47_median_scpPSLjfm, 46_lag_solFORC, 47_lag_solFORC, 45_lag_47_median_solFORC_418_45"
LinearRegression,41,30,nppc2SSTjfm,slow,907.5,2005.5,0.6,56,46,46,13.506118511463999,-0.08458641459203042,418,"['46_lag_47_median_eurPSLjfm', '48_lag_AMOCann', '47_lag_stratZ50ndj04', '46_lag_47_median_solFORC', '46_lag_47_median_nppc2SSTjfm', '48_lag_solFORC', '47_lag_shSICsep', '46_lag_47_median_atlSICjfm', '46_lag_48_median_stratZ50ndj01', '48_lag_nhSICjfm', '46_lag_47_median_shSICsep', '46_lag_47_median_stratZ50ndj02', '48_lag_stratZ50ndj02', '46_lag_48_median_nppc2SSTjfm', '47_lag_stratZ50ndj03', '46_lag_48_median_shSICmar', '46_lag_47_median_naoPSLjfm', '46_lag_47_median_stratZ50ndj03', '46_lag_48_median_naoPSLjfm', '46_lag_48_median_atlSICsep', '46_lag_48_median_scpPSLjfm', '47_lag_nppc2SSTjfm', '46_lag_48_median_atlSICjfm', '46_lag_48_median_stratZ50ndj04', '46_lag_48_median_AMOCann', '46_lag_48_median_solFORC', '48_lag_shSICsep', '46_lag_48_median_nhSICjfm', '46_lag_48_median_stratZ50ndj02', '46_lag_48_median_shSICsep']","[0.013960881564678018, 0.023858012874330092, 0.18706914292872118, 1611348554984.569, 507091610406.2711, 1611348554986.1218, 352957736529.9944, 0.12338432079100417, 0.006031956786381246, 0.20175261620607526, 954469467755.506, 6661621676907.153, 6661621676907.112, 0.00016646392797219339, 356424032582.4176, 0.10291859213912855, 0.04892356331525565, 356424032582.4721, 0.13043916972887687, 0.0023966687734128427, 0.09786097375104177, 507091610406.27203, 0.0013031357144646458, 0.06415935414324783, 0.2254719226638122, 3222697109970.6626, 601511731225.3474, 0.158283323836469, 13323243353814.24, 1203023462450.8684]","46_lag_47_median_eurPSLjfm, 48_lag_AMOCann, 47_lag_stratZ50ndj04, 46_lag_47_median_solFORC, 46_lag_47_median_nppc2SSTjfm, 48_lag_solFORC, 47_lag_shSICsep, 46_lag_47_median_atlSICjfm, 46_lag_48_median_stratZ50ndj01, 48_lag_nhSICjfm, 46_lag_47_median_shSICsep, 46_lag_47_median_stratZ50ndj02, 48_lag_stratZ50ndj02, 46_lag_48_median_nppc2SSTjfm, 47_lag_stratZ50ndj03, 46_lag_48_median_shSICmar, 46_lag_47_median_naoPSLjfm, 46_lag_47_median_stratZ50ndj03, 46_lag_48_median_naoPSLjfm, 46_lag_48_median_atlSICsep, 46_lag_48_median_scpPSLjfm, 47_lag_nppc2SSTjfm, 46_lag_48_median_atlSICjfm, 46_lag_48_median_stratZ50ndj04, 46_lag_48_median_AMOCann, 46_lag_48_median_solFORC, 48_lag_shSICsep, 46_lag_48_median_nhSICjfm, 46_lag_48_median_stratZ50ndj02, 46_lag_48_median_shSICsep_418_46"
LinearRegression,42,30,nppc2SSTjfm,slow,908.5,2005.5,0.6,57,47,47,13.430439784030291,-0.15015853131816867,418,"['47_lag_48_median_scpPSLjfm', '49_lag_atlSICjfm', '49_lag_scpPSLjfm', '48_lag_eapPSLjfm', '47_lag_49_median_eurPSLjfm', '47_lag_48_median_stratZ50ndj04', '49_lag_nppc2SSTjfm', '47_lag_48_median_atlSICjfm', '47_lag_49_median_amoSSTjfm', '47_lag_48_median_nppc2SSTjfm', '48_lag_eurPSLjfm', '47_lag_49_median_shSICsep', '49_lag_naoPSLjfm', '49_lag_solFORC', '48_lag_solFORC', '48_lag_stratZ50ndj02', '48_lag_naoPSLjfm', '47_lag_49_median_stratZ50ndj01', '48_lag_nhSICsep', '47_lag_49_median_amo3', '47_lag_49_median_AMOCann', '49_lag_stratZ50ndj02', '47_lag_48_median_nhSICsep', '47_lag_49_median_atlSICjfm', '47_lag_49_median_scpPSLjfm', '47_lag_49_median_nppc2SSTjfm', '48_lag_nppc2SSTjfm', '47_lag_49_median_naoPSLjfm', '47_lag_49_median_solFORC', '47_lag_49_median_stratZ50ndj02']","[3435113241174.23, 661939924790.6211, 3435113241174.286, 0.0054944360054558885, 0.0025909057116017178, 0.07606322683620777, 7469712705526.234, 661939924790.6721, 0.10624975145921284, 2694701386164.0293, 0.00764819985572883, 0.05584534579489471, 233988856577.78622, 13014608083997.363, 13014608083995.63, 7360428566900.1455, 233988856577.85538, 0.02142333984375, 158904603218.7508, 0.0428466796875, 0.1966552734375, 7360428566900.153, 158904603218.78525, 1323879849581.1992, 6870226482348.461, 14939425411052.61, 4775011319362.367, 467977713155.55457, 26029216167992.965, 14720857133800.404]","47_lag_48_median_scpPSLjfm, 49_lag_atlSICjfm, 49_lag_scpPSLjfm, 48_lag_eapPSLjfm, 47_lag_49_median_eurPSLjfm, 47_lag_48_median_stratZ50ndj04, 49_lag_nppc2SSTjfm, 47_lag_48_median_atlSICjfm, 47_lag_49_median_amoSSTjfm, 47_lag_48_median_nppc2SSTjfm, 48_lag_eurPSLjfm, 47_lag_49_median_shSICsep, 49_lag_naoPSLjfm, 49_lag_solFORC, 48_lag_solFORC, 48_lag_stratZ50ndj02, 48_lag_naoPSLjfm, 47_lag_49_median_stratZ50ndj01, 48_lag_nhSICsep, 47_lag_49_median_amo3, 47_lag_49_median_AMOCann, 49_lag_stratZ50ndj02, 47_lag_48_median_nhSICsep, 47_lag_49_median_atlSICjfm, 47_lag_49_median_scpPSLjfm, 47_lag_49_median_nppc2SSTjfm, 48_lag_nppc2SSTjfm, 47_lag_49_median_naoPSLjfm, 47_lag_49_median_solFORC, 47_lag_49_median_stratZ50ndj02_418_47"
LinearRegression,43,30,nppc2SSTjfm,slow,909.5,2005.5,0.6,58,48,48,13.488342658276187,-0.14815349139016828,418,"['48_lag_49_median_scpPSLjfm', '50_lag_atlSICjfm', '50_lag_scpPSLjfm', '49_lag_eapPSLjfm', '48_lag_50_median_eurPSLjfm', '48_lag_49_median_stratZ50ndj04', '50_lag_nppc2SSTjfm', '48_lag_49_median_atlSICjfm', '48_lag_50_median_amoSSTjfm', '48_lag_49_median_nppc2SSTjfm', '49_lag_eurPSLjfm', '48_lag_50_median_shSICsep', '50_lag_naoPSLjfm', '50_lag_solFORC', '49_lag_solFORC', '49_lag_stratZ50ndj02', '49_lag_naoPSLjfm', '48_lag_50_median_stratZ50ndj01', '49_lag_nhSICsep', '48_lag_50_median_amo3', '48_lag_50_median_AMOCann', '50_lag_stratZ50ndj02', '48_lag_49_median_nhSICsep', '48_lag_50_median_atlSICjfm', '48_lag_50_median_scpPSLjfm', '48_lag_50_median_nppc2SSTjfm', '49_lag_nppc2SSTjfm', '48_lag_50_median_naoPSLjfm', '48_lag_50_median_solFORC', '48_lag_50_median_stratZ50ndj02']","[3748502253126.067, 722329403808.3896, 3748502253126.0347, 0.03163651256999214, 0.08381577596369116, 0.018067177447134035, 8151182491235.209, 722329403808.4485, 0.20288973502907645, 2940541841958.1777, 0.05108792880772206, 0.029116033113281137, 255335907292.68613, 14201944536110.674, 14201944536109.033, 8031928245127.385, 255335907292.6657, 0.031402587890625, 173401638134.69067, 0.0418701171875, 0.17315673828125, 8031928245127.393, 173401638134.61023, 1444658807616.7493, 7497004506252.029, 16302364982470.275, 5210640649276.911, 510671814585.2873, 28403889072219.67, 16063856490254.828]","48_lag_49_median_scpPSLjfm, 50_lag_atlSICjfm, 50_lag_scpPSLjfm, 49_lag_eapPSLjfm, 48_lag_50_median_eurPSLjfm, 48_lag_49_median_stratZ50ndj04, 50_lag_nppc2SSTjfm, 48_lag_49_median_atlSICjfm, 48_lag_50_median_amoSSTjfm, 48_lag_49_median_nppc2SSTjfm, 49_lag_eurPSLjfm, 48_lag_50_median_shSICsep, 50_lag_naoPSLjfm, 50_lag_solFORC, 49_lag_solFORC, 49_lag_stratZ50ndj02, 49_lag_naoPSLjfm, 48_lag_50_median_stratZ50ndj01, 49_lag_nhSICsep, 48_lag_50_median_amo3, 48_lag_50_median_AMOCann, 50_lag_stratZ50ndj02, 48_lag_49_median_nhSICsep, 48_lag_50_median_atlSICjfm, 48_lag_50_median_scpPSLjfm, 48_lag_50_median_nppc2SSTjfm, 49_lag_nppc2SSTjfm, 48_lag_50_median_naoPSLjfm, 48_lag_50_median_solFORC, 48_lag_50_median_stratZ50ndj02_418_48"
LinearRegression,44,30,nppc2SSTjfm,slow,910.5,2005.5,0.6,59,49,49,13.762315857583621,-0.14968640543669282,418,"['49_lag_51_median_AMOCann', '49_lag_51_median_atlSICjfm', '49_lag_50_median_solFORC', '50_lag_nhSICsep', '49_lag_50_median_amoSSTmjjaso', '49_lag_51_median_naoPSLjfm', '49_lag_51_median_amoSSTmjjaso', '49_lag_50_median_scpPSLjfm', '49_lag_51_median_atlSICsep', '49_lag_50_median_atlSICjfm', '49_lag_51_median_stratZ50ndj01', '50_lag_shSICmar', '49_lag_50_median_stratZ50ndj01', '49_lag_51_median_scpPSLjfm', '49_lag_51_median_shSICmar', '49_lag_50_median_atlSICsep', '50_lag_amoSSTjfm', '50_lag_stratZ50ndj03', '49_lag_51_median_nhSICsep', '49_lag_50_median_amoSSTjfm', '49_lag_51_median_amo1', '49_lag_50_median_stratZ50ndj03', '50_lag_solFORC', '50_lag_scpPSLjfm', '49_lag_51_median_amo3', '50_lag_stratZ50ndj01', '50_lag_eapPSLjfm', '49_lag_50_median_eapPSLjfm', '51_lag_solFORC', '49_lag_51_median_solFORC']","[0.21123915393729564, 0.10174459517950159, 7691713663045.386, 0.015013223347823247, 0.060493004933185504, 0.12101741598832252, 0.3350730202577975, 80412019101.39696, 0.06514599160802258, 0.11096560393399582, 0.11567423078590199, 0.017131289997934642, 607065844137.5317, 0.11539851093016684, 0.08650112561327239, 0.021616560208919382, 2078152869515.8643, 18642943654.025974, 0.05133763351813281, 2078152869516.0105, 0.12269275941172637, 18642943653.97766, 32561134916538.56, 80412019101.3175, 0.07521963555337301, 607065844137.498, 4180261710894.476, 4180261710894.4863, 40252848579585.55, 80505697159169.42]","49_lag_51_median_AMOCann, 49_lag_51_median_atlSICjfm, 49_lag_50_median_solFORC, 50_lag_nhSICsep, 49_lag_50_median_amoSSTmjjaso, 49_lag_51_median_naoPSLjfm, 49_lag_51_median_amoSSTmjjaso, 49_lag_50_median_scpPSLjfm, 49_lag_51_median_atlSICsep, 49_lag_50_median_atlSICjfm, 49_lag_51_median_stratZ50ndj01, 50_lag_shSICmar, 49_lag_50_median_stratZ50ndj01, 49_lag_51_median_scpPSLjfm, 49_lag_51_median_shSICmar, 49_lag_50_median_atlSICsep, 50_lag_amoSSTjfm, 50_lag_stratZ50ndj03, 49_lag_51_median_nhSICsep, 49_lag_50_median_amoSSTjfm, 49_lag_51_median_amo1, 49_lag_50_median_stratZ50ndj03, 50_lag_solFORC, 50_lag_scpPSLjfm, 49_lag_51_median_amo3, 50_lag_stratZ50ndj01, 50_lag_eapPSLjfm, 49_lag_50_median_eapPSLjfm, 51_lag_solFORC, 49_lag_51_median_solFORC_418_49"
LinearRegression,45,30,nppc2SSTjfm,slow,911.5,2005.5,0.6,60,50,50,13.465552424134387,-0.0739108920618874,418,"['50_lag_52_median_AMOCann', '50_lag_52_median_atlSICjfm', '50_lag_51_median_solFORC', '51_lag_nhSICsep', '50_lag_51_median_amoSSTmjjaso', '50_lag_52_median_naoPSLjfm', '50_lag_52_median_amoSSTmjjaso', '50_lag_51_median_scpPSLjfm', '50_lag_52_median_atlSICsep', '50_lag_51_median_atlSICjfm', '50_lag_52_median_stratZ50ndj01', '51_lag_shSICmar', '50_lag_51_median_stratZ50ndj01', '50_lag_52_median_scpPSLjfm', '50_lag_52_median_shSICmar', '50_lag_51_median_atlSICsep', '51_lag_amoSSTjfm', '51_lag_stratZ50ndj03', '50_lag_52_median_nhSICsep', '50_lag_51_median_amoSSTjfm', '50_lag_52_median_amo1', '50_lag_51_median_stratZ50ndj03', '51_lag_solFORC', '51_lag_scpPSLjfm', '50_lag_52_median_amo3', '51_lag_stratZ50ndj01', '51_lag_eapPSLjfm', '50_lag_51_median_eapPSLjfm', '52_lag_solFORC', '50_lag_52_median_solFORC']","[0.2516237503323106, 0.14264431481131282, 4894382874921.705, 0.09571197711961246, 0.022565687850353476, 0.16071497379270516, 0.3738691560324786, 51167688563.15947, 0.0944426319041128, 0.07014747768699155, 0.10442381526239128, 0.008268431093808728, 386287477883.0787, 0.1458479525253389, 0.05882418917123025, 0.024333868526315493, 1322367974369.1433, 11862857635.577715, 0.18039308045674848, 1322367974369.0566, 0.18522391313092101, 11862857635.559261, 20719265966594.254, 51167688563.1295, 0.00015776337997766218, 386287477883.076, 2659979586706.644, 2659979586706.6455, 25613648841517.42, 51227297683033.305]","50_lag_52_median_AMOCann, 50_lag_52_median_atlSICjfm, 50_lag_51_median_solFORC, 51_lag_nhSICsep, 50_lag_51_median_amoSSTmjjaso, 50_lag_52_median_naoPSLjfm, 50_lag_52_median_amoSSTmjjaso, 50_lag_51_median_scpPSLjfm, 50_lag_52_median_atlSICsep, 50_lag_51_median_atlSICjfm, 50_lag_52_median_stratZ50ndj01, 51_lag_shSICmar, 50_lag_51_median_stratZ50ndj01, 50_lag_52_median_scpPSLjfm, 50_lag_52_median_shSICmar, 50_lag_51_median_atlSICsep, 51_lag_amoSSTjfm, 51_lag_stratZ50ndj03, 50_lag_52_median_nhSICsep, 50_lag_51_median_amoSSTjfm, 50_lag_52_median_amo1, 50_lag_51_median_stratZ50ndj03, 51_lag_solFORC, 51_lag_scpPSLjfm, 50_lag_52_median_amo3, 51_lag_stratZ50ndj01, 51_lag_eapPSLjfm, 50_lag_51_median_eapPSLjfm, 52_lag_solFORC, 50_lag_52_median_solFORC_418_50"
LinearRegression,46,30,nppc2SSTjfm,slow,912.5,2005.5,0.6,61,51,51,12.8751740482858,0.014368309465381719,418,"['52_lag_eurPSLjfm', '51_lag_52_median_eurPSLjfm', '51_lag_52_median_nhSICsep', '51_lag_52_median_scpPSLjfm', '52_lag_nppc2SSTjfm', '51_lag_52_median_stratZ50ndj03', '53_lag_nppc2SSTjfm', '52_lag_atlSICjfm', '53_lag_stratZ50ndj01', '52_lag_nhSICsep', '51_lag_53_median_amoSSTjfm', '51_lag_52_median_naoPSLjfm', '51_lag_53_median_stratZ50ndj03', '51_lag_53_median_shSICmar', '51_lag_53_median_stratZ50ndj04', '53_lag_amo3', '51_lag_52_median_stratZ50ndj04', '52_lag_naoPSLjfm', '52_lag_solFORC', '52_lag_shSICsep', '52_lag_eapPSLjfm', '51_lag_53_median_eapPSLjfm', '51_lag_53_median_nhSICjfm', '53_lag_shSICsep', '51_lag_53_median_nppc2SSTjfm', '51_lag_53_median_stratZ50ndj01', '53_lag_solFORC', '51_lag_53_median_amo3', '51_lag_53_median_shSICsep', '51_lag_53_median_solFORC']","[0.008444183378337862, 0.008391627358238863, 6553906141.455276, 0.06946377780447399, 193268237399.98074, 0.024401825166924993, 193268237399.9295, 0.1729444859858993, 0.02044631131561583, 6553906141.431848, 0.0863126753143721, 259009319.40847075, 0.07050297880385982, 0.06717701657014344, 0.16185132547840364, 0.2412443398306259, 0.06528150241964, 259009319.5177691, 310243639609.0282, 149656119550.71234, 0.07654848496738303, 0.14194898938891218, 0.2579589676804169, 149656119550.6955, 386536474799.9279, 0.09652377051366245, 310243639610.81195, 0.21539470830964916, 299312239101.43677, 620487279219.7687]","52_lag_eurPSLjfm, 51_lag_52_median_eurPSLjfm, 51_lag_52_median_nhSICsep, 51_lag_52_median_scpPSLjfm, 52_lag_nppc2SSTjfm, 51_lag_52_median_stratZ50ndj03, 53_lag_nppc2SSTjfm, 52_lag_atlSICjfm, 53_lag_stratZ50ndj01, 52_lag_nhSICsep, 51_lag_53_median_amoSSTjfm, 51_lag_52_median_naoPSLjfm, 51_lag_53_median_stratZ50ndj03, 51_lag_53_median_shSICmar, 51_lag_53_median_stratZ50ndj04, 53_lag_amo3, 51_lag_52_median_stratZ50ndj04, 52_lag_naoPSLjfm, 52_lag_solFORC, 52_lag_shSICsep, 52_lag_eapPSLjfm, 51_lag_53_median_eapPSLjfm, 51_lag_53_median_nhSICjfm, 53_lag_shSICsep, 51_lag_53_median_nppc2SSTjfm, 51_lag_53_median_stratZ50ndj01, 53_lag_solFORC, 51_lag_53_median_amo3, 51_lag_53_median_shSICsep, 51_lag_53_median_solFORC_418_51"
LinearRegression,47,30,nppc2SSTjfm,slow,913.5,2005.5,0.6,62,52,52,12.90401374407111,0.07905500867691802,418,"['53_lag_amoSSTjfm', '52_lag_54_median_stratZ50ndj01', '53_lag_eurPSLjfm', '52_lag_53_median_AMOCann', '52_lag_54_median_stratZ50ndj03', '52_lag_53_median_nhSICsep', '52_lag_53_median_solFORC', '52_lag_54_median_nhSICsep', '52_lag_54_median_amo1', '52_lag_53_median_nhSICjfm', '52_lag_54_median_amo2', '53_lag_stratZ50ndj02', '53_lag_atlSICsep', '53_lag_eapPSLjfm', '52_lag_54_median_stratZ50ndj02', '54_lag_naoPSLjfm', '54_lag_amo3', '52_lag_53_median_amoSSTjfm', '53_lag_nhSICjfm', '53_lag_solFORC', '52_lag_53_median_atlSICsep', '52_lag_53_median_naoPSLjfm', '52_lag_54_median_eapPSLjfm', '53_lag_shSICsep', '52_lag_53_median_eapPSLjfm', '52_lag_54_median_naoPSLjfm', '52_lag_54_median_amo3', '54_lag_shSICsep', '53_lag_naoPSLjfm', '52_lag_54_median_shSICsep']","[0.11724507073249536, 0.011107785001635354, 0.0590025732954729, 0.1853625002624562, 0.0654771337015596, 0.0515343678267202, 501056175553.8521, 0.09883393904715877, 0.3212244505740062, 3537528615063.312, 0.027599861519645483, 0.023538811275369567, 1930987073938.564, 980354099298.8612, 0.018984086385337575, 14519557289132.072, 0.08305816372683181, 0.11082409134722107, 3537528615063.4844, 501056175553.7632, 1930987073938.4443, 5860510076212.209, 0.07065313360623644, 36626386868714.23, 980354099298.8188, 29039114578264.13, 0.20016039107019476, 36626386868714.07, 8659047212919.927, 73252773737428.28]","53_lag_amoSSTjfm, 52_lag_54_median_stratZ50ndj01, 53_lag_eurPSLjfm, 52_lag_53_median_AMOCann, 52_lag_54_median_stratZ50ndj03, 52_lag_53_median_nhSICsep, 52_lag_53_median_solFORC, 52_lag_54_median_nhSICsep, 52_lag_54_median_amo1, 52_lag_53_median_nhSICjfm, 52_lag_54_median_amo2, 53_lag_stratZ50ndj02, 53_lag_atlSICsep, 53_lag_eapPSLjfm, 52_lag_54_median_stratZ50ndj02, 54_lag_naoPSLjfm, 54_lag_amo3, 52_lag_53_median_amoSSTjfm, 53_lag_nhSICjfm, 53_lag_solFORC, 52_lag_53_median_atlSICsep, 52_lag_53_median_naoPSLjfm, 52_lag_54_median_eapPSLjfm, 53_lag_shSICsep, 52_lag_53_median_eapPSLjfm, 52_lag_54_median_naoPSLjfm, 52_lag_54_median_amo3, 54_lag_shSICsep, 53_lag_naoPSLjfm, 52_lag_54_median_shSICsep_418_52"
LinearRegression,48,30,nppc2SSTjfm,slow,914.5,2005.5,0.6,63,53,53,12.891832127460273,0.09147739803050703,418,"['54_lag_amoSSTjfm', '53_lag_55_median_stratZ50ndj01', '54_lag_eurPSLjfm', '53_lag_54_median_AMOCann', '53_lag_55_median_stratZ50ndj03', '53_lag_54_median_nhSICsep', '53_lag_54_median_solFORC', '53_lag_55_median_nhSICsep', '53_lag_55_median_amo1', '53_lag_54_median_nhSICjfm', '53_lag_55_median_amo2', '54_lag_stratZ50ndj02', '54_lag_atlSICsep', '54_lag_eapPSLjfm', '53_lag_55_median_stratZ50ndj02', '55_lag_naoPSLjfm', '55_lag_amo3', '53_lag_54_median_amoSSTjfm', '54_lag_nhSICjfm', '54_lag_solFORC', '53_lag_54_median_atlSICsep', '53_lag_54_median_naoPSLjfm', '53_lag_55_median_eapPSLjfm', '54_lag_shSICsep', '53_lag_54_median_eapPSLjfm', '53_lag_55_median_naoPSLjfm', '53_lag_55_median_amo3', '55_lag_shSICsep', '54_lag_naoPSLjfm', '53_lag_55_median_shSICsep']","[0.07382420945556695, 0.17698098269204032, 0.07221444717535196, 0.1298265830944815, 0.08955647859090775, 0.10586367358925047, 92066107902381.52, 0.1256617210971555, 0.07265263331198478, 1234595745555.4463, 0.10929783558297532, 0.005978198209518858, 359465877462.331, 272172395038.2908, 0.052731582751478226, 126900396038.17296, 0.13432760557455145, 0.05186282674832391, 1234595745555.3552, 92066107902381.48, 359465877462.4462, 11428490884151.432, 0.036297926112133436, 2774421634468.5044, 272172395038.22855, 253800792076.27084, 0.11019203591858333, 2774421634468.5933, 11555391280189.57, 5548843268937.099]","54_lag_amoSSTjfm, 53_lag_55_median_stratZ50ndj01, 54_lag_eurPSLjfm, 53_lag_54_median_AMOCann, 53_lag_55_median_stratZ50ndj03, 53_lag_54_median_nhSICsep, 53_lag_54_median_solFORC, 53_lag_55_median_nhSICsep, 53_lag_55_median_amo1, 53_lag_54_median_nhSICjfm, 53_lag_55_median_amo2, 54_lag_stratZ50ndj02, 54_lag_atlSICsep, 54_lag_eapPSLjfm, 53_lag_55_median_stratZ50ndj02, 55_lag_naoPSLjfm, 55_lag_amo3, 53_lag_54_median_amoSSTjfm, 54_lag_nhSICjfm, 54_lag_solFORC, 53_lag_54_median_atlSICsep, 53_lag_54_median_naoPSLjfm, 53_lag_55_median_eapPSLjfm, 54_lag_shSICsep, 53_lag_54_median_eapPSLjfm, 53_lag_55_median_naoPSLjfm, 53_lag_55_median_amo3, 55_lag_shSICsep, 54_lag_naoPSLjfm, 53_lag_55_median_shSICsep_418_53"
LinearRegression,49,30,nppc2SSTjfm,slow,915.5,2005.5,0.6,64,54,54,12.527731659710383,0.14870002701531582,418,"['54_lag_55_median_atlSICsep', '56_lag_amoSSTmjjaso', '56_lag_eapPSLjfm', '56_lag_stratZ50ndj01', '54_lag_55_median_shSICsep', '54_lag_56_median_atlSICjfm', '56_lag_naoPSLjfm', '56_lag_amo3', '56_lag_solFORC', '54_lag_55_median_naoPSLjfm', '54_lag_55_median_eapPSLjfm', '55_lag_stratZ50ndj02', '54_lag_56_median_nhSICsep', '56_lag_nhSICjfm', '55_lag_amo3', '55_lag_nhSICjfm', '54_lag_56_median_amo2', '56_lag_stratZ50ndj02', '54_lag_56_median_amoSSTmjjaso', '54_lag_55_median_nppc2SSTjfm', '54_lag_56_median_eapPSLjfm', '54_lag_56_median_stratZ50ndj01', '54_lag_56_median_naoPSLjfm', '54_lag_56_median_amo3', '55_lag_eapPSLjfm', '54_lag_56_median_solFORC', '56_lag_nppc2SSTjfm', '54_lag_56_median_nhSICjfm', '54_lag_56_median_stratZ50ndj02', '54_lag_56_median_nppc2SSTjfm']","[0.03988332454806687, 0.06041046389122, 111266068704.2736, 0.08150154947178812, 0.031213245961448435, 0.1971604262616335, 47232280041.891014, 2049248192335.7795, 1.7337027267469949, 47232280041.89695, 656382181717.5764, 4076882048.4990706, 0.1930404687452726, 6828832918787.315, 2049248192335.7957, 6828832918787.18, 0.047389802597887866, 4076882048.4895196, 0.020919263362557852, 2009603435645.025, 222532137408.56104, 0.19332211215214834, 94464560083.87901, 4098496384671.6323, 545116113013.3409, 1.6396255652070593, 2009603435644.8667, 13657665837574.71, 8153764097.135302, 4019206871289.8833]","54_lag_55_median_atlSICsep, 56_lag_amoSSTmjjaso, 56_lag_eapPSLjfm, 56_lag_stratZ50ndj01, 54_lag_55_median_shSICsep, 54_lag_56_median_atlSICjfm, 56_lag_naoPSLjfm, 56_lag_amo3, 56_lag_solFORC, 54_lag_55_median_naoPSLjfm, 54_lag_55_median_eapPSLjfm, 55_lag_stratZ50ndj02, 54_lag_56_median_nhSICsep, 56_lag_nhSICjfm, 55_lag_amo3, 55_lag_nhSICjfm, 54_lag_56_median_amo2, 56_lag_stratZ50ndj02, 54_lag_56_median_amoSSTmjjaso, 54_lag_55_median_nppc2SSTjfm, 54_lag_56_median_eapPSLjfm, 54_lag_56_median_stratZ50ndj01, 54_lag_56_median_naoPSLjfm, 54_lag_56_median_amo3, 55_lag_eapPSLjfm, 54_lag_56_median_solFORC, 56_lag_nppc2SSTjfm, 54_lag_56_median_nhSICjfm, 54_lag_56_median_stratZ50ndj02, 54_lag_56_median_nppc2SSTjfm_418_54"
LinearRegression,50,30,nppc2SSTjfm,slow,916.5,2005.5,0.6,65,55,55,12.432478663133317,0.17868608841232686,418,"['55_lag_56_median_atlSICsep', '57_lag_amoSSTmjjaso', '57_lag_eapPSLjfm', '57_lag_stratZ50ndj01', '55_lag_56_median_shSICsep', '55_lag_57_median_atlSICjfm', '57_lag_naoPSLjfm', '57_lag_amo3', '57_lag_solFORC', '55_lag_56_median_naoPSLjfm', '55_lag_56_median_eapPSLjfm', '56_lag_stratZ50ndj02', '55_lag_57_median_nhSICsep', '57_lag_nhSICjfm', '56_lag_amo3', '56_lag_nhSICjfm', '55_lag_57_median_amo2', '57_lag_stratZ50ndj02', '55_lag_57_median_amoSSTmjjaso', '55_lag_56_median_nppc2SSTjfm', '55_lag_57_median_eapPSLjfm', '55_lag_57_median_stratZ50ndj01', '55_lag_57_median_naoPSLjfm', '55_lag_57_median_amo3', '56_lag_eapPSLjfm', '55_lag_57_median_solFORC', '57_lag_nppc2SSTjfm', '55_lag_57_median_nhSICjfm', '55_lag_57_median_stratZ50ndj02', '55_lag_57_median_nppc2SSTjfm']","[0.07435694000983523, 0.11635292144969589, 115201326171.55473, 0.023054225185002105, 0.042668269753627856, 0.20431288814292195, 48902790961.41398, 2121725986735.3381, 1.5247836059476751, 48902790961.29983, 679597101702.3815, 4221073181.594809, 0.11373869631926688, 7070355029250.8545, 2121725986735.3289, 7070355029250.851, 0.13764585058402382, 4221073181.658337, 0.05731750140317513, 2080679074592.9714, 230402652343.10648, 0.05872993279256239, 97805581922.67778, 4243451973470.6973, 564395775530.8359, 1.4315378492699788, 2080679074592.916, 14140710058501.914, 8442146363.376228, 4161358149185.852]","55_lag_56_median_atlSICsep, 57_lag_amoSSTmjjaso, 57_lag_eapPSLjfm, 57_lag_stratZ50ndj01, 55_lag_56_median_shSICsep, 55_lag_57_median_atlSICjfm, 57_lag_naoPSLjfm, 57_lag_amo3, 57_lag_solFORC, 55_lag_56_median_naoPSLjfm, 55_lag_56_median_eapPSLjfm, 56_lag_stratZ50ndj02, 55_lag_57_median_nhSICsep, 57_lag_nhSICjfm, 56_lag_amo3, 56_lag_nhSICjfm, 55_lag_57_median_amo2, 57_lag_stratZ50ndj02, 55_lag_57_median_amoSSTmjjaso, 55_lag_56_median_nppc2SSTjfm, 55_lag_57_median_eapPSLjfm, 55_lag_57_median_stratZ50ndj01, 55_lag_57_median_naoPSLjfm, 55_lag_57_median_amo3, 56_lag_eapPSLjfm, 55_lag_57_median_solFORC, 57_lag_nppc2SSTjfm, 55_lag_57_median_nhSICjfm, 55_lag_57_median_stratZ50ndj02, 55_lag_57_median_nppc2SSTjfm_418_55"
LinearRegression,51,30,nppc2SSTjfm,slow,917.5,2005.5,0.6,66,56,56,12.434325834119171,0.1328623349110603,418,"['56_lag_57_median_amo2', '57_lag_amo3', '56_lag_57_median_amoSSTmjjaso', '56_lag_58_median_atlSICsep', '57_lag_shSICmar', '56_lag_57_median_nppc2SSTjfm', '57_lag_amoSSTmjjaso', '56_lag_57_median_eapPSLjfm', '56_lag_58_median_amo2', '56_lag_58_median_eurPSLjfm', '56_lag_57_median_amo3', '56_lag_58_median_amo1', '56_lag_57_median_atlSICsep', '56_lag_58_median_atlSICjfm', '58_lag_shSICmar', '56_lag_58_median_eapPSLjfm', '56_lag_58_median_scpPSLjfm', '57_lag_amo2', '57_lag_naoPSLjfm', '56_lag_57_median_naoPSLjfm', '56_lag_58_median_stratZ50ndj01', '57_lag_shSICsep', '56_lag_57_median_shSICsep', '57_lag_nhSICsep', '57_lag_nhSICjfm', '56_lag_57_median_nhSICjfm', '56_lag_57_median_nhSICsep', '56_lag_58_median_shSICmar', '58_lag_shSICsep', '56_lag_58_median_shSICsep']","[0.05547412945421847, 0.01289029822181502, 0.07063725507080841, 0.06434355926542365, 0.003532364090033021, 0.005055286244763055, 0.07063725507080833, 0.05782340552455465, 0.03119476782671307, 0.04729969671951343, 0.012890298221814945, 0.11789332310574832, 0.025238227816910284, 0.054283159683647324, 0.015070810326808416, 0.10950501267604018, 0.026153812209880035, 0.055474129454218424, 0.04208329821207205, 0.04208329821207207, 0.1543153388588695, 0.042686003854512704, 0.04268600385451272, 0.0170895536146714, 0.04750292766833923, 0.04750292766833924, 0.0170895536146714, 0.005769223118387763, 0.05420445911714619, 0.0057592276313167216]","56_lag_57_median_amo2, 57_lag_amo3, 56_lag_57_median_amoSSTmjjaso, 56_lag_58_median_atlSICsep, 57_lag_shSICmar, 56_lag_57_median_nppc2SSTjfm, 57_lag_amoSSTmjjaso, 56_lag_57_median_eapPSLjfm, 56_lag_58_median_amo2, 56_lag_58_median_eurPSLjfm, 56_lag_57_median_amo3, 56_lag_58_median_amo1, 56_lag_57_median_atlSICsep, 56_lag_58_median_atlSICjfm, 58_lag_shSICmar, 56_lag_58_median_eapPSLjfm, 56_lag_58_median_scpPSLjfm, 57_lag_amo2, 57_lag_naoPSLjfm, 56_lag_57_median_naoPSLjfm, 56_lag_58_median_stratZ50ndj01, 57_lag_shSICsep, 56_lag_57_median_shSICsep, 57_lag_nhSICsep, 57_lag_nhSICjfm, 56_lag_57_median_nhSICjfm, 56_lag_57_median_nhSICsep, 56_lag_58_median_shSICmar, 58_lag_shSICsep, 56_lag_58_median_shSICsep_418_56"
LinearRegression,52,30,nppc2SSTjfm,slow,918.5,2005.5,0.6,67,57,57,12.900479032011582,-0.04070626974062336,418,"['59_lag_shSICsep', '59_lag_naoPSLjfm', '59_lag_stratZ50ndj03', '57_lag_59_median_eapPSLjfm', '59_lag_stratZ50ndj02', '59_lag_nhSICjfm', '58_lag_stratZ50ndj03', '59_lag_amo3', '57_lag_59_median_nppc2SSTjfm', '59_lag_shSICmar', '57_lag_58_median_shSICsep', '58_lag_eurPSLjfm', '58_lag_naoPSLjfm', '58_lag_amoSSTjfm', '58_lag_AMOCann', '57_lag_58_median_nppc2SSTjfm', '57_lag_59_median_amoSSTjfm', '57_lag_59_median_nhSICsep', '57_lag_59_median_eurPSLjfm', '57_lag_59_median_AMOCann', '58_lag_shSICmar', '58_lag_nppc2SSTjfm', '57_lag_59_median_shSICsep', '57_lag_59_median_naoPSLjfm', '57_lag_59_median_stratZ50ndj03', '57_lag_59_median_stratZ50ndj02', '57_lag_59_median_nhSICjfm', '57_lag_59_median_amo3', '57_lag_59_median_shSICmar', '57_lag_58_median_shSICmar']","[0.05448237473391639, 0.013731881733378169, 0.03681334972713541, 0.048006891491420414, 0.045233237287778005, 0.0012945423826055287, 0.06493111436461253, 0.6203204728220736, 0.2684973106897485, 0.07175242660886637, 0.07106251370610024, 0.10489763214753202, 0.0062585750026627794, 0.5096500215210248, 0.12548538684346772, 0.1278857799546855, 0.571107978939978, 0.00999982403687605, 0.2527014779381953, 0.058692090111644196, 0.03346324794027228, 0.12788577995468597, 0.008290069486091891, 0.009995228368019766, 0.05087223204587407, 0.13090494636511796, 0.01948611399760167, 0.5884850171344349, 0.019144589334297142, 0.033463247940272195]","59_lag_shSICsep, 59_lag_naoPSLjfm, 59_lag_stratZ50ndj03, 57_lag_59_median_eapPSLjfm, 59_lag_stratZ50ndj02, 59_lag_nhSICjfm, 58_lag_stratZ50ndj03, 59_lag_amo3, 57_lag_59_median_nppc2SSTjfm, 59_lag_shSICmar, 57_lag_58_median_shSICsep, 58_lag_eurPSLjfm, 58_lag_naoPSLjfm, 58_lag_amoSSTjfm, 58_lag_AMOCann, 57_lag_58_median_nppc2SSTjfm, 57_lag_59_median_amoSSTjfm, 57_lag_59_median_nhSICsep, 57_lag_59_median_eurPSLjfm, 57_lag_59_median_AMOCann, 58_lag_shSICmar, 58_lag_nppc2SSTjfm, 57_lag_59_median_shSICsep, 57_lag_59_median_naoPSLjfm, 57_lag_59_median_stratZ50ndj03, 57_lag_59_median_stratZ50ndj02, 57_lag_59_median_nhSICjfm, 57_lag_59_median_amo3, 57_lag_59_median_shSICmar, 57_lag_58_median_shSICmar_418_57"
LinearRegression,53,30,nppc2SSTjfm,slow,919.5,2005.5,0.6,68,58,58,13.026842667992039,-0.06440415438813145,418,"['60_lag_shSICsep', '60_lag_naoPSLjfm', '60_lag_stratZ50ndj03', '58_lag_60_median_eapPSLjfm', '60_lag_stratZ50ndj02', '60_lag_nhSICjfm', '59_lag_stratZ50ndj03', '60_lag_amo3', '58_lag_60_median_nppc2SSTjfm', '60_lag_shSICmar', '58_lag_59_median_shSICsep', '59_lag_eurPSLjfm', '59_lag_naoPSLjfm', '59_lag_amoSSTjfm', '59_lag_AMOCann', '58_lag_59_median_nppc2SSTjfm', '58_lag_60_median_amoSSTjfm', '58_lag_60_median_nhSICsep', '58_lag_60_median_eurPSLjfm', '58_lag_60_median_AMOCann', '59_lag_shSICmar', '59_lag_nppc2SSTjfm', '58_lag_60_median_shSICsep', '58_lag_60_median_naoPSLjfm', '58_lag_60_median_stratZ50ndj03', '58_lag_60_median_stratZ50ndj02', '58_lag_60_median_nhSICjfm', '58_lag_60_median_amo3', '58_lag_60_median_shSICmar', '58_lag_59_median_shSICmar']","[0.06390445963625463, 0.011467905943539063, 0.012339818185434434, 0.011952605368658142, 0.0658835208262916, 0.05135393838793603, 0.04363157205187845, 0.145220252043528, 0.24001450662437077, 0.09360601300222335, 0.11029264750800329, 0.02881520905064904, 0.0013858360791332873, 0.05540097526170857, 0.030206621771048766, 0.06595805112522501, 0.20760299839949342, 0.1134579758998533, 0.2071711020528378, 0.16941240049222492, 0.012929892342473784, 0.06595805112522496, 0.023194093935874273, 0.005041034932202839, 0.0279856951186565, 0.08597209808766863, 0.06260865204081616, 0.03366102729279244, 0.040338060329874754, 0.012929892342473773]","60_lag_shSICsep, 60_lag_naoPSLjfm, 60_lag_stratZ50ndj03, 58_lag_60_median_eapPSLjfm, 60_lag_stratZ50ndj02, 60_lag_nhSICjfm, 59_lag_stratZ50ndj03, 60_lag_amo3, 58_lag_60_median_nppc2SSTjfm, 60_lag_shSICmar, 58_lag_59_median_shSICsep, 59_lag_eurPSLjfm, 59_lag_naoPSLjfm, 59_lag_amoSSTjfm, 59_lag_AMOCann, 58_lag_59_median_nppc2SSTjfm, 58_lag_60_median_amoSSTjfm, 58_lag_60_median_nhSICsep, 58_lag_60_median_eurPSLjfm, 58_lag_60_median_AMOCann, 59_lag_shSICmar, 59_lag_nppc2SSTjfm, 58_lag_60_median_shSICsep, 58_lag_60_median_naoPSLjfm, 58_lag_60_median_stratZ50ndj03, 58_lag_60_median_stratZ50ndj02, 58_lag_60_median_nhSICjfm, 58_lag_60_median_amo3, 58_lag_60_median_shSICmar, 58_lag_59_median_shSICmar_418_58"
LinearRegression,54,30,nppc2SSTjfm,slow,920.5,2005.5,0.6,69,59,59,12.773251919940869,0.020355177825357663,418,"['60_lag_amoSSTjfm', '60_lag_shSICmar', '59_lag_60_median_scpPSLjfm', '59_lag_61_median_shSICsep', '61_lag_eurPSLjfm', '60_lag_solFORC', '61_lag_atlSICsep', '60_lag_scpPSLjfm', '61_lag_solFORC', '61_lag_naoPSLjfm', '59_lag_61_median_amoSSTjfm', '59_lag_61_median_shSICmar', '59_lag_61_median_stratZ50ndj04', '60_lag_shSICsep', '59_lag_60_median_atlSICsep', '59_lag_60_median_AMOCann', '60_lag_stratZ50ndj02', '59_lag_61_median_nppc2SSTjfm', '59_lag_61_median_AMOCann', '59_lag_60_median_stratZ50ndj01', '59_lag_61_median_stratZ50ndj01', '59_lag_60_median_naoPSLjfm', '59_lag_61_median_eurPSLjfm', '60_lag_AMOCann', '61_lag_stratZ50ndj02', '59_lag_61_median_atlSICsep', '59_lag_61_median_solFORC', '59_lag_61_median_naoPSLjfm', '60_lag_naoPSLjfm', '59_lag_61_median_stratZ50ndj02']","[0.13986374329066908, 0.024450319180032556, 17815675309.78384, 0.028803670126907883, 0.02197633344924673, 2460943515406.628, 2129043777636.752, 17815675309.839874, 2460943515405.3647, 31841234848.83078, 0.11322013535875446, 0.07352503246791385, 0.10532841399692953, 0.054419479337716604, 2129043777636.8108, 40202761038.355705, 752567231532.0784, 0.17067698476306242, 0.029122623091422852, 0.030542446175686862, 0.08204267258270363, 101772878013.89803, 0.17015580450082934, 40202761038.45891, 752567231532.0564, 4258087555273.605, 4921887030812.067, 63682469697.6295, 133614112862.69737, 1505134463064.1858]","60_lag_amoSSTjfm, 60_lag_shSICmar, 59_lag_60_median_scpPSLjfm, 59_lag_61_median_shSICsep, 61_lag_eurPSLjfm, 60_lag_solFORC, 61_lag_atlSICsep, 60_lag_scpPSLjfm, 61_lag_solFORC, 61_lag_naoPSLjfm, 59_lag_61_median_amoSSTjfm, 59_lag_61_median_shSICmar, 59_lag_61_median_stratZ50ndj04, 60_lag_shSICsep, 59_lag_60_median_atlSICsep, 59_lag_60_median_AMOCann, 60_lag_stratZ50ndj02, 59_lag_61_median_nppc2SSTjfm, 59_lag_61_median_AMOCann, 59_lag_60_median_stratZ50ndj01, 59_lag_61_median_stratZ50ndj01, 59_lag_60_median_naoPSLjfm, 59_lag_61_median_eurPSLjfm, 60_lag_AMOCann, 61_lag_stratZ50ndj02, 59_lag_61_median_atlSICsep, 59_lag_61_median_solFORC, 59_lag_61_median_naoPSLjfm, 60_lag_naoPSLjfm, 59_lag_61_median_stratZ50ndj02_418_59"
LinearRegression,55,30,nppc2SSTjfm,slow,921.5,2005.5,0.6,70,60,60,12.563975617823342,0.04821574017861621,418,"['61_lag_amoSSTjfm', '61_lag_shSICmar', '60_lag_61_median_scpPSLjfm', '60_lag_62_median_shSICsep', '62_lag_eurPSLjfm', '61_lag_solFORC', '62_lag_atlSICsep', '61_lag_scpPSLjfm', '62_lag_solFORC', '62_lag_naoPSLjfm', '60_lag_62_median_amoSSTjfm', '60_lag_62_median_shSICmar', '60_lag_62_median_stratZ50ndj04', '61_lag_shSICsep', '60_lag_61_median_atlSICsep', '60_lag_61_median_AMOCann', '61_lag_stratZ50ndj02', '60_lag_62_median_nppc2SSTjfm', '60_lag_62_median_AMOCann', '60_lag_61_median_stratZ50ndj01', '60_lag_62_median_stratZ50ndj01', '60_lag_61_median_naoPSLjfm', '60_lag_62_median_eurPSLjfm', '61_lag_AMOCann', '62_lag_stratZ50ndj02', '60_lag_62_median_atlSICsep', '60_lag_62_median_solFORC', '60_lag_62_median_naoPSLjfm', '61_lag_naoPSLjfm', '60_lag_62_median_stratZ50ndj02']","[0.09375750066330597, 0.045637631996817016, 36256356229.053925, 0.200769179493517, 0.008540004170531487, 5008221310876.103, 4332778201611.044, 36256356229.127144, 5008221310874.52, 64799516907.2871, 0.15510051954552906, 0.015665322287250785, 0.09183632278663766, 0.16305956699485927, 4332778201610.9307, 81815906512.29285, 1531535861441.135, 0.13000369926158034, 0.010320382873362668, 0.01812040318127447, 0.09342283903350994, 207116129788.19263, 0.13754052632372546, 81815906512.36383, 1531535861441.2124, 8665556403221.985, 10016442621750.7, 129599033814.56506, 271915646695.5043, 3063071722882.357]","61_lag_amoSSTjfm, 61_lag_shSICmar, 60_lag_61_median_scpPSLjfm, 60_lag_62_median_shSICsep, 62_lag_eurPSLjfm, 61_lag_solFORC, 62_lag_atlSICsep, 61_lag_scpPSLjfm, 62_lag_solFORC, 62_lag_naoPSLjfm, 60_lag_62_median_amoSSTjfm, 60_lag_62_median_shSICmar, 60_lag_62_median_stratZ50ndj04, 61_lag_shSICsep, 60_lag_61_median_atlSICsep, 60_lag_61_median_AMOCann, 61_lag_stratZ50ndj02, 60_lag_62_median_nppc2SSTjfm, 60_lag_62_median_AMOCann, 60_lag_61_median_stratZ50ndj01, 60_lag_62_median_stratZ50ndj01, 60_lag_61_median_naoPSLjfm, 60_lag_62_median_eurPSLjfm, 61_lag_AMOCann, 62_lag_stratZ50ndj02, 60_lag_62_median_atlSICsep, 60_lag_62_median_solFORC, 60_lag_62_median_naoPSLjfm, 61_lag_naoPSLjfm, 60_lag_62_median_stratZ50ndj02_418_60"
LinearRegression,56,30,nppc2SSTjfm,slow,922.5,2005.5,0.6,71,61,61,12.492778260059554,0.0738682715046791,418,"['61_lag_62_median_nhSICsep', '62_lag_solFORC', '61_lag_62_median_eurPSLjfm', '61_lag_62_median_nhSICjfm', '61_lag_62_median_amoSSTjfm', '63_lag_atlSICjfm', '61_lag_63_median_stratZ50ndj03', '61_lag_62_median_atlSICjfm', '61_lag_63_median_shSICmar', '63_lag_naoPSLjfm', '63_lag_atlSICsep', '63_lag_nhSICjfm', '62_lag_nppc2SSTjfm', '62_lag_naoPSLjfm', '61_lag_63_median_eapPSLjfm', '61_lag_62_median_eapPSLjfm', '61_lag_63_median_eurPSLjfm', '61_lag_63_median_amoSSTmjjaso', '61_lag_62_median_nppc2SSTjfm', '62_lag_stratZ50ndj01', '61_lag_63_median_atlSICjfm', '62_lag_atlSICjfm', '62_lag_eapPSLjfm', '63_lag_stratZ50ndj01', '61_lag_63_median_naoPSLjfm', '61_lag_63_median_atlSICsep', '61_lag_63_median_nhSICjfm', '63_lag_nppc2SSTjfm', '61_lag_63_median_stratZ50ndj01', '61_lag_63_median_nppc2SSTjfm']","[0.0913673380040374, 0.08429396955342926, 0.022627362188103867, 3705628164877.239, 0.07323500154267168, 261441998349.31134, 0.05714202092989846, 134277896206.40416, 0.03420345689813889, 916274720470.6637, 0.0742857999136026, 3705628164877.118, 172442788532.60257, 916274720470.6696, 0.04442328859365854, 9696708640.831352, 0.13048498111472762, 0.028548492948442868, 73299277175.21712, 884364463880.2903, 522883996698.8763, 395719894555.9476, 9696708640.886759, 884364463880.2723, 1832549440941.3364, 0.009560465974463484, 7411256329754.482, 245742065708.04355, 1768728927760.4753, 491484131415.9045]","61_lag_62_median_nhSICsep, 62_lag_solFORC, 61_lag_62_median_eurPSLjfm, 61_lag_62_median_nhSICjfm, 61_lag_62_median_amoSSTjfm, 63_lag_atlSICjfm, 61_lag_63_median_stratZ50ndj03, 61_lag_62_median_atlSICjfm, 61_lag_63_median_shSICmar, 63_lag_naoPSLjfm, 63_lag_atlSICsep, 63_lag_nhSICjfm, 62_lag_nppc2SSTjfm, 62_lag_naoPSLjfm, 61_lag_63_median_eapPSLjfm, 61_lag_62_median_eapPSLjfm, 61_lag_63_median_eurPSLjfm, 61_lag_63_median_amoSSTmjjaso, 61_lag_62_median_nppc2SSTjfm, 62_lag_stratZ50ndj01, 61_lag_63_median_atlSICjfm, 62_lag_atlSICjfm, 62_lag_eapPSLjfm, 63_lag_stratZ50ndj01, 61_lag_63_median_naoPSLjfm, 61_lag_63_median_atlSICsep, 61_lag_63_median_nhSICjfm, 63_lag_nppc2SSTjfm, 61_lag_63_median_stratZ50ndj01, 61_lag_63_median_nppc2SSTjfm_418_61"
LinearRegression,57,30,nppc2SSTjfm,slow,923.5,2005.5,0.6,72,62,62,12.888914308758052,-0.10024470836625944,418,"['64_lag_nhSICsep', '63_lag_amo3', '64_lag_amoSSTjfm', '62_lag_63_median_naoPSLjfm', '62_lag_64_median_stratZ50ndj02', '62_lag_64_median_amoSSTmjjaso', '64_lag_scpPSLjfm', '63_lag_atlSICjfm', '64_lag_atlSICjfm', '62_lag_63_median_nppc2SSTjfm', '62_lag_63_median_shSICsep', '64_lag_solFORC', '64_lag_shSICsep', '62_lag_63_median_amoSSTjfm', '64_lag_naoPSLjfm', '62_lag_63_median_stratZ50ndj03', '62_lag_64_median_amo3', '63_lag_stratZ50ndj03', '64_lag_nppc2SSTjfm', '62_lag_64_median_nhSICsep', '62_lag_64_median_amoSSTjfm', '62_lag_64_median_scpPSLjfm', '63_lag_shSICmar', '62_lag_64_median_atlSICjfm', '62_lag_63_median_shSICmar', '62_lag_64_median_solFORC', '63_lag_shSICsep', '62_lag_64_median_shSICsep', '62_lag_64_median_naoPSLjfm', '62_lag_64_median_nppc2SSTjfm']","[0.11919369798472013, 0.09475215137757692, 3896859939956.879, 214185788067.68997, 0.1344346052384771, 0.16307244132298726, 0.05018437817742194, 3783853580193.249, 3783853580193.338, 15238463089829.295, 155697289510.01596, 1.5147966988990509, 38717007184.20545, 3896859939957.121, 214185788067.6574, 438362695839.24915, 0.03740857574726835, 438362695839.2485, 15238463089829.406, 0.07586837115082772, 7793719879913.633, 0.014953430847444705, 19554903856.22261, 7567707160386.5, 19554903856.30034, 1.43423165365179, 194414296694.26755, 77434014368.3553, 428371576135.26556, 30476926179658.633]","64_lag_nhSICsep, 63_lag_amo3, 64_lag_amoSSTjfm, 62_lag_63_median_naoPSLjfm, 62_lag_64_median_stratZ50ndj02, 62_lag_64_median_amoSSTmjjaso, 64_lag_scpPSLjfm, 63_lag_atlSICjfm, 64_lag_atlSICjfm, 62_lag_63_median_nppc2SSTjfm, 62_lag_63_median_shSICsep, 64_lag_solFORC, 64_lag_shSICsep, 62_lag_63_median_amoSSTjfm, 64_lag_naoPSLjfm, 62_lag_63_median_stratZ50ndj03, 62_lag_64_median_amo3, 63_lag_stratZ50ndj03, 64_lag_nppc2SSTjfm, 62_lag_64_median_nhSICsep, 62_lag_64_median_amoSSTjfm, 62_lag_64_median_scpPSLjfm, 63_lag_shSICmar, 62_lag_64_median_atlSICjfm, 62_lag_63_median_shSICmar, 62_lag_64_median_solFORC, 63_lag_shSICsep, 62_lag_64_median_shSICsep, 62_lag_64_median_naoPSLjfm, 62_lag_64_median_nppc2SSTjfm_418_62"
LinearRegression,58,30,nppc2SSTjfm,slow,924.5,2005.5,0.6,73,63,63,13.111557773640708,-0.0892741335273245,418,"['65_lag_nhSICsep', '64_lag_amo3', '65_lag_amoSSTjfm', '63_lag_64_median_naoPSLjfm', '63_lag_65_median_stratZ50ndj02', '63_lag_65_median_amoSSTmjjaso', '65_lag_scpPSLjfm', '64_lag_atlSICjfm', '65_lag_atlSICjfm', '63_lag_64_median_nppc2SSTjfm', '63_lag_64_median_shSICsep', '65_lag_solFORC', '65_lag_shSICsep', '63_lag_64_median_amoSSTjfm', '65_lag_naoPSLjfm', '63_lag_64_median_stratZ50ndj03', '63_lag_65_median_amo3', '64_lag_stratZ50ndj03', '65_lag_nppc2SSTjfm', '63_lag_65_median_nhSICsep', '63_lag_65_median_amoSSTjfm', '63_lag_65_median_scpPSLjfm', '64_lag_shSICmar', '63_lag_65_median_atlSICjfm', '63_lag_64_median_shSICmar', '63_lag_65_median_solFORC', '64_lag_shSICsep', '63_lag_65_median_shSICsep', '63_lag_65_median_naoPSLjfm', '63_lag_65_median_nppc2SSTjfm']","[0.02763176350317238, 0.3136611552077544, 1862647809362.2336, 102377990250.6147, 0.1143764043416643, 0.10455843574971238, 0.039966026104241034, 1808632255377.543, 1808632255377.7427, 7283784978074.698, 74421257037.18015, 1.2435627280479475, 18506220323.0101, 1862647809362.5762, 102377990250.53133, 209531604340.95306, 0.33551870772030296, 209531604340.94247, 7283784978074.849, 0.09060800723744539, 3725295618724.5396, 0.031123110588495893, 9346986905.159376, 3617264510755.0815, 9346986905.229357, 1.1554512358184685, 92927477360.23677, 37012440645.96654, 204755980501.13782, 14567569956149.4]","65_lag_nhSICsep, 64_lag_amo3, 65_lag_amoSSTjfm, 63_lag_64_median_naoPSLjfm, 63_lag_65_median_stratZ50ndj02, 63_lag_65_median_amoSSTmjjaso, 65_lag_scpPSLjfm, 64_lag_atlSICjfm, 65_lag_atlSICjfm, 63_lag_64_median_nppc2SSTjfm, 63_lag_64_median_shSICsep, 65_lag_solFORC, 65_lag_shSICsep, 63_lag_64_median_amoSSTjfm, 65_lag_naoPSLjfm, 63_lag_64_median_stratZ50ndj03, 63_lag_65_median_amo3, 64_lag_stratZ50ndj03, 65_lag_nppc2SSTjfm, 63_lag_65_median_nhSICsep, 63_lag_65_median_amoSSTjfm, 63_lag_65_median_scpPSLjfm, 64_lag_shSICmar, 63_lag_65_median_atlSICjfm, 63_lag_64_median_shSICmar, 63_lag_65_median_solFORC, 64_lag_shSICsep, 63_lag_65_median_shSICsep, 63_lag_65_median_naoPSLjfm, 63_lag_65_median_nppc2SSTjfm_418_63"
LinearRegression,59,30,nppc2SSTjfm,slow,925.5,2005.5,0.6,74,64,64,12.757979242106282,0.018484038332863828,418,"['66_lag_shSICsep', '65_lag_solFORC', '66_lag_nhSICsep', '64_lag_65_median_amoSSTjfm', '64_lag_65_median_stratZ50ndj01', '64_lag_65_median_shSICsep', '65_lag_amoSSTjfm', '66_lag_nhSICjfm', '64_lag_66_median_scpPSLjfm', '65_lag_AMOCann', '65_lag_shSICmar', '65_lag_amo3', '64_lag_66_median_stratZ50ndj02', '65_lag_naoPSLjfm', '66_lag_naoPSLjfm', '66_lag_shSICmar', '64_lag_65_median_stratZ50ndj02', '64_lag_65_median_solFORC', '64_lag_66_median_stratZ50ndj01', '66_lag_amo3', '66_lag_AMOCann', '64_lag_66_median_shSICsep', '64_lag_66_median_nhSICsep', '64_lag_66_median_nhSICjfm', '66_lag_solFORC', '64_lag_66_median_naoPSLjfm', '64_lag_66_median_shSICmar', '64_lag_66_median_amo3', '64_lag_66_median_AMOCann', '64_lag_66_median_solFORC']","[1828874780285.2021, 738928300209.9795, 0.01449455991217731, 41911275231.900475, 0.022308444859345064, 1828874780285.2893, 41911275231.98873, 0.11341145283746126, 0.006908500542661362, 2727107980791.1206, 492279513629.6075, 129756645415.29729, 0.10797274290952669, 566091717583.665, 566091717583.6847, 492279513629.62854, 0.05278634947438139, 690779061566.0101, 0.0015459060668945312, 129756645415.48697, 2727107980791.143, 3657749560570.3843, 0.14234161376953125, 0.09194564819335938, 1429707361777.2817, 1132183435167.3484, 984559027259.1418, 259513290830.7021, 5454215961582.278, 2859414723553.1763]","66_lag_shSICsep, 65_lag_solFORC, 66_lag_nhSICsep, 64_lag_65_median_amoSSTjfm, 64_lag_65_median_stratZ50ndj01, 64_lag_65_median_shSICsep, 65_lag_amoSSTjfm, 66_lag_nhSICjfm, 64_lag_66_median_scpPSLjfm, 65_lag_AMOCann, 65_lag_shSICmar, 65_lag_amo3, 64_lag_66_median_stratZ50ndj02, 65_lag_naoPSLjfm, 66_lag_naoPSLjfm, 66_lag_shSICmar, 64_lag_65_median_stratZ50ndj02, 64_lag_65_median_solFORC, 64_lag_66_median_stratZ50ndj01, 66_lag_amo3, 66_lag_AMOCann, 64_lag_66_median_shSICsep, 64_lag_66_median_nhSICsep, 64_lag_66_median_nhSICjfm, 66_lag_solFORC, 64_lag_66_median_naoPSLjfm, 64_lag_66_median_shSICmar, 64_lag_66_median_amo3, 64_lag_66_median_AMOCann, 64_lag_66_median_solFORC_418_64"
LinearRegression,60,30,nppc2SSTjfm,slow,926.5,2005.5,0.6,75,65,65,13.236610100223187,-0.06813997593038862,418,"['65_lag_67_median_nhSICjfm', '65_lag_67_median_nppc2SSTjfm', '65_lag_66_median_stratZ50ndj01', '65_lag_67_median_eapPSLjfm', '67_lag_nhSICsep', '67_lag_stratZ50ndj01', '66_lag_atlSICsep', '65_lag_67_median_stratZ50ndj02', '65_lag_67_median_amoSSTjfm', '65_lag_66_median_stratZ50ndj02', '66_lag_naoPSLjfm', '66_lag_amoSSTjfm', '65_lag_67_median_amoSSTmjjaso', '67_lag_amo3', '65_lag_67_median_stratZ50ndj03', '67_lag_atlSICsep', '67_lag_naoPSLjfm', '65_lag_66_median_shSICsep', '66_lag_shSICmar', '67_lag_solFORC', '67_lag_shSICmar', '67_lag_shSICsep', '65_lag_67_median_nhSICsep', '65_lag_67_median_stratZ50ndj01', '65_lag_67_median_amo3', '65_lag_67_median_atlSICsep', '65_lag_67_median_naoPSLjfm', '65_lag_67_median_solFORC', '65_lag_67_median_shSICmar', '65_lag_67_median_shSICsep']","[0.1973159496942133, 0.11367035743962087, 1454373558875.2876, 0.16009210702249982, 0.03269504920628139, 1454373558875.32, 6341628318140.958, 0.08588100988188102, 0.14234009709693293, 0.013131802210595026, 1505888110841.3975, 0.17601732651865806, 0.13124535828930256, 0.03162040842056969, 0.036685307139721776, 6341628318141.017, 1505888110841.3713, 3485632554736.7856, 1707562659275.6646, 1.1915305405742453, 1707562659275.7463, 3485632554736.7983, 0.21762693204113429, 2908747117750.575, 0.022850743407734516, 12683256636282.113, 3011776221682.797, 1.110951390704236, 3415125318551.2905, 6971265109473.454]","65_lag_67_median_nhSICjfm, 65_lag_67_median_nppc2SSTjfm, 65_lag_66_median_stratZ50ndj01, 65_lag_67_median_eapPSLjfm, 67_lag_nhSICsep, 67_lag_stratZ50ndj01, 66_lag_atlSICsep, 65_lag_67_median_stratZ50ndj02, 65_lag_67_median_amoSSTjfm, 65_lag_66_median_stratZ50ndj02, 66_lag_naoPSLjfm, 66_lag_amoSSTjfm, 65_lag_67_median_amoSSTmjjaso, 67_lag_amo3, 65_lag_67_median_stratZ50ndj03, 67_lag_atlSICsep, 67_lag_naoPSLjfm, 65_lag_66_median_shSICsep, 66_lag_shSICmar, 67_lag_solFORC, 67_lag_shSICmar, 67_lag_shSICsep, 65_lag_67_median_nhSICsep, 65_lag_67_median_stratZ50ndj01, 65_lag_67_median_amo3, 65_lag_67_median_atlSICsep, 65_lag_67_median_naoPSLjfm, 65_lag_67_median_solFORC, 65_lag_67_median_shSICmar, 65_lag_67_median_shSICsep_418_65"
LinearRegression,61,30,nppc2SSTjfm,slow,927.5,2005.5,0.6,76,66,66,13.253063375208248,-0.05514862552473401,418,"['66_lag_67_median_solFORC', '66_lag_67_median_amo1', '66_lag_68_median_stratZ50ndj02', '66_lag_67_median_amoSSTjfm', '66_lag_68_median_atlSICjfm', '67_lag_nhSICsep', '66_lag_68_median_amoSSTjfm', '66_lag_68_median_eurPSLjfm', '67_lag_amoSSTmjjaso', '66_lag_68_median_stratZ50ndj03', '66_lag_67_median_eurPSLjfm', '67_lag_stratZ50ndj04', '68_lag_atlSICsep', '68_lag_shSICsep', '66_lag_67_median_naoPSLjfm', '66_lag_68_median_amo3', '68_lag_shSICmar', '66_lag_68_median_stratZ50ndj04', '66_lag_68_median_eapPSLjfm', '67_lag_amoSSTjfm', '66_lag_68_median_nppc2SSTjfm', '66_lag_68_median_amoSSTmjjaso', '67_lag_nppc2SSTjfm', '66_lag_67_median_shSICsep', '67_lag_shSICmar', '67_lag_eapPSLjfm', '66_lag_68_median_atlSICsep', '66_lag_68_median_shSICsep', '66_lag_68_median_shSICmar', '66_lag_67_median_eapPSLjfm']","[0.06444445132142589, 0.24812237834497525, 0.01420790932328504, 24269802540.01739, 0.154093880801604, 0.013418194779328665, 0.36398595429835323, 0.04999053155814527, 0.015984440989624652, 0.010264694754215103, 0.03818256704273995, 0.08423376487101214, 0.018810963688243355, 463637748159.5573, 0.0037926449669645704, 0.13254998686867686, 71000145813.63368, 0.05134760804214276, 0.09952876987157887, 24269802539.894928, 0.15607879638476393, 0.2617282197345074, 0.040502396160937974, 463637748159.4141, 71000145813.67442, 5135947624.11425, 0.13309187353883978, 927275496318.7876, 142000291627.14197, 5135947624.114115]","66_lag_67_median_solFORC, 66_lag_67_median_amo1, 66_lag_68_median_stratZ50ndj02, 66_lag_67_median_amoSSTjfm, 66_lag_68_median_atlSICjfm, 67_lag_nhSICsep, 66_lag_68_median_amoSSTjfm, 66_lag_68_median_eurPSLjfm, 67_lag_amoSSTmjjaso, 66_lag_68_median_stratZ50ndj03, 66_lag_67_median_eurPSLjfm, 67_lag_stratZ50ndj04, 68_lag_atlSICsep, 68_lag_shSICsep, 66_lag_67_median_naoPSLjfm, 66_lag_68_median_amo3, 68_lag_shSICmar, 66_lag_68_median_stratZ50ndj04, 66_lag_68_median_eapPSLjfm, 67_lag_amoSSTjfm, 66_lag_68_median_nppc2SSTjfm, 66_lag_68_median_amoSSTmjjaso, 67_lag_nppc2SSTjfm, 66_lag_67_median_shSICsep, 67_lag_shSICmar, 67_lag_eapPSLjfm, 66_lag_68_median_atlSICsep, 66_lag_68_median_shSICsep, 66_lag_68_median_shSICmar, 66_lag_67_median_eapPSLjfm_418_66"
LinearRegression,62,30,nppc2SSTjfm,slow,928.5,2005.5,0.6,77,67,67,13.140921784441357,-0.07790281462060844,418,"['68_lag_shSICmar', '68_lag_solFORC', '68_lag_amoSSTjfm', '69_lag_amoSSTjfm', '68_lag_eurPSLjfm', '68_lag_atlSICsep', '67_lag_69_median_solFORC', '67_lag_69_median_nppc2SSTjfm', '67_lag_69_median_stratZ50ndj03', '69_lag_shSICsep', '69_lag_atlSICsep', '68_lag_naoPSLjfm', '67_lag_69_median_nhSICsep', '67_lag_68_median_nppc2SSTjfm', '67_lag_69_median_atlSICjfm', '67_lag_68_median_amo1', '67_lag_69_median_shSICmar', '67_lag_68_median_scpPSLjfm', '68_lag_scpPSLjfm', '69_lag_naoPSLjfm', '69_lag_eapPSLjfm', '67_lag_69_median_amoSSTjfm', '67_lag_68_median_eapPSLjfm', '68_lag_amo1', '68_lag_nppc2SSTjfm', '67_lag_68_median_shSICsep', '67_lag_69_median_shSICsep', '67_lag_69_median_atlSICsep', '67_lag_69_median_naoPSLjfm', '67_lag_69_median_eapPSLjfm']","[0.04259207333933752, 1.5506724018759561, 58295389043.05467, 58295389043.300545, 0.037167701118513946, 201588841803.66074, 1.6034638653434785, 0.04248886690156759, 0.0008831242213874955, 96231353082.57127, 201588841803.66144, 1862749658.8232877, 0.05310208665022229, 5321470651.302668, 0.04766220924234837, 1008947856.694475, 0.09351896376847058, 3674330335.5872803, 3674330335.5406547, 1862749658.8079777, 220694649893.95108, 116590778086.42442, 220694649893.94427, 1008947856.8394667, 5321470651.2065735, 96231353082.56026, 192462706164.9331, 403177683607.43884, 3725499317.5689664, 441389299788.0165]","68_lag_shSICmar, 68_lag_solFORC, 68_lag_amoSSTjfm, 69_lag_amoSSTjfm, 68_lag_eurPSLjfm, 68_lag_atlSICsep, 67_lag_69_median_solFORC, 67_lag_69_median_nppc2SSTjfm, 67_lag_69_median_stratZ50ndj03, 69_lag_shSICsep, 69_lag_atlSICsep, 68_lag_naoPSLjfm, 67_lag_69_median_nhSICsep, 67_lag_68_median_nppc2SSTjfm, 67_lag_69_median_atlSICjfm, 67_lag_68_median_amo1, 67_lag_69_median_shSICmar, 67_lag_68_median_scpPSLjfm, 68_lag_scpPSLjfm, 69_lag_naoPSLjfm, 69_lag_eapPSLjfm, 67_lag_69_median_amoSSTjfm, 67_lag_68_median_eapPSLjfm, 68_lag_amo1, 68_lag_nppc2SSTjfm, 67_lag_68_median_shSICsep, 67_lag_69_median_shSICsep, 67_lag_69_median_atlSICsep, 67_lag_69_median_naoPSLjfm, 67_lag_69_median_eapPSLjfm_418_67"
LinearRegression,63,30,nppc2SSTjfm,slow,929.5,2005.5,0.6,78,68,68,13.30741420889249,-0.1428231697893958,418,"['69_lag_shSICmar', '69_lag_solFORC', '69_lag_amoSSTjfm', '70_lag_amoSSTjfm', '69_lag_eurPSLjfm', '69_lag_atlSICsep', '68_lag_70_median_solFORC', '68_lag_70_median_nppc2SSTjfm', '68_lag_70_median_stratZ50ndj03', '70_lag_shSICsep', '70_lag_atlSICsep', '69_lag_naoPSLjfm', '68_lag_70_median_nhSICsep', '68_lag_69_median_nppc2SSTjfm', '68_lag_70_median_atlSICjfm', '68_lag_69_median_amo1', '68_lag_70_median_shSICmar', '68_lag_69_median_scpPSLjfm', '69_lag_scpPSLjfm', '70_lag_naoPSLjfm', '70_lag_eapPSLjfm', '68_lag_70_median_amoSSTjfm', '68_lag_69_median_eapPSLjfm', '69_lag_amo1', '69_lag_nppc2SSTjfm', '68_lag_69_median_shSICsep', '68_lag_70_median_shSICsep', '68_lag_70_median_atlSICsep', '68_lag_70_median_naoPSLjfm', '68_lag_70_median_eapPSLjfm']","[0.020043642340733445, 1.6463993514871165, 463004578880.0685, 463004578879.88885, 0.0341139417562671, 1601096730601.7493, 1.7049198355117523, 0.16667787995474587, 0.01463981709706263, 764306711736.5447, 1601096730601.71, 14794679913.505026, 0.15127704778007053, 42265182861.65021, 0.016548686979952036, 8013455012.577097, 0.07312037698883206, 29182955935.377796, 29182955935.386173, 14794679913.534008, 1752842465113.3862, 926009157759.927, 1752842465113.443, 8013455012.435992, 42265182861.799095, 764306711736.4589, 1528613423473.1833, 3202193461203.369, 29589359827.08398, 3505684930226.761]","69_lag_shSICmar, 69_lag_solFORC, 69_lag_amoSSTjfm, 70_lag_amoSSTjfm, 69_lag_eurPSLjfm, 69_lag_atlSICsep, 68_lag_70_median_solFORC, 68_lag_70_median_nppc2SSTjfm, 68_lag_70_median_stratZ50ndj03, 70_lag_shSICsep, 70_lag_atlSICsep, 69_lag_naoPSLjfm, 68_lag_70_median_nhSICsep, 68_lag_69_median_nppc2SSTjfm, 68_lag_70_median_atlSICjfm, 68_lag_69_median_amo1, 68_lag_70_median_shSICmar, 68_lag_69_median_scpPSLjfm, 69_lag_scpPSLjfm, 70_lag_naoPSLjfm, 70_lag_eapPSLjfm, 68_lag_70_median_amoSSTjfm, 68_lag_69_median_eapPSLjfm, 69_lag_amo1, 69_lag_nppc2SSTjfm, 68_lag_69_median_shSICsep, 68_lag_70_median_shSICsep, 68_lag_70_median_atlSICsep, 68_lag_70_median_naoPSLjfm, 68_lag_70_median_eapPSLjfm_418_68"
LinearRegression,64,30,nppc2SSTjfm,slow,930.5,2005.5,0.6,79,69,69,13.087928815328661,0.025447139981227326,418,"['69_lag_71_median_amo2', '69_lag_71_median_stratZ50ndj02', '69_lag_70_median_stratZ50ndj04', '69_lag_71_median_scpPSLjfm', '69_lag_71_median_eapPSLjfm', '70_lag_shSICmar', '71_lag_AMOCann', '71_lag_amo1', '70_lag_amo1', '71_lag_shSICsep', '71_lag_stratZ50ndj04', '71_lag_stratZ50ndj03', '71_lag_eurPSLjfm', '70_lag_nppc2SSTjfm', '69_lag_71_median_amoSSTmjjaso', '69_lag_70_median_nhSICjfm', '71_lag_solFORC', '69_lag_71_median_atlSICjfm', '70_lag_atlSICjfm', '71_lag_nppc2SSTjfm', '71_lag_nhSICjfm', '69_lag_71_median_AMOCann', '69_lag_71_median_amo1', '69_lag_71_median_shSICsep', '69_lag_71_median_stratZ50ndj04', '69_lag_71_median_stratZ50ndj03', '69_lag_71_median_eurPSLjfm', '69_lag_71_median_solFORC', '69_lag_71_median_nppc2SSTjfm', '69_lag_71_median_nhSICjfm']","[0.045207168077501116, 0.2266702921303521, 1130146010332.4814, 0.06815134875936404, 0.02787781268928011, 0.03793829694584228, 0.008502257018988865, 1116102842193.8335, 1116102842193.7766, 0.006883410469878266, 1130146010332.5479, 0.05051488644773402, 0.011629164217846608, 1350608733873.058, 0.045609472541929, 2384948738252.99, 1.3932931098305115, 0.1922961218227464, 0.010494609243606075, 1350608733872.9807, 2384948738253.2573, 0.050434684477516006, 2232205684387.5576, 0.08827978121895241, 2260292020665.164, 0.0307278520029244, 0.05248975897362271, 1.303219976375667, 2701217467746.2695, 4769897476506.599]","69_lag_71_median_amo2, 69_lag_71_median_stratZ50ndj02, 69_lag_70_median_stratZ50ndj04, 69_lag_71_median_scpPSLjfm, 69_lag_71_median_eapPSLjfm, 70_lag_shSICmar, 71_lag_AMOCann, 71_lag_amo1, 70_lag_amo1, 71_lag_shSICsep, 71_lag_stratZ50ndj04, 71_lag_stratZ50ndj03, 71_lag_eurPSLjfm, 70_lag_nppc2SSTjfm, 69_lag_71_median_amoSSTmjjaso, 69_lag_70_median_nhSICjfm, 71_lag_solFORC, 69_lag_71_median_atlSICjfm, 70_lag_atlSICjfm, 71_lag_nppc2SSTjfm, 71_lag_nhSICjfm, 69_lag_71_median_AMOCann, 69_lag_71_median_amo1, 69_lag_71_median_shSICsep, 69_lag_71_median_stratZ50ndj04, 69_lag_71_median_stratZ50ndj03, 69_lag_71_median_eurPSLjfm, 69_lag_71_median_solFORC, 69_lag_71_median_nppc2SSTjfm, 69_lag_71_median_nhSICjfm_418_69"
LinearRegression,65,30,nppc2SSTjfm,slow,931.5,2005.5,0.6,80,70,70,13.10454629960217,-0.055756760567479725,418,"['70_lag_72_median_amo1', '70_lag_71_median_solFORC', '70_lag_72_median_shSICsep', '70_lag_72_median_AMOCann', '70_lag_71_median_amo1', '71_lag_amoSSTjfm', '70_lag_71_median_stratZ50ndj04', '70_lag_71_median_nhSICjfm', '70_lag_72_median_amoSSTmjjaso', '70_lag_72_median_stratZ50ndj04', '72_lag_solFORC', '72_lag_stratZ50ndj02', '70_lag_72_median_eurPSLjfm', '70_lag_72_median_atlSICjfm', '71_lag_amo1', '70_lag_72_median_nhSICsep', '70_lag_72_median_stratZ50ndj03', '70_lag_72_median_amoSSTjfm', '70_lag_71_median_stratZ50ndj02', '70_lag_72_median_shSICmar', '70_lag_72_median_nhSICjfm', '70_lag_71_median_shSICmar', '71_lag_nppc2SSTjfm', '72_lag_nppc2SSTjfm', '70_lag_71_median_atlSICjfm', '70_lag_72_median_solFORC', '71_lag_shSICmar', '70_lag_72_median_stratZ50ndj02', '71_lag_atlSICjfm', '70_lag_72_median_nppc2SSTjfm']","[0.23176305290403382, 3070116028443.128, 0.1279552572108436, 0.027684957449165486, 265926426647.44925, 0.1965823804906775, 0.007397537954889337, 0.024855732322908244, 0.0853429925946194, 0.06599335572290063, 3070116028441.198, 239195634820.79807, 0.07588157799961846, 0.038403874219514585, 265926426647.32465, 0.11652252792100873, 0.07811248878156406, 0.236083984375, 239195634820.81097, 0.030792236328125, 0.17047882080078125, 221689887606.23004, 2555309946833.714, 2555309946833.624, 244328666203.86176, 6140232056884.407, 221689887606.2057, 478391269641.7995, 244328666203.78488, 5110619893667.086]","70_lag_72_median_amo1, 70_lag_71_median_solFORC, 70_lag_72_median_shSICsep, 70_lag_72_median_AMOCann, 70_lag_71_median_amo1, 71_lag_amoSSTjfm, 70_lag_71_median_stratZ50ndj04, 70_lag_71_median_nhSICjfm, 70_lag_72_median_amoSSTmjjaso, 70_lag_72_median_stratZ50ndj04, 72_lag_solFORC, 72_lag_stratZ50ndj02, 70_lag_72_median_eurPSLjfm, 70_lag_72_median_atlSICjfm, 71_lag_amo1, 70_lag_72_median_nhSICsep, 70_lag_72_median_stratZ50ndj03, 70_lag_72_median_amoSSTjfm, 70_lag_71_median_stratZ50ndj02, 70_lag_72_median_shSICmar, 70_lag_72_median_nhSICjfm, 70_lag_71_median_shSICmar, 71_lag_nppc2SSTjfm, 72_lag_nppc2SSTjfm, 70_lag_71_median_atlSICjfm, 70_lag_72_median_solFORC, 71_lag_shSICmar, 70_lag_72_median_stratZ50ndj02, 71_lag_atlSICjfm, 70_lag_72_median_nppc2SSTjfm_418_70"
LinearRegression,66,30,nppc2SSTjfm,slow,932.5,2005.5,0.6,81,71,71,13.07020000835546,-0.058252016960613134,418,"['71_lag_72_median_amo2', '71_lag_73_median_scpPSLjfm', '73_lag_shSICsep', '71_lag_73_median_nppc2SSTjfm', '71_lag_72_median_nppc2SSTjfm', '71_lag_73_median_nhSICsep', '71_lag_73_median_amo3', '71_lag_73_median_stratZ50ndj02', '71_lag_73_median_amo2', '71_lag_73_median_amo1', '73_lag_stratZ50ndj01', '73_lag_atlSICjfm', '71_lag_72_median_amo1', '72_lag_nhSICjfm', '71_lag_73_median_eurPSLjfm', '72_lag_nppc2SSTjfm', '73_lag_nhSICjfm', '71_lag_72_median_amo3', '71_lag_72_median_shSICsep', '71_lag_73_median_AMOCann', '72_lag_eapPSLjfm', '71_lag_73_median_shSICsep', '71_lag_72_median_atlSICsep', '71_lag_72_median_eapPSLjfm', '72_lag_atlSICjfm', '72_lag_amo3', '72_lag_atlSICsep', '71_lag_73_median_stratZ50ndj01', '71_lag_73_median_atlSICjfm', '71_lag_73_median_nhSICjfm']","[0.050293465282691956, 0.14419365361217928, 307388525820.3628, 0.26801937955480093, 98272325251.3715, 0.0926453914866983, 0.45859562737556364, 0.1375257249760592, 0.2243767686880082, 0.01498623565252237, 0.057693665453959785, 3253844757100.4673, 0.11921555571675818, 13873482773371.336, 0.01593300857450101, 98272325251.30385, 13873482773371.188, 240241274863.3396, 307388525820.4356, 0.008802046013792595, 252578549659.5809, 614777051640.8944, 11514085864.650997, 252578549659.56335, 3253844757100.363, 240241274863.5601, 11514085864.6908, 0.0790886077077593, 6507689514200.636, 27746965546742.74]","71_lag_72_median_amo2, 71_lag_73_median_scpPSLjfm, 73_lag_shSICsep, 71_lag_73_median_nppc2SSTjfm, 71_lag_72_median_nppc2SSTjfm, 71_lag_73_median_nhSICsep, 71_lag_73_median_amo3, 71_lag_73_median_stratZ50ndj02, 71_lag_73_median_amo2, 71_lag_73_median_amo1, 73_lag_stratZ50ndj01, 73_lag_atlSICjfm, 71_lag_72_median_amo1, 72_lag_nhSICjfm, 71_lag_73_median_eurPSLjfm, 72_lag_nppc2SSTjfm, 73_lag_nhSICjfm, 71_lag_72_median_amo3, 71_lag_72_median_shSICsep, 71_lag_73_median_AMOCann, 72_lag_eapPSLjfm, 71_lag_73_median_shSICsep, 71_lag_72_median_atlSICsep, 71_lag_72_median_eapPSLjfm, 72_lag_atlSICjfm, 72_lag_amo3, 72_lag_atlSICsep, 71_lag_73_median_stratZ50ndj01, 71_lag_73_median_atlSICjfm, 71_lag_73_median_nhSICjfm_418_71"
LinearRegression,67,30,nppc2SSTjfm,slow,933.5,2005.5,0.6,82,72,72,12.971905837992127,-0.06445417452304557,418,"['73_lag_amoSSTjfm', '73_lag_scpPSLjfm', '72_lag_74_median_stratZ50ndj03', '72_lag_73_median_nhSICjfm', '74_lag_AMOCann', '72_lag_74_median_eurPSLjfm', '72_lag_74_median_amo2', '73_lag_stratZ50ndj01', '73_lag_AMOCann', '74_lag_nhSICjfm', '72_lag_73_median_scpPSLjfm', '72_lag_74_median_amo1', '72_lag_73_median_atlSICjfm', '72_lag_74_median_eapPSLjfm', '72_lag_74_median_shSICsep', '74_lag_solFORC', '74_lag_atlSICjfm', '72_lag_74_median_nhSICsep', '74_lag_shSICmar', '73_lag_atlSICsep', '72_lag_74_median_stratZ50ndj01', '72_lag_74_median_amoSSTjfm', '72_lag_73_median_atlSICsep', '72_lag_74_median_AMOCann', '73_lag_nhSICjfm', '73_lag_shSICmar', '72_lag_74_median_nhSICjfm', '72_lag_74_median_solFORC', '72_lag_74_median_atlSICjfm', '72_lag_74_median_shSICmar']","[0.10146438068912517, 178748815934.34784, 0.03838621121604353, 4848692316117.436, 42895613596.54109, 0.050142703252722784, 0.6171518856368005, 0.009173524587873896, 42895613596.549706, 10907598902663.787, 178748815934.25436, 0.22697606824279587, 2697163982404.591, 0.0998227585957923, 0.09239957210258068, 1.3406936890738603, 2697163982404.701, 0.018154144287109375, 3622894900093.337, 139170180855.58533, 0.009185791015625, 0.68365478515625, 139170180855.60547, 85791227193.1143, 6058906586546.444, 3622894900093.303, 21815197805327.508, 1.2739944458007812, 5394327964809.392, 7245789800186.635]","73_lag_amoSSTjfm, 73_lag_scpPSLjfm, 72_lag_74_median_stratZ50ndj03, 72_lag_73_median_nhSICjfm, 74_lag_AMOCann, 72_lag_74_median_eurPSLjfm, 72_lag_74_median_amo2, 73_lag_stratZ50ndj01, 73_lag_AMOCann, 74_lag_nhSICjfm, 72_lag_73_median_scpPSLjfm, 72_lag_74_median_amo1, 72_lag_73_median_atlSICjfm, 72_lag_74_median_eapPSLjfm, 72_lag_74_median_shSICsep, 74_lag_solFORC, 74_lag_atlSICjfm, 72_lag_74_median_nhSICsep, 74_lag_shSICmar, 73_lag_atlSICsep, 72_lag_74_median_stratZ50ndj01, 72_lag_74_median_amoSSTjfm, 72_lag_73_median_atlSICsep, 72_lag_74_median_AMOCann, 73_lag_nhSICjfm, 73_lag_shSICmar, 72_lag_74_median_nhSICjfm, 72_lag_74_median_solFORC, 72_lag_74_median_atlSICjfm, 72_lag_74_median_shSICmar_418_72"
LinearRegression,68,30,nppc2SSTjfm,slow,934.5,2005.5,0.6,83,73,73,12.966400253768928,0.012395113134119715,418,"['73_lag_75_median_shSICsep', '73_lag_75_median_scpPSLjfm', '73_lag_75_median_amoSSTjfm', '74_lag_stratZ50ndj01', '75_lag_AMOCann', '73_lag_75_median_amo2', '74_lag_AMOCann', '74_lag_nppc2SSTjfm', '73_lag_75_median_stratZ50ndj04', '73_lag_74_median_scpPSLjfm', '73_lag_75_median_amo1', '75_lag_solFORC', '73_lag_75_median_stratZ50ndj01', '75_lag_shSICmar', '73_lag_74_median_atlSICjfm', '73_lag_75_median_nppc2SSTjfm', '73_lag_75_median_stratZ50ndj02', '75_lag_atlSICjfm', '74_lag_atlSICsep', '73_lag_75_median_eurPSLjfm', '73_lag_75_median_eapPSLjfm', '75_lag_nhSICjfm', '73_lag_74_median_atlSICsep', '73_lag_75_median_AMOCann', '74_lag_shSICmar', '74_lag_nhSICjfm', '73_lag_75_median_solFORC', '73_lag_75_median_shSICmar', '73_lag_75_median_atlSICjfm', '73_lag_75_median_nhSICjfm']","[0.04661192088590582, 0.05992681880858151, 0.6770883823119775, 0.0038664555843975147, 15254953247.117624, 0.5584055786553892, 15254953247.198702, 0.034051836806087615, 0.08879210719315113, 0.015128869833780348, 0.18159068209381626, 1.6805826402288668, 0.03497146460088276, 346082451172.6121, 356313020093.24945, 0.09976160056678125, 0.12333562510670279, 356313020093.29224, 60707380530.59036, 0.013064959025481746, 0.00703969204130187, 1028861165379.4546, 60707380530.63626, 30509906494.26972, 346082451172.479, 1028861165379.4591, 1.5838468272104902, 692164902345.0531, 712626040186.4105, 2057722330759.1033]","73_lag_75_median_shSICsep, 73_lag_75_median_scpPSLjfm, 73_lag_75_median_amoSSTjfm, 74_lag_stratZ50ndj01, 75_lag_AMOCann, 73_lag_75_median_amo2, 74_lag_AMOCann, 74_lag_nppc2SSTjfm, 73_lag_75_median_stratZ50ndj04, 73_lag_74_median_scpPSLjfm, 73_lag_75_median_amo1, 75_lag_solFORC, 73_lag_75_median_stratZ50ndj01, 75_lag_shSICmar, 73_lag_74_median_atlSICjfm, 73_lag_75_median_nppc2SSTjfm, 73_lag_75_median_stratZ50ndj02, 75_lag_atlSICjfm, 74_lag_atlSICsep, 73_lag_75_median_eurPSLjfm, 73_lag_75_median_eapPSLjfm, 75_lag_nhSICjfm, 73_lag_74_median_atlSICsep, 73_lag_75_median_AMOCann, 74_lag_shSICmar, 74_lag_nhSICjfm, 73_lag_75_median_solFORC, 73_lag_75_median_shSICmar, 73_lag_75_median_atlSICjfm, 73_lag_75_median_nhSICjfm_418_73"
LinearRegression,69,30,nppc2SSTjfm,slow,935.5,2005.5,0.6,84,74,74,13.302332218446248,-0.09840251232298301,418,"['76_lag_eapPSLjfm', '76_lag_shSICmar', '76_lag_eurPSLjfm', '75_lag_naoPSLjfm', '75_lag_nhSICsep', '74_lag_75_median_nhSICjfm', '75_lag_nhSICjfm', '74_lag_76_median_stratZ50ndj02', '74_lag_76_median_stratZ50ndj01', '74_lag_76_median_shSICsep', '76_lag_amo2', '74_lag_76_median_amoSSTjfm', '74_lag_76_median_amo3', '74_lag_76_median_scpPSLjfm', '76_lag_atlSICsep', '74_lag_75_median_solFORC', '76_lag_naoPSLjfm', '74_lag_76_median_eapPSLjfm', '74_lag_76_median_shSICmar', '76_lag_nhSICsep', '74_lag_76_median_eurPSLjfm', '75_lag_solFORC', '76_lag_nhSICjfm', '74_lag_76_median_amo2', '74_lag_76_median_atlSICsep', '74_lag_76_median_naoPSLjfm', '74_lag_76_median_nhSICsep', '76_lag_solFORC', '74_lag_76_median_nhSICjfm', '74_lag_76_median_solFORC']","[0.11185403813382569, 0.031964025912206706, 0.012185785268395333, 638603011407.1101, 622116131122.7911, 553418507603.9517, 441049762617.2877, 0.18501743877835308, 0.011473496465788432, 0.05048637217745735, 0.005824856858320253, 0.03860628535466408, 0.11740155612554515, 0.014567126119567118, 0.03069383361874088, 848309878870.0333, 638603011407.1041, 0.06234858922909681, 0.10376235354540124, 622116131122.6528, 0.006741979369935273, 942288342146.0105, 994468270221.3063, 0.31645186031157424, 0.13226280560297138, 1277206022814.218, 1244232262245.539, 1790598221014.5894, 1988936540442.492, 3581196442030.757]","76_lag_eapPSLjfm, 76_lag_shSICmar, 76_lag_eurPSLjfm, 75_lag_naoPSLjfm, 75_lag_nhSICsep, 74_lag_75_median_nhSICjfm, 75_lag_nhSICjfm, 74_lag_76_median_stratZ50ndj02, 74_lag_76_median_stratZ50ndj01, 74_lag_76_median_shSICsep, 76_lag_amo2, 74_lag_76_median_amoSSTjfm, 74_lag_76_median_amo3, 74_lag_76_median_scpPSLjfm, 76_lag_atlSICsep, 74_lag_75_median_solFORC, 76_lag_naoPSLjfm, 74_lag_76_median_eapPSLjfm, 74_lag_76_median_shSICmar, 76_lag_nhSICsep, 74_lag_76_median_eurPSLjfm, 75_lag_solFORC, 76_lag_nhSICjfm, 74_lag_76_median_amo2, 74_lag_76_median_atlSICsep, 74_lag_76_median_naoPSLjfm, 74_lag_76_median_nhSICsep, 76_lag_solFORC, 74_lag_76_median_nhSICjfm, 74_lag_76_median_solFORC_418_74"
LinearRegression,70,30,nppc2SSTjfm,slow,936.5,2005.5,0.6,85,75,75,13.341855216904126,-0.12599892360478662,418,"['77_lag_nhSICjfm', '75_lag_77_median_scpPSLjfm', '76_lag_nhSICsep', '75_lag_76_median_naoPSLjfm', '76_lag_stratZ50ndj03', '75_lag_76_median_stratZ50ndj03', '77_lag_nppc2SSTjfm', '75_lag_77_median_solFORC', '76_lag_atlSICjfm', '75_lag_77_median_stratZ50ndj01', '75_lag_77_median_amoSSTjfm', '77_lag_shSICsep', '75_lag_76_median_nhSICsep', '75_lag_76_median_nhSICjfm', '75_lag_76_median_atlSICjfm', '75_lag_76_median_shSICmar', '77_lag_stratZ50ndj02', '76_lag_atlSICsep', '75_lag_76_median_stratZ50ndj02', '76_lag_solFORC', '76_lag_shSICsep', '75_lag_77_median_eurPSLjfm', '75_lag_77_median_atlSICsep', '75_lag_77_median_amo3', '75_lag_77_median_shSICmar', '75_lag_77_median_nhSICjfm', '75_lag_76_median_solFORC', '75_lag_77_median_nppc2SSTjfm', '75_lag_77_median_shSICsep', '75_lag_77_median_stratZ50ndj02']","[8321062167390.893, 0.025390625, 308851501296.0524, 0.010563380320144734, 298344090765.4805, 298344090765.484, 0.026472614568886114, 1.5769323317721813, 1604787576020.7776, 0.057428209407928026, 0.3111292674981973, 4322232595077.263, 308851501296.143, 8321062167390.927, 1604787576020.774, 0.009915443305029935, 3891746938604.6562, 0.0416259765625, 3891746938604.6255, 17338650881.72296, 4322232595077.2764, 0.087158203125, 0.010009765625, 0.140625, 0.153564453125, 16642124334781.87, 17338650883.15692, 0.02685546875, 8644465190154.45, 7783493877209.394]","77_lag_nhSICjfm, 75_lag_77_median_scpPSLjfm, 76_lag_nhSICsep, 75_lag_76_median_naoPSLjfm, 76_lag_stratZ50ndj03, 75_lag_76_median_stratZ50ndj03, 77_lag_nppc2SSTjfm, 75_lag_77_median_solFORC, 76_lag_atlSICjfm, 75_lag_77_median_stratZ50ndj01, 75_lag_77_median_amoSSTjfm, 77_lag_shSICsep, 75_lag_76_median_nhSICsep, 75_lag_76_median_nhSICjfm, 75_lag_76_median_atlSICjfm, 75_lag_76_median_shSICmar, 77_lag_stratZ50ndj02, 76_lag_atlSICsep, 75_lag_76_median_stratZ50ndj02, 76_lag_solFORC, 76_lag_shSICsep, 75_lag_77_median_eurPSLjfm, 75_lag_77_median_atlSICsep, 75_lag_77_median_amo3, 75_lag_77_median_shSICmar, 75_lag_77_median_nhSICjfm, 75_lag_76_median_solFORC, 75_lag_77_median_nppc2SSTjfm, 75_lag_77_median_shSICsep, 75_lag_77_median_stratZ50ndj02_418_75"
LinearRegression,71,30,nppc2SSTjfm,slow,937.5,2005.5,0.6,86,76,76,13.50911486837748,-0.10165895986280572,418,"['76_lag_77_median_eapPSLjfm', '76_lag_77_median_naoPSLjfm', '76_lag_78_median_amo3', '76_lag_78_median_AMOCann', '77_lag_stratZ50ndj01', '76_lag_77_median_amoSSTjfm', '76_lag_78_median_naoPSLjfm', '76_lag_78_median_eurPSLjfm', '76_lag_77_median_stratZ50ndj02', '77_lag_scpPSLjfm', '77_lag_eapPSLjfm', '78_lag_shSICmar', '76_lag_77_median_atlSICjfm', '78_lag_stratZ50ndj02', '76_lag_78_median_atlSICjfm', '78_lag_stratZ50ndj01', '77_lag_amoSSTjfm', '77_lag_shSICmar', '77_lag_nhSICjfm', '76_lag_78_median_nhSICjfm', '78_lag_scpPSLjfm', '77_lag_atlSICjfm', '76_lag_78_median_shSICmar', '76_lag_78_median_stratZ50ndj02', '78_lag_nppc2SSTjfm', '76_lag_78_median_stratZ50ndj01', '76_lag_77_median_shSICmar', '77_lag_nppc2SSTjfm', '76_lag_78_median_scpPSLjfm', '76_lag_78_median_nppc2SSTjfm']","[0.009412805097290856, 0.18513981861332787, 0.10310718447758359, 0.12568181534222253, 96294503429.9283, 1931944325393.6697, 0.3641898219035952, 0.11445777438893197, 13262145776434.363, 262427873938.87363, 0.011203636821163862, 7622085458412.147, 667286914236.7069, 13262145776434.35, 0.10919512971384975, 96294503429.96033, 1931944325393.8936, 4176496779319.0137, 0.10120268910218247, 0.09763747925625621, 262427873938.84354, 667286914236.6136, 15244170916824.287, 26524291552868.67, 13828661446685.158, 192589006859.72363, 3445588679093.043, 13828661446685.203, 524855747877.63135, 27657322893370.453]","76_lag_77_median_eapPSLjfm, 76_lag_77_median_naoPSLjfm, 76_lag_78_median_amo3, 76_lag_78_median_AMOCann, 77_lag_stratZ50ndj01, 76_lag_77_median_amoSSTjfm, 76_lag_78_median_naoPSLjfm, 76_lag_78_median_eurPSLjfm, 76_lag_77_median_stratZ50ndj02, 77_lag_scpPSLjfm, 77_lag_eapPSLjfm, 78_lag_shSICmar, 76_lag_77_median_atlSICjfm, 78_lag_stratZ50ndj02, 76_lag_78_median_atlSICjfm, 78_lag_stratZ50ndj01, 77_lag_amoSSTjfm, 77_lag_shSICmar, 77_lag_nhSICjfm, 76_lag_78_median_nhSICjfm, 78_lag_scpPSLjfm, 77_lag_atlSICjfm, 76_lag_78_median_shSICmar, 76_lag_78_median_stratZ50ndj02, 78_lag_nppc2SSTjfm, 76_lag_78_median_stratZ50ndj01, 76_lag_77_median_shSICmar, 77_lag_nppc2SSTjfm, 76_lag_78_median_scpPSLjfm, 76_lag_78_median_nppc2SSTjfm_418_76"
LinearRegression,72,30,nppc2SSTjfm,slow,938.5,2005.5,0.6,87,77,77,13.249475105594875,-0.0056503889667597965,418,"['77_lag_79_median_atlSICjfm', '77_lag_78_median_shSICmar', '77_lag_78_median_amoSSTmjjaso', '77_lag_78_median_stratZ50ndj03', '77_lag_79_median_scpPSLjfm', '78_lag_nppc2SSTjfm', '77_lag_79_median_nppc2SSTjfm', '79_lag_stratZ50ndj01', '78_lag_nhSICjfm', '79_lag_eapPSLjfm', '79_lag_shSICsep', '78_lag_amoSSTjfm', '77_lag_79_median_nhSICjfm', '78_lag_amoSSTmjjaso', '78_lag_stratZ50ndj04', '77_lag_79_median_stratZ50ndj04', '78_lag_solFORC', '78_lag_naoPSLjfm', '77_lag_78_median_stratZ50ndj01', '77_lag_78_median_shSICsep', '78_lag_amo2', '79_lag_amoSSTjfm', '77_lag_79_median_naoPSLjfm', '79_lag_solFORC', '77_lag_78_median_amo2', '77_lag_79_median_stratZ50ndj01', '77_lag_79_median_eapPSLjfm', '77_lag_79_median_shSICsep', '77_lag_79_median_amoSSTjfm', '77_lag_79_median_solFORC']","[0.08757997379818394, 0.04705254792639367, 0.03288195051992963, 0.09163480980491615, 0.07763598279183032, 0.062087840651753254, 0.022459752869836255, 0.030814464412455254, 0.009732254057138056, 0.018198126050438936, 0.08133029315680726, 0.0017207884269119914, 0.06155596519909157, 0.032881950519930106, 0.07155548903707003, 0.20279932490472996, 0.5211037546981538, 0.143627897291173, 0.10519575983567003, 0.07011983590602154, 0.09831075031585061, 0.0460246632687634, 0.08553000127611579, 0.6104660693989602, 0.098310750315851, 0.03719064771160728, 0.08672635359917516, 0.005605228625392721, 0.022151937420925583, 0.04468115735040302]","77_lag_79_median_atlSICjfm, 77_lag_78_median_shSICmar, 77_lag_78_median_amoSSTmjjaso, 77_lag_78_median_stratZ50ndj03, 77_lag_79_median_scpPSLjfm, 78_lag_nppc2SSTjfm, 77_lag_79_median_nppc2SSTjfm, 79_lag_stratZ50ndj01, 78_lag_nhSICjfm, 79_lag_eapPSLjfm, 79_lag_shSICsep, 78_lag_amoSSTjfm, 77_lag_79_median_nhSICjfm, 78_lag_amoSSTmjjaso, 78_lag_stratZ50ndj04, 77_lag_79_median_stratZ50ndj04, 78_lag_solFORC, 78_lag_naoPSLjfm, 77_lag_78_median_stratZ50ndj01, 77_lag_78_median_shSICsep, 78_lag_amo2, 79_lag_amoSSTjfm, 77_lag_79_median_naoPSLjfm, 79_lag_solFORC, 77_lag_78_median_amo2, 77_lag_79_median_stratZ50ndj01, 77_lag_79_median_eapPSLjfm, 77_lag_79_median_shSICsep, 77_lag_79_median_amoSSTjfm, 77_lag_79_median_solFORC_418_77"
LinearRegression,73,30,nppc2SSTjfm,slow,939.5,2005.5,0.6,88,78,78,12.73090258369078,0.06863188593597272,418,"['78_lag_80_median_atlSICjfm', '78_lag_79_median_shSICmar', '78_lag_79_median_amoSSTmjjaso', '78_lag_79_median_stratZ50ndj03', '78_lag_80_median_scpPSLjfm', '79_lag_nppc2SSTjfm', '78_lag_80_median_nppc2SSTjfm', '80_lag_stratZ50ndj01', '79_lag_nhSICjfm', '80_lag_eapPSLjfm', '80_lag_shSICsep', '79_lag_amoSSTjfm', '78_lag_80_median_nhSICjfm', '79_lag_amoSSTmjjaso', '79_lag_stratZ50ndj04', '78_lag_80_median_stratZ50ndj04', '79_lag_solFORC', '79_lag_naoPSLjfm', '78_lag_79_median_stratZ50ndj01', '78_lag_79_median_shSICsep', '79_lag_amo2', '80_lag_amoSSTjfm', '78_lag_80_median_naoPSLjfm', '80_lag_solFORC', '78_lag_79_median_amo2', '78_lag_80_median_stratZ50ndj01', '78_lag_80_median_eapPSLjfm', '78_lag_80_median_shSICsep', '78_lag_80_median_amoSSTjfm', '78_lag_80_median_solFORC']","[0.09788984089526308, 0.011258610278459744, 0.014004652812221423, 0.05999474213217733, 0.15962073041691482, 0.010259943262221643, 0.0254902137090313, 0.04330170657241606, 0.15553055213236297, 0.009098716167026247, 0.0015812055825339855, 0.07786556559804626, 0.10208014807240595, 0.014004652812221685, 0.008563021294571227, 0.13230201348352436, 0.44950155983189394, 0.0313831927564563, 0.005289286816818187, 0.03547142977641569, 0.017595291058906514, 0.0994021373978412, 0.02136169444466319, 0.5364696350371889, 0.017595291058906316, 0.019006209877799086, 0.009082947115911002, 0.01852631767947479, 0.08863385149794367, 0.04348403760264716]","78_lag_80_median_atlSICjfm, 78_lag_79_median_shSICmar, 78_lag_79_median_amoSSTmjjaso, 78_lag_79_median_stratZ50ndj03, 78_lag_80_median_scpPSLjfm, 79_lag_nppc2SSTjfm, 78_lag_80_median_nppc2SSTjfm, 80_lag_stratZ50ndj01, 79_lag_nhSICjfm, 80_lag_eapPSLjfm, 80_lag_shSICsep, 79_lag_amoSSTjfm, 78_lag_80_median_nhSICjfm, 79_lag_amoSSTmjjaso, 79_lag_stratZ50ndj04, 78_lag_80_median_stratZ50ndj04, 79_lag_solFORC, 79_lag_naoPSLjfm, 78_lag_79_median_stratZ50ndj01, 78_lag_79_median_shSICsep, 79_lag_amo2, 80_lag_amoSSTjfm, 78_lag_80_median_naoPSLjfm, 80_lag_solFORC, 78_lag_79_median_amo2, 78_lag_80_median_stratZ50ndj01, 78_lag_80_median_eapPSLjfm, 78_lag_80_median_shSICsep, 78_lag_80_median_amoSSTjfm, 78_lag_80_median_solFORC_418_78"
LinearRegression,74,30,nppc2SSTjfm,slow,940.5,2005.5,0.6,89,79,79,12.978722275258,0.05246113879242792,418,"['79_lag_80_median_atlSICsep', '79_lag_81_median_nhSICsep', '80_lag_nppc2SSTjfm', '80_lag_amo3', '80_lag_amo2', '80_lag_solFORC', '81_lag_AMOCann', '80_lag_nhSICjfm', '81_lag_scpPSLjfm', '79_lag_80_median_amo1', '81_lag_atlSICsep', '81_lag_nhSICjfm', '79_lag_80_median_AMOCann', '79_lag_81_median_eurPSLjfm', '79_lag_80_median_stratZ50ndj04', '79_lag_80_median_amoSSTmjjaso', '80_lag_amoSSTmjjaso', '80_lag_amo1', '79_lag_81_median_shSICsep', '81_lag_stratZ50ndj04', '79_lag_80_median_atlSICjfm', '80_lag_atlSICsep', '79_lag_81_median_AMOCann', '80_lag_atlSICjfm', '79_lag_81_median_scpPSLjfm', '79_lag_80_median_eapPSLjfm', '79_lag_81_median_atlSICsep', '80_lag_eapPSLjfm', '79_lag_81_median_nhSICjfm', '79_lag_81_median_stratZ50ndj04']","[26608469640.337505, 0.18060684204101562, 0.0034446632687538496, 0.035851587198241344, 0.05553031937682573, 0.113574292536045, 216802239712.62387, 237242902712.56384, 0.029333011948105604, 16351531529.983929, 107684284366.24486, 237242902712.48425, 216802239712.55408, 0.1682806745954795, 339774108127.5877, 16266975468.621033, 16266975468.48341, 16351531529.821905, 0.0691995620727539, 339774108127.5354, 27443563953.846237, 81075814725.8963, 433604479425.33997, 27443563953.825935, 0.13186895847320557, 46486655673.94765, 215368568732.6488, 46486655673.92978, 474485805424.9546, 679548216255.0435]","79_lag_80_median_atlSICsep, 79_lag_81_median_nhSICsep, 80_lag_nppc2SSTjfm, 80_lag_amo3, 80_lag_amo2, 80_lag_solFORC, 81_lag_AMOCann, 80_lag_nhSICjfm, 81_lag_scpPSLjfm, 79_lag_80_median_amo1, 81_lag_atlSICsep, 81_lag_nhSICjfm, 79_lag_80_median_AMOCann, 79_lag_81_median_eurPSLjfm, 79_lag_80_median_stratZ50ndj04, 79_lag_80_median_amoSSTmjjaso, 80_lag_amoSSTmjjaso, 80_lag_amo1, 79_lag_81_median_shSICsep, 81_lag_stratZ50ndj04, 79_lag_80_median_atlSICjfm, 80_lag_atlSICsep, 79_lag_81_median_AMOCann, 80_lag_atlSICjfm, 79_lag_81_median_scpPSLjfm, 79_lag_80_median_eapPSLjfm, 79_lag_81_median_atlSICsep, 80_lag_eapPSLjfm, 79_lag_81_median_nhSICjfm, 79_lag_81_median_stratZ50ndj04_418_79"
LinearRegression,75,30,nppc2SSTjfm,slow,941.5,2005.5,0.6,90,80,80,13.094603379722773,0.024019273556323655,418,"['80_lag_81_median_atlSICsep', '80_lag_82_median_nhSICsep', '81_lag_nppc2SSTjfm', '81_lag_amo3', '81_lag_amo2', '81_lag_solFORC', '82_lag_AMOCann', '81_lag_nhSICjfm', '82_lag_scpPSLjfm', '80_lag_81_median_amo1', '82_lag_atlSICsep', '82_lag_nhSICjfm', '80_lag_81_median_AMOCann', '80_lag_82_median_eurPSLjfm', '80_lag_81_median_stratZ50ndj04', '80_lag_81_median_amoSSTmjjaso', '81_lag_amoSSTmjjaso', '81_lag_amo1', '80_lag_82_median_shSICsep', '82_lag_stratZ50ndj04', '80_lag_81_median_atlSICjfm', '81_lag_atlSICsep', '80_lag_82_median_AMOCann', '81_lag_atlSICjfm', '80_lag_82_median_scpPSLjfm', '80_lag_81_median_eapPSLjfm', '80_lag_82_median_atlSICsep', '81_lag_eapPSLjfm', '80_lag_82_median_nhSICjfm', '80_lag_82_median_stratZ50ndj04']","[532407138809.1401, 0.1552734375, 0.0023781305832225605, 0.011420291045955695, 0.010297485312801084, 0.1110446958688382, 4337981916768.8354, 4746977813571.69, 0.07591173662894284, 327176731117.8505, 2154647843677.0984, 4746977813571.67, 4337981916768.8066, 0.11123309075286658, 6798518035593.74, 325484854384.542, 325484854384.4519, 327176731117.6998, 0.05484771728515625, 6798518035593.67, 549116486625.03796, 1622240704867.937, 8675963833537.786, 549116486624.89874, 0.17803382873535156, 930148470568.8412, 4309295687354.2256, 930148470568.778, 9493955627143.162, 13597036071187.469]","80_lag_81_median_atlSICsep, 80_lag_82_median_nhSICsep, 81_lag_nppc2SSTjfm, 81_lag_amo3, 81_lag_amo2, 81_lag_solFORC, 82_lag_AMOCann, 81_lag_nhSICjfm, 82_lag_scpPSLjfm, 80_lag_81_median_amo1, 82_lag_atlSICsep, 82_lag_nhSICjfm, 80_lag_81_median_AMOCann, 80_lag_82_median_eurPSLjfm, 80_lag_81_median_stratZ50ndj04, 80_lag_81_median_amoSSTmjjaso, 81_lag_amoSSTmjjaso, 81_lag_amo1, 80_lag_82_median_shSICsep, 82_lag_stratZ50ndj04, 80_lag_81_median_atlSICjfm, 81_lag_atlSICsep, 80_lag_82_median_AMOCann, 81_lag_atlSICjfm, 80_lag_82_median_scpPSLjfm, 80_lag_81_median_eapPSLjfm, 80_lag_82_median_atlSICsep, 81_lag_eapPSLjfm, 80_lag_82_median_nhSICjfm, 80_lag_82_median_stratZ50ndj04_418_80"
LinearRegression,76,30,nppc2SSTjfm,slow,942.5,2005.5,0.6,91,81,81,12.74258269779911,0.02812655131670192,418,"['81_lag_83_median_amo1', '83_lag_amoSSTmjjaso', '81_lag_83_median_shSICmar', '81_lag_83_median_eapPSLjfm', '82_lag_AMOCann', '81_lag_83_median_stratZ50ndj02', '81_lag_82_median_stratZ50ndj02', '81_lag_82_median_shSICsep', '81_lag_82_median_nhSICjfm', '81_lag_82_median_shSICmar', '83_lag_nppc2SSTjfm', '81_lag_82_median_AMOCann', '83_lag_amo3', '82_lag_amo1', '81_lag_83_median_shSICsep', '82_lag_scpPSLjfm', '81_lag_83_median_atlSICjfm', '82_lag_shSICmar', '82_lag_stratZ50ndj02', '81_lag_83_median_amoSSTmjjaso', '81_lag_82_median_amo1', '83_lag_scpPSLjfm', '83_lag_nhSICjfm', '82_lag_amo3', '81_lag_82_median_nppc2SSTjfm', '81_lag_83_median_nppc2SSTjfm', '81_lag_83_median_amo3', '82_lag_nppc2SSTjfm', '81_lag_83_median_scpPSLjfm', '81_lag_83_median_nhSICjfm']","[0.08531170299438325, 0.04095346859434134, 0.011060847722713407, 0.0017896309146394093, 20675497988.71599, 0.007675393230616927, 8962982743.691889, 0.03993874450810731, 1784152430828.3262, 21558223628.597713, 2084802840436.404, 20675497988.628204, 732718007479.8965, 41254376895.91299, 0.12384170140434944, 592571835057.6849, 0.061237940403998624, 21558223628.581394, 8962982743.693901, 0.087486285413066, 41254376896.00864, 592571835057.6847, 1784152430828.327, 732718007479.9841, 1256052024269.6697, 4169605680872.929, 1465436014959.9106, 828750816166.8014, 1185143670115.2715, 3568304861656.7075]","81_lag_83_median_amo1, 83_lag_amoSSTmjjaso, 81_lag_83_median_shSICmar, 81_lag_83_median_eapPSLjfm, 82_lag_AMOCann, 81_lag_83_median_stratZ50ndj02, 81_lag_82_median_stratZ50ndj02, 81_lag_82_median_shSICsep, 81_lag_82_median_nhSICjfm, 81_lag_82_median_shSICmar, 83_lag_nppc2SSTjfm, 81_lag_82_median_AMOCann, 83_lag_amo3, 82_lag_amo1, 81_lag_83_median_shSICsep, 82_lag_scpPSLjfm, 81_lag_83_median_atlSICjfm, 82_lag_shSICmar, 82_lag_stratZ50ndj02, 81_lag_83_median_amoSSTmjjaso, 81_lag_82_median_amo1, 83_lag_scpPSLjfm, 83_lag_nhSICjfm, 82_lag_amo3, 81_lag_82_median_nppc2SSTjfm, 81_lag_83_median_nppc2SSTjfm, 81_lag_83_median_amo3, 82_lag_nppc2SSTjfm, 81_lag_83_median_scpPSLjfm, 81_lag_83_median_nhSICjfm_418_81"
LinearRegression,77,30,nppc2SSTjfm,slow,943.5,2005.5,0.6,92,82,82,13.0519464551042,-0.0671863979539273,418,"['84_lag_amo3', '82_lag_84_median_atlSICjfm', '82_lag_84_median_stratZ50ndj03', '82_lag_84_median_scpPSLjfm', '84_lag_naoPSLjfm', '82_lag_84_median_amo1', '84_lag_atlSICsep', '84_lag_nhSICsep', '82_lag_83_median_naoPSLjfm', '82_lag_84_median_shSICmar', '82_lag_83_median_atlSICsep', '82_lag_83_median_shSICmar', '82_lag_84_median_amo2', '82_lag_83_median_nppc2SSTjfm', '82_lag_84_median_AMOCann', '83_lag_eapPSLjfm', '82_lag_83_median_stratZ50ndj02', '83_lag_solFORC', '84_lag_stratZ50ndj02', '84_lag_solFORC', '84_lag_nppc2SSTjfm', '82_lag_83_median_eapPSLjfm', '82_lag_84_median_amo3', '82_lag_84_median_naoPSLjfm', '82_lag_84_median_atlSICsep', '83_lag_naoPSLjfm', '82_lag_84_median_nhSICsep', '82_lag_84_median_stratZ50ndj02', '82_lag_84_median_solFORC', '82_lag_84_median_nppc2SSTjfm']","[0.07252040433928272, 0.022720447054349786, 0.005222856110669288, 0.043486021007948225, 129849493365.34154, 0.08231265878116813, 895404035894.6504, 0.015949280685408258, 164332066842.7904, 0.05718845760088243, 895404035894.6533, 0.0202845509218512, 0.1546572782751795, 780939178786.0531, 0.049098789083665884, 103180330348.79523, 3996735753337.0386, 1059090843606.2877, 3996735753337.046, 1059090843605.5714, 780939178786.0878, 103180330348.83603, 0.08310424331215724, 259698986730.64062, 1790808071789.2742, 34482573477.42801, 0.030131013284733155, 7993471506674.053, 2118181687212.0, 1561878357572.2612]","84_lag_amo3, 82_lag_84_median_atlSICjfm, 82_lag_84_median_stratZ50ndj03, 82_lag_84_median_scpPSLjfm, 84_lag_naoPSLjfm, 82_lag_84_median_amo1, 84_lag_atlSICsep, 84_lag_nhSICsep, 82_lag_83_median_naoPSLjfm, 82_lag_84_median_shSICmar, 82_lag_83_median_atlSICsep, 82_lag_83_median_shSICmar, 82_lag_84_median_amo2, 82_lag_83_median_nppc2SSTjfm, 82_lag_84_median_AMOCann, 83_lag_eapPSLjfm, 82_lag_83_median_stratZ50ndj02, 83_lag_solFORC, 84_lag_stratZ50ndj02, 84_lag_solFORC, 84_lag_nppc2SSTjfm, 82_lag_83_median_eapPSLjfm, 82_lag_84_median_amo3, 82_lag_84_median_naoPSLjfm, 82_lag_84_median_atlSICsep, 83_lag_naoPSLjfm, 82_lag_84_median_nhSICsep, 82_lag_84_median_stratZ50ndj02, 82_lag_84_median_solFORC, 82_lag_84_median_nppc2SSTjfm_418_82"
LinearRegression,78,30,nppc2SSTjfm,slow,944.5,2005.5,0.6,93,83,83,12.894320655679351,-0.025975996701976332,418,"['83_lag_85_median_scpPSLjfm', '83_lag_84_median_stratZ50ndj02', '84_lag_shSICmar', '83_lag_84_median_stratZ50ndj03', '83_lag_85_median_stratZ50ndj03', '83_lag_85_median_stratZ50ndj01', '83_lag_85_median_shSICsep', '83_lag_85_median_amo1', '85_lag_naoPSLjfm', '83_lag_84_median_nppc2SSTjfm', '83_lag_85_median_atlSICsep', '83_lag_84_median_atlSICsep', '83_lag_85_median_stratZ50ndj04', '83_lag_84_median_shSICmar', '85_lag_nhSICjfm', '83_lag_84_median_naoPSLjfm', '85_lag_amo3', '83_lag_84_median_nhSICjfm', '85_lag_nppc2SSTjfm', '83_lag_84_median_eapPSLjfm', '84_lag_eapPSLjfm', '83_lag_85_median_AMOCann', '84_lag_solFORC', '85_lag_solFORC', '83_lag_85_median_naoPSLjfm', '84_lag_naoPSLjfm', '83_lag_85_median_nhSICjfm', '83_lag_85_median_amo3', '83_lag_85_median_nppc2SSTjfm', '83_lag_85_median_solFORC']","[0.02032964776856213, 0.01431127238044327, 114013671764.57127, 0.03394860511966927, 0.0870768022615299, 0.04560937489526174, 0.0499606634348894, 0.04423207063909819, 90736311228.43927, 1090045365647.9136, 0.135214936265412, 0.06714753495641397, 0.15945787251136478, 114013671764.59058, 2560306612328.9204, 455492390264.2649, 0.15712950312482177, 2560306612328.9116, 1090045365647.7856, 77720840885.75925, 77720840885.82112, 0.00785069686693456, 360621096665.3976, 360621096666.027, 181472622456.80344, 364756079035.8698, 5120613224657.94, 0.1455241865444315, 2180090731295.6238, 721242193331.3053]","83_lag_85_median_scpPSLjfm, 83_lag_84_median_stratZ50ndj02, 84_lag_shSICmar, 83_lag_84_median_stratZ50ndj03, 83_lag_85_median_stratZ50ndj03, 83_lag_85_median_stratZ50ndj01, 83_lag_85_median_shSICsep, 83_lag_85_median_amo1, 85_lag_naoPSLjfm, 83_lag_84_median_nppc2SSTjfm, 83_lag_85_median_atlSICsep, 83_lag_84_median_atlSICsep, 83_lag_85_median_stratZ50ndj04, 83_lag_84_median_shSICmar, 85_lag_nhSICjfm, 83_lag_84_median_naoPSLjfm, 85_lag_amo3, 83_lag_84_median_nhSICjfm, 85_lag_nppc2SSTjfm, 83_lag_84_median_eapPSLjfm, 84_lag_eapPSLjfm, 83_lag_85_median_AMOCann, 84_lag_solFORC, 85_lag_solFORC, 83_lag_85_median_naoPSLjfm, 84_lag_naoPSLjfm, 83_lag_85_median_nhSICjfm, 83_lag_85_median_amo3, 83_lag_85_median_nppc2SSTjfm, 83_lag_85_median_solFORC_418_83"
LinearRegression,79,30,nppc2SSTjfm,slow,945.5,2005.5,0.6,94,84,84,12.696408566132362,0.01779668205113307,418,"['84_lag_85_median_nhSICsep', '84_lag_86_median_eurPSLjfm', '84_lag_85_median_amo2', '84_lag_86_median_amoSSTjfm', '86_lag_atlSICsep', '86_lag_atlSICjfm', '84_lag_86_median_stratZ50ndj02', '86_lag_shSICmar', '86_lag_nhSICsep', '85_lag_amoSSTjfm', '85_lag_stratZ50ndj04', '84_lag_85_median_stratZ50ndj04', '86_lag_stratZ50ndj01', '84_lag_86_median_amo2', '85_lag_shSICmar', '86_lag_amo3', '85_lag_amo3', '84_lag_86_median_scpPSLjfm', '86_lag_stratZ50ndj03', '85_lag_amo2', '85_lag_stratZ50ndj01', '85_lag_stratZ50ndj03', '84_lag_86_median_atlSICsep', '84_lag_86_median_atlSICjfm', '84_lag_86_median_shSICmar', '84_lag_86_median_nhSICsep', '84_lag_85_median_shSICmar', '84_lag_86_median_stratZ50ndj01', '84_lag_86_median_amo3', '84_lag_86_median_stratZ50ndj03']","[0.04416413983310937, 0.05781657106362055, 0.10782293308942452, 0.11932945883239639, 0.015590008188400875, 0.0343794098604845, 0.01367634982610524, 0.026886654031576303, 0.06582148583661954, 0.16822138688933194, 0.0260119261490501, 0.026011926149049992, 0.03553651915907623, 0.005491602067949088, 0.008614908915792606, 0.0635818204273469, 0.08200640182286106, 0.013745951733910116, 0.018738667039932433, 0.10782293308942455, 0.018731080029085606, 0.019204782433809235, 0.10334203445878, 0.056548729500161, 0.017750781473684554, 0.010828673001755065, 0.00861490891579264, 0.027133799594080913, 0.009212290697756954, 0.01897172473687073]","84_lag_85_median_nhSICsep, 84_lag_86_median_eurPSLjfm, 84_lag_85_median_amo2, 84_lag_86_median_amoSSTjfm, 86_lag_atlSICsep, 86_lag_atlSICjfm, 84_lag_86_median_stratZ50ndj02, 86_lag_shSICmar, 86_lag_nhSICsep, 85_lag_amoSSTjfm, 85_lag_stratZ50ndj04, 84_lag_85_median_stratZ50ndj04, 86_lag_stratZ50ndj01, 84_lag_86_median_amo2, 85_lag_shSICmar, 86_lag_amo3, 85_lag_amo3, 84_lag_86_median_scpPSLjfm, 86_lag_stratZ50ndj03, 85_lag_amo2, 85_lag_stratZ50ndj01, 85_lag_stratZ50ndj03, 84_lag_86_median_atlSICsep, 84_lag_86_median_atlSICjfm, 84_lag_86_median_shSICmar, 84_lag_86_median_nhSICsep, 84_lag_85_median_shSICmar, 84_lag_86_median_stratZ50ndj01, 84_lag_86_median_amo3, 84_lag_86_median_stratZ50ndj03_418_84"
LinearRegression,80,30,nppc2SSTjfm,slow,946.5,2005.5,0.6,95,85,85,12.780188098612028,-0.010680336115397007,418,"['85_lag_86_median_nhSICsep', '85_lag_87_median_eurPSLjfm', '85_lag_86_median_amo2', '85_lag_87_median_amoSSTjfm', '87_lag_atlSICsep', '87_lag_atlSICjfm', '85_lag_87_median_stratZ50ndj02', '87_lag_shSICmar', '87_lag_nhSICsep', '86_lag_amoSSTjfm', '86_lag_stratZ50ndj04', '85_lag_86_median_stratZ50ndj04', '87_lag_stratZ50ndj01', '85_lag_87_median_amo2', '86_lag_shSICmar', '87_lag_amo3', '86_lag_amo3', '85_lag_87_median_scpPSLjfm', '87_lag_stratZ50ndj03', '86_lag_amo2', '86_lag_stratZ50ndj01', '86_lag_stratZ50ndj03', '85_lag_87_median_atlSICsep', '85_lag_87_median_atlSICjfm', '85_lag_87_median_shSICmar', '85_lag_87_median_nhSICsep', '85_lag_86_median_shSICmar', '85_lag_87_median_stratZ50ndj01', '85_lag_87_median_amo3', '85_lag_87_median_stratZ50ndj03']","[0.03331614779688208, 0.03162286420094164, 0.0029822493875619714, 0.15430151003012355, 0.0321178199464142, 0.061006879928919115, 0.03163381751372987, 0.03153805118538203, 0.01269595713697647, 0.02142257463771987, 0.011655943973830237, 0.011655943973830426, 0.0027930814466746745, 0.0864544297103046, 0.009018607136721868, 0.020290974478309808, 0.010854617640262864, 0.08458548645675784, 0.02376219351318662, 0.002982249387561888, 0.03680662799599744, 0.018452706556793808, 0.11027319634321363, 0.13372532186593533, 0.020278329161052044, 0.010310095329952841, 0.00901860713672196, 0.017006773274661307, 0.004718178419023188, 0.021107450034990205]","85_lag_86_median_nhSICsep, 85_lag_87_median_eurPSLjfm, 85_lag_86_median_amo2, 85_lag_87_median_amoSSTjfm, 87_lag_atlSICsep, 87_lag_atlSICjfm, 85_lag_87_median_stratZ50ndj02, 87_lag_shSICmar, 87_lag_nhSICsep, 86_lag_amoSSTjfm, 86_lag_stratZ50ndj04, 85_lag_86_median_stratZ50ndj04, 87_lag_stratZ50ndj01, 85_lag_87_median_amo2, 86_lag_shSICmar, 87_lag_amo3, 86_lag_amo3, 85_lag_87_median_scpPSLjfm, 87_lag_stratZ50ndj03, 86_lag_amo2, 86_lag_stratZ50ndj01, 86_lag_stratZ50ndj03, 85_lag_87_median_atlSICsep, 85_lag_87_median_atlSICjfm, 85_lag_87_median_shSICmar, 85_lag_87_median_nhSICsep, 85_lag_86_median_shSICmar, 85_lag_87_median_stratZ50ndj01, 85_lag_87_median_amo3, 85_lag_87_median_stratZ50ndj03_418_85"
LinearRegression,81,30,nppc2SSTjfm,slow,947.5,2005.5,0.6,96,86,86,12.804256431421987,0.042610705852740835,418,"['86_lag_88_median_stratZ50ndj01', '87_lag_naoPSLjfm', '86_lag_87_median_stratZ50ndj01', '87_lag_amo3', '87_lag_eurPSLjfm', '87_lag_atlSICjfm', '86_lag_87_median_scpPSLjfm', '86_lag_87_median_solFORC', '86_lag_88_median_scpPSLjfm', '86_lag_87_median_stratZ50ndj03', '88_lag_atlSICjfm', '86_lag_87_median_atlSICsep', '86_lag_88_median_nhSICjfm', '86_lag_87_median_amo3', '86_lag_88_median_shSICmar', '87_lag_stratZ50ndj03', '86_lag_87_median_nppc2SSTjfm', '88_lag_shSICsep', '86_lag_87_median_amo1', '86_lag_88_median_eurPSLjfm', '86_lag_87_median_shSICsep', '86_lag_88_median_nppc2SSTjfm', '87_lag_stratZ50ndj02', '86_lag_87_median_stratZ50ndj02', '87_lag_amo1', '88_lag_atlSICsep', '86_lag_88_median_atlSICjfm', '86_lag_88_median_shSICsep', '87_lag_atlSICsep', '86_lag_88_median_atlSICsep']","[0.26225676191750324, 0.0002099019626001647, 0.11576017501577437, 213228574726.06213, 0.026747098755820438, 2919397771944.6904, 0.06019470923572901, 0.10404789838567723, 0.04291893880172697, 126746761018.14601, 2919397771944.72, 3074317022965.791, 0.060523046209564856, 213228574726.05853, 0.018941548963447245, 126746761018.11041, 0.0896109656304559, 6558798392032.605, 265517817354.35403, 0.034304882973953885, 6558798392032.769, 0.031060759175500968, 581483979542.9976, 581483979543.0692, 265517817354.33884, 6395595917964.418, 5838795543889.411, 13117596784065.531, 3321278894998.5664, 12791191835928.734]","86_lag_88_median_stratZ50ndj01, 87_lag_naoPSLjfm, 86_lag_87_median_stratZ50ndj01, 87_lag_amo3, 87_lag_eurPSLjfm, 87_lag_atlSICjfm, 86_lag_87_median_scpPSLjfm, 86_lag_87_median_solFORC, 86_lag_88_median_scpPSLjfm, 86_lag_87_median_stratZ50ndj03, 88_lag_atlSICjfm, 86_lag_87_median_atlSICsep, 86_lag_88_median_nhSICjfm, 86_lag_87_median_amo3, 86_lag_88_median_shSICmar, 87_lag_stratZ50ndj03, 86_lag_87_median_nppc2SSTjfm, 88_lag_shSICsep, 86_lag_87_median_amo1, 86_lag_88_median_eurPSLjfm, 86_lag_87_median_shSICsep, 86_lag_88_median_nppc2SSTjfm, 87_lag_stratZ50ndj02, 86_lag_87_median_stratZ50ndj02, 87_lag_amo1, 88_lag_atlSICsep, 86_lag_88_median_atlSICjfm, 86_lag_88_median_shSICsep, 87_lag_atlSICsep, 86_lag_88_median_atlSICsep_418_86"
LinearRegression,82,30,nppc2SSTjfm,slow,948.5,2005.5,0.6,97,87,87,13.068368084618061,-0.04754692861779759,418,"['87_lag_88_median_amo1', '89_lag_stratZ50ndj01', '89_lag_atlSICsep', '87_lag_88_median_eurPSLjfm', '87_lag_89_median_amo2', '87_lag_89_median_amoSSTjfm', '88_lag_amo1', '88_lag_naoPSLjfm', '87_lag_89_median_scpPSLjfm', '88_lag_amo2', '89_lag_stratZ50ndj02', '88_lag_amoSSTjfm', '89_lag_nppc2SSTjfm', '89_lag_solFORC', '88_lag_shSICsep', '88_lag_eapPSLjfm', '88_lag_stratZ50ndj01', '87_lag_89_median_stratZ50ndj03', '87_lag_88_median_shSICsep', '88_lag_nppc2SSTjfm', '88_lag_atlSICsep', '87_lag_89_median_eapPSLjfm', '87_lag_89_median_stratZ50ndj01', '87_lag_89_median_atlSICsep', '87_lag_89_median_stratZ50ndj02', '87_lag_88_median_eapPSLjfm', '87_lag_88_median_stratZ50ndj01', '87_lag_89_median_nppc2SSTjfm', '87_lag_89_median_solFORC', '87_lag_88_median_nppc2SSTjfm']","[2177852261664.2673, 665356826886.0475, 29211169767.234493, 0.04694843616184536, 0.28040735604914935, 0.2576998993355112, 2177852261664.147, 0.03676827593063103, 0.07208074385994019, 0.15446762835376018, 0.0011473486468933911, 0.12338539176875347, 4004757732652.6484, 0.4231460188161795, 177819418647.29895, 195743909108.95926, 599621955231.1687, 0.14625930786132812, 177819418647.14532, 1983793385842.2224, 29211169767.240887, 0.04387664794921875, 1330713653771.922, 58422339534.56396, 0.03823089599609375, 195743909109.00732, 65734871654.907104, 8009515465305.304, 0.3216094970703125, 2020964346810.3777]","87_lag_88_median_amo1, 89_lag_stratZ50ndj01, 89_lag_atlSICsep, 87_lag_88_median_eurPSLjfm, 87_lag_89_median_amo2, 87_lag_89_median_amoSSTjfm, 88_lag_amo1, 88_lag_naoPSLjfm, 87_lag_89_median_scpPSLjfm, 88_lag_amo2, 89_lag_stratZ50ndj02, 88_lag_amoSSTjfm, 89_lag_nppc2SSTjfm, 89_lag_solFORC, 88_lag_shSICsep, 88_lag_eapPSLjfm, 88_lag_stratZ50ndj01, 87_lag_89_median_stratZ50ndj03, 87_lag_88_median_shSICsep, 88_lag_nppc2SSTjfm, 88_lag_atlSICsep, 87_lag_89_median_eapPSLjfm, 87_lag_89_median_stratZ50ndj01, 87_lag_89_median_atlSICsep, 87_lag_89_median_stratZ50ndj02, 87_lag_88_median_eapPSLjfm, 87_lag_88_median_stratZ50ndj01, 87_lag_89_median_nppc2SSTjfm, 87_lag_89_median_solFORC, 87_lag_88_median_nppc2SSTjfm_418_87"
LinearRegression,83,30,nppc2SSTjfm,slow,949.5,2005.5,0.6,98,88,88,13.045212698251367,-0.05084451405351789,418,"['88_lag_89_median_amo1', '90_lag_stratZ50ndj01', '90_lag_atlSICsep', '88_lag_89_median_eurPSLjfm', '88_lag_90_median_amo2', '88_lag_90_median_amoSSTjfm', '89_lag_amo1', '89_lag_naoPSLjfm', '88_lag_90_median_scpPSLjfm', '89_lag_amo2', '90_lag_stratZ50ndj02', '89_lag_amoSSTjfm', '90_lag_nppc2SSTjfm', '90_lag_solFORC', '89_lag_shSICsep', '89_lag_eapPSLjfm', '89_lag_stratZ50ndj01', '88_lag_90_median_stratZ50ndj03', '88_lag_89_median_shSICsep', '89_lag_nppc2SSTjfm', '89_lag_atlSICsep', '88_lag_90_median_eapPSLjfm', '88_lag_90_median_stratZ50ndj01', '88_lag_90_median_atlSICsep', '88_lag_90_median_stratZ50ndj02', '88_lag_89_median_eapPSLjfm', '88_lag_89_median_stratZ50ndj01', '88_lag_90_median_nppc2SSTjfm', '88_lag_90_median_solFORC', '88_lag_89_median_nppc2SSTjfm']","[8791227405925.849, 2685812657820.1123, 117915269431.97498, 0.043260967678272956, 0.20588078616252, 0.3172341908793034, 8791227405925.914, 0.027936050505827134, 0.07969926843536729, 0.050521103923072935, 0.09508070746884609, 0.1173724685258729, 16165805437365.232, 0.19573770203915047, 717794762314.398, 790149657344.9786, 2420463985924.5957, 0.0799102783203125, 717794762314.5189, 8007879638256.175, 117915269431.98994, 0.0033416748046875, 5371625315640.332, 235830538863.91193, 0.097686767578125, 790149657344.9781, 265348671895.4795, 32331610874730.594, 0.08978271484375, 8157925799109.224]","88_lag_89_median_amo1, 90_lag_stratZ50ndj01, 90_lag_atlSICsep, 88_lag_89_median_eurPSLjfm, 88_lag_90_median_amo2, 88_lag_90_median_amoSSTjfm, 89_lag_amo1, 89_lag_naoPSLjfm, 88_lag_90_median_scpPSLjfm, 89_lag_amo2, 90_lag_stratZ50ndj02, 89_lag_amoSSTjfm, 90_lag_nppc2SSTjfm, 90_lag_solFORC, 89_lag_shSICsep, 89_lag_eapPSLjfm, 89_lag_stratZ50ndj01, 88_lag_90_median_stratZ50ndj03, 88_lag_89_median_shSICsep, 89_lag_nppc2SSTjfm, 89_lag_atlSICsep, 88_lag_90_median_eapPSLjfm, 88_lag_90_median_stratZ50ndj01, 88_lag_90_median_atlSICsep, 88_lag_90_median_stratZ50ndj02, 88_lag_89_median_eapPSLjfm, 88_lag_89_median_stratZ50ndj01, 88_lag_90_median_nppc2SSTjfm, 88_lag_90_median_solFORC, 88_lag_89_median_nppc2SSTjfm_418_88"
LinearRegression,84,30,nppc2SSTjfm,slow,950.5,2005.5,0.6,99,89,89,12.900442889446772,0.04995137887847805,418,"['89_lag_90_median_amoSSTmjjaso', '89_lag_91_median_amoSSTjfm', '90_lag_nppc2SSTjfm', '89_lag_90_median_eapPSLjfm', '90_lag_amo2', '91_lag_shSICsep', '91_lag_naoPSLjfm', '89_lag_91_median_shSICmar', '91_lag_stratZ50ndj03', '89_lag_91_median_nppc2SSTjfm', '91_lag_eapPSLjfm', '90_lag_amoSSTmjjaso', '90_lag_shSICsep', '89_lag_91_median_eurPSLjfm', '91_lag_AMOCann', '90_lag_stratZ50ndj03', '89_lag_90_median_stratZ50ndj01', '91_lag_atlSICjfm', '89_lag_90_median_amo2', '89_lag_91_median_scpPSLjfm', '91_lag_stratZ50ndj01', '89_lag_91_median_shSICsep', '89_lag_91_median_naoPSLjfm', '90_lag_atlSICjfm', '89_lag_90_median_shSICsep', '89_lag_91_median_stratZ50ndj03', '89_lag_91_median_eapPSLjfm', '89_lag_91_median_AMOCann', '89_lag_91_median_atlSICjfm', '89_lag_91_median_stratZ50ndj01']","[0.08622769859483423, 0.1623548217394082, 0.1247626674585617, 3248121875467.042, 867234274320.4092, 3207836323754.8545, 0.03247970932674541, 0.04918142699922438, 12704419343.882725, 0.09457592824802992, 3248121875467.0654, 0.08788126108987658, 1980178057824.7925, 0.08123052937032961, 0.03753253323599116, 12704419343.808756, 3251993264987.6255, 238393207250.08167, 867234274320.5994, 0.059223779841843655, 3251993264987.6567, 6415672647509.558, 0.0035079871904639126, 238393207250.09174, 1227658265930.1138, 25408838687.641857, 6496243750934.104, 0.08034091641562562, 476786414500.1195, 6503986529975.379]","89_lag_90_median_amoSSTmjjaso, 89_lag_91_median_amoSSTjfm, 90_lag_nppc2SSTjfm, 89_lag_90_median_eapPSLjfm, 90_lag_amo2, 91_lag_shSICsep, 91_lag_naoPSLjfm, 89_lag_91_median_shSICmar, 91_lag_stratZ50ndj03, 89_lag_91_median_nppc2SSTjfm, 91_lag_eapPSLjfm, 90_lag_amoSSTmjjaso, 90_lag_shSICsep, 89_lag_91_median_eurPSLjfm, 91_lag_AMOCann, 90_lag_stratZ50ndj03, 89_lag_90_median_stratZ50ndj01, 91_lag_atlSICjfm, 89_lag_90_median_amo2, 89_lag_91_median_scpPSLjfm, 91_lag_stratZ50ndj01, 89_lag_91_median_shSICsep, 89_lag_91_median_naoPSLjfm, 90_lag_atlSICjfm, 89_lag_90_median_shSICsep, 89_lag_91_median_stratZ50ndj03, 89_lag_91_median_eapPSLjfm, 89_lag_91_median_AMOCann, 89_lag_91_median_atlSICjfm, 89_lag_91_median_stratZ50ndj01_418_89"
LinearRegression,85,30,nppc2SSTjfm,slow,951.5,2005.5,0.6,100,90,90,12.904157757934474,0.03270772456041014,418,"['90_lag_91_median_amoSSTmjjaso', '90_lag_92_median_amoSSTjfm', '91_lag_nppc2SSTjfm', '90_lag_91_median_eapPSLjfm', '91_lag_amo2', '92_lag_shSICsep', '92_lag_naoPSLjfm', '90_lag_92_median_shSICmar', '92_lag_stratZ50ndj03', '90_lag_92_median_nppc2SSTjfm', '92_lag_eapPSLjfm', '91_lag_amoSSTmjjaso', '91_lag_shSICsep', '90_lag_92_median_eurPSLjfm', '92_lag_AMOCann', '91_lag_stratZ50ndj03', '90_lag_91_median_stratZ50ndj01', '92_lag_atlSICjfm', '90_lag_91_median_amo2', '90_lag_92_median_scpPSLjfm', '92_lag_stratZ50ndj01', '90_lag_92_median_shSICsep', '90_lag_92_median_naoPSLjfm', '91_lag_atlSICjfm', '90_lag_91_median_shSICsep', '90_lag_92_median_stratZ50ndj03', '90_lag_92_median_eapPSLjfm', '90_lag_92_median_AMOCann', '90_lag_92_median_atlSICjfm', '90_lag_92_median_stratZ50ndj01']","[0.01421709249501004, 0.17561580802639493, 0.0521389137742735, 907470826480.6727, 242290724869.02948, 896215718356.9104, 0.02870737547937704, 0.04013205976066804, 3549401889.426276, 0.062180949201170226, 907470826480.6724, 0.01382878159706509, 553228569496.0107, 0.16019115974624573, 0.01876444869613874, 3549401889.4891686, 908552427843.6881, 66603067589.52784, 242290724869.1094, 0.03993269017671307, 908552427843.762, 1792431436713.7812, 0.03102567490411481, 66603067589.47804, 342987148861.0376, 7098803778.850975, 1814941652961.3425, 0.023529144938689003, 133206135178.93475, 1817104855687.4863]","90_lag_91_median_amoSSTmjjaso, 90_lag_92_median_amoSSTjfm, 91_lag_nppc2SSTjfm, 90_lag_91_median_eapPSLjfm, 91_lag_amo2, 92_lag_shSICsep, 92_lag_naoPSLjfm, 90_lag_92_median_shSICmar, 92_lag_stratZ50ndj03, 90_lag_92_median_nppc2SSTjfm, 92_lag_eapPSLjfm, 91_lag_amoSSTmjjaso, 91_lag_shSICsep, 90_lag_92_median_eurPSLjfm, 92_lag_AMOCann, 91_lag_stratZ50ndj03, 90_lag_91_median_stratZ50ndj01, 92_lag_atlSICjfm, 90_lag_91_median_amo2, 90_lag_92_median_scpPSLjfm, 92_lag_stratZ50ndj01, 90_lag_92_median_shSICsep, 90_lag_92_median_naoPSLjfm, 91_lag_atlSICjfm, 90_lag_91_median_shSICsep, 90_lag_92_median_stratZ50ndj03, 90_lag_92_median_eapPSLjfm, 90_lag_92_median_AMOCann, 90_lag_92_median_atlSICjfm, 90_lag_92_median_stratZ50ndj01_418_90"
