model,num_irrelevant,max_allowed_features,target_feature,dataset,year_start,year_end,splitsize,max_lag,init_lag,max_forecast,mae_score,corr_score,n_total_features,selected_feature_list,feature_importances,selected_features
LinearRegression,0,30,ensoSSTjfm,slow,1714.5,2005.5,0.4,15,1,1,18.654934464983697,-0.04778791910236289,1755,"['6_lag_yrvPRjja', '10_lag_scpPSLjfm', '4_lag_ensoSSTjfm', '12_lag_yrvPRjja', '1_lag_ensoSSTjfm', '6_lag_shSICmar', '4_lag_shSICmar', '6_lag_tripol1', '12_lag_stratZ50ndj02', '9_lag_alpi', '6_lag_traFB', '14_lag_eurPSLjfm', '3_lag_ginwSSTjfm', '6_lag_stratZ50ndj01', '12_lag_traEU', '6_lag_mhfATL30', '12_lag_wnorPRjfm', '3_lag_traDP', '1_lag_traBS', '5_lag_traTLS', '1_lag_nppc2SSTjfm', '11_lag_traEU', '10_lag_traEC', '9_lag_stratZ50ndj03', '7_lag_alpi', '1_lag_ismPRjja', '4_lag_nchinaPRjja', '1_lag_alpi', '1_lag_traTLS', '1_lag_traIT']","[0.042221014832785626, 0.04088364992505604, 0.10671382255668935, 0.09508288749008177, 0.05131512125777852, 0.16320227396472503, 0.21411002846188945, 0.2395264255752463, 0.02290409791739076, 0.14632549229899702, 0.1577653520961158, 0.12665322660023406, 0.07654029602003289, 0.037879412527705304, 0.0029200487580073476, 0.0699218075644854, 0.05229090847254004, 0.14157475784701248, 0.09422316716358373, 0.0509535675534674, 0.14643780233045073, 0.06581967313661144, 0.0983692695334378, 0.11873515949731556, 0.18644467568173312, 0.013533681066146643, 0.07474958290525563, 0.19295272358363105, 0.05053948242477225, 0.38236662766468094]","6_lag_yrvPRjja, 10_lag_scpPSLjfm, 4_lag_ensoSSTjfm, 12_lag_yrvPRjja, 1_lag_ensoSSTjfm, 6_lag_shSICmar, 4_lag_shSICmar, 6_lag_tripol1, 12_lag_stratZ50ndj02, 9_lag_alpi, 6_lag_traFB, 14_lag_eurPSLjfm, 3_lag_ginwSSTjfm, 6_lag_stratZ50ndj01, 12_lag_traEU, 6_lag_mhfATL30, 12_lag_wnorPRjfm, 3_lag_traDP, 1_lag_traBS, 5_lag_traTLS, 1_lag_nppc2SSTjfm, 11_lag_traEU, 10_lag_traEC, 9_lag_stratZ50ndj03, 7_lag_alpi, 1_lag_ismPRjja, 4_lag_nchinaPRjja, 1_lag_alpi, 1_lag_traTLS, 1_lag_traIT_1755_1"
LinearRegression,1,30,ensoSSTjfm,slow,1715.5,2005.5,0.4,16,1,1,18.714636767627425,-0.06250049001386622,1885,"['6_lag_yrvPRjja', '1_lag_2_median_traEC', '5_lag_stratZ50ndj01', '2_lag_traEC', '6_lag_mhfATL30', '1_lag_stratZ50ndj02', '1_lag_samPSLann', '13_lag_wnorPRjfm', '14_lag_eurPSLjfm', '11_lag_nchinaPRjja', '6_lag_tripol1', '1_lag_traBS', '12_lag_traEU', '15_lag_stratZ50ndj03', '6_lag_traFB', '12_lag_stratZ50ndj02', '5_lag_traIT', '6_lag_stratZ50ndj01', '4_lag_nchinaPRjja', '5_lag_traTLS', '9_lag_stratZ50ndj03', '7_lag_alpi', '10_lag_traEC', '3_lag_traDP', '11_lag_traEU', '1_lag_nppc2SSTjfm', '1_lag_ismPRjja', '1_lag_alpi', '1_lag_traTLS', '1_lag_traIT']","[0.05318054326636982, 6899781812213.494, 0.11985077632171433, 6899781812213.636, 0.10288005516867038, 0.1341101198572598, 0.19917115546659026, 0.12562435460415372, 0.08318726964735784, 0.08580446583410112, 0.22189176487647347, 0.10365517326355014, 0.02284774661336902, 0.024253995375991023, 0.17712662152573322, 0.05531558783171416, 0.023256450233766022, 0.04296875, 0.052978515625, 0.1436767578125, 0.064453125, 0.20390594005584717, 0.102294921875, 0.1513671875, 0.00390625, 0.0887451171875, 0.0, 0.1468048095703125, 0.039306640625, 0.41064453125]","6_lag_yrvPRjja, 1_lag_2_median_traEC, 5_lag_stratZ50ndj01, 2_lag_traEC, 6_lag_mhfATL30, 1_lag_stratZ50ndj02, 1_lag_samPSLann, 13_lag_wnorPRjfm, 14_lag_eurPSLjfm, 11_lag_nchinaPRjja, 6_lag_tripol1, 1_lag_traBS, 12_lag_traEU, 15_lag_stratZ50ndj03, 6_lag_traFB, 12_lag_stratZ50ndj02, 5_lag_traIT, 6_lag_stratZ50ndj01, 4_lag_nchinaPRjja, 5_lag_traTLS, 9_lag_stratZ50ndj03, 7_lag_alpi, 10_lag_traEC, 3_lag_traDP, 11_lag_traEU, 1_lag_nppc2SSTjfm, 1_lag_ismPRjja, 1_lag_alpi, 1_lag_traTLS, 1_lag_traIT_1885_1"
LinearRegression,2,30,ensoSSTjfm,slow,1716.5,2005.5,0.4,17,1,1,20.342244386726485,-0.12178030626161464,2015,"['1_lag_2_median_traEC', '2_lag_traEC', '1_lag_traBS', '6_lag_mhfATL30', '1_lag_samPSLann', '13_lag_satlSSTjfm', '14_lag_eurPSLjfm', '15_lag_stratZ50ndj03', '9_lag_alpi', '6_lag_yrvPRjja', '12_lag_yrvPRjja', '12_lag_traEU', '13_lag_wnorPRjfm', '11_lag_nchinaPRjja', '6_lag_stratZ50ndj01', '6_lag_tripol1', '9_lag_stratZ50ndj03', '5_lag_traIT', '12_lag_stratZ50ndj02', '4_lag_nchinaPRjja', '7_lag_alpi', '3_lag_traDP', '10_lag_traEC', '1_lag_nppc2SSTjfm', '5_lag_traTLS', '11_lag_traEU', '1_lag_ismPRjja', '1_lag_alpi', '1_lag_traTLS', '1_lag_traIT']","[0.05554484592419651, 0.05554484592419652, 0.17619493847878603, 0.13196398681817814, 0.28339703538502936, 0.06763370913226358, 0.10891886908721932, 0.08860472752599377, 0.18733199370604836, 0.005176271484346234, 0.003030328849482848, 0.04395604629282258, 0.06751513932427844, 0.09559342538031902, 0.05707900930271212, 0.18511210825119406, 0.13643434240878305, 0.00606396007581674, 0.0073695065883423345, 0.015291403807417853, 0.18036986209978917, 0.21619424273949225, 0.08965626735798787, 0.067214346591541, 0.14417121922727716, 0.010409217170974693, 0.041285458489685144, 0.19491355454729564, 0.0011851787002614966, 0.3877460357719463]","1_lag_2_median_traEC, 2_lag_traEC, 1_lag_traBS, 6_lag_mhfATL30, 1_lag_samPSLann, 13_lag_satlSSTjfm, 14_lag_eurPSLjfm, 15_lag_stratZ50ndj03, 9_lag_alpi, 6_lag_yrvPRjja, 12_lag_yrvPRjja, 12_lag_traEU, 13_lag_wnorPRjfm, 11_lag_nchinaPRjja, 6_lag_stratZ50ndj01, 6_lag_tripol1, 9_lag_stratZ50ndj03, 5_lag_traIT, 12_lag_stratZ50ndj02, 4_lag_nchinaPRjja, 7_lag_alpi, 3_lag_traDP, 10_lag_traEC, 1_lag_nppc2SSTjfm, 5_lag_traTLS, 11_lag_traEU, 1_lag_ismPRjja, 1_lag_alpi, 1_lag_traTLS, 1_lag_traIT_2015_1"
LinearRegression,3,30,ensoSSTjfm,slow,1717.5,2005.5,0.4,18,1,1,20.19825804142521,-0.186550922491867,2145,"['1_lag_stratZ50ndj02', '9_lag_ensoSSTjfm', '13_lag_satlSSTjfm', '13_lag_wnorPRjfm', '6_lag_traFB', '15_lag_stratZ50ndj03', '9_lag_stratZ50ndj03', '10_lag_scpPSLjfm', '12_lag_traEU', '11_lag_nchinaPRjja', '6_lag_stratZ50ndj01', '6_lag_tripol1', '13_lag_shSICsep', '9_lag_alpi', '4_lag_nchinaPRjja', '17_lag_traFS', '17_lag_seurTSjfm', '5_lag_traIT', '12_lag_stratZ50ndj02', '5_lag_traTLS', '14_lag_eurPSLjfm', '7_lag_alpi', '3_lag_traDP', '1_lag_nppc2SSTjfm', '10_lag_traEC', '11_lag_traEU', '1_lag_ismPRjja', '1_lag_alpi', '1_lag_traTLS', '1_lag_traIT']","[0.13723081520481675, 0.05051431938633856, 0.015214387121803369, 0.08686942472321184, 0.14104138391563423, 0.05955983707083207, 0.06140198639424573, 0.06280890219142796, 0.00043546289915850786, 0.017885530152513412, 0.04382781628981877, 0.26630657852947065, 0.14444459854890218, 0.1540885055358201, 0.05682822476501229, 0.10761553314823812, 0.19168235316778684, 0.08749021867109742, 0.03885841229654084, 0.0656670771896835, 0.1139215656022395, 0.16101496224097628, 0.21539568233364656, 0.021643374224173437, 0.0993549423072329, 0.09200947642265388, 0.04249960077470348, 0.1584115121911187, 0.0654547529255152, 0.4417588088238044]","1_lag_stratZ50ndj02, 9_lag_ensoSSTjfm, 13_lag_satlSSTjfm, 13_lag_wnorPRjfm, 6_lag_traFB, 15_lag_stratZ50ndj03, 9_lag_stratZ50ndj03, 10_lag_scpPSLjfm, 12_lag_traEU, 11_lag_nchinaPRjja, 6_lag_stratZ50ndj01, 6_lag_tripol1, 13_lag_shSICsep, 9_lag_alpi, 4_lag_nchinaPRjja, 17_lag_traFS, 17_lag_seurTSjfm, 5_lag_traIT, 12_lag_stratZ50ndj02, 5_lag_traTLS, 14_lag_eurPSLjfm, 7_lag_alpi, 3_lag_traDP, 1_lag_nppc2SSTjfm, 10_lag_traEC, 11_lag_traEU, 1_lag_ismPRjja, 1_lag_alpi, 1_lag_traTLS, 1_lag_traIT_2145_1"
LinearRegression,4,30,ensoSSTjfm,slow,1718.5,2005.5,0.4,19,1,1,20.116281638330957,-0.08564086276461405,2275,"['11_lag_traEC', '8_lag_scpPSLjfm', '7_lag_yrvPRjja', '1_lag_traDP', '10_lag_eapPSLjfm', '4_lag_traWP', '6_lag_stratZ50ndj01', '7_lag_alpi', '17_lag_traFS', '6_lag_tripol1', '13_lag_shSICsep', '17_lag_seurTSjfm', '12_lag_traEU', '12_lag_yrvPRjja', '11_lag_neurTSjfm', '5_lag_traTLS', '3_lag_traDP', '5_lag_traIT', '6_lag_traTLS', '12_lag_stratZ50ndj02', '11_lag_nchinaPRjja', '14_lag_eurPSLjfm', '10_lag_traEC', '1_lag_nppc2SSTjfm', '11_lag_traEU', '1_lag_ismPRjja', '4_lag_nchinaPRjja', '1_lag_alpi', '1_lag_traTLS', '1_lag_traIT']","[0.07914313564285404, 0.041721028729463316, 0.12932448830034182, 0.14746342157254994, 0.0496590771002227, 0.12397805655513569, 0.07413516773814209, 0.17597379387628237, 0.030692548373641153, 0.3696578835292291, 0.1292555251363169, 0.23775276255636044, 0.04241982241840241, 0.01207659837722063, 0.038279628518523484, 0.0005419962091853235, 0.15355947410143791, 0.13300989982735864, 0.1405912648545683, 0.014242774658869375, 0.0570701164226749, 0.09220707291854582, 0.12442030075018437, 0.12300292272808265, 0.11828659091798555, 0.017251711123294985, 0.09673006018121333, 0.16294069407092884, 0.09128333320199158, 0.36714420971649464]","11_lag_traEC, 8_lag_scpPSLjfm, 7_lag_yrvPRjja, 1_lag_traDP, 10_lag_eapPSLjfm, 4_lag_traWP, 6_lag_stratZ50ndj01, 7_lag_alpi, 17_lag_traFS, 6_lag_tripol1, 13_lag_shSICsep, 17_lag_seurTSjfm, 12_lag_traEU, 12_lag_yrvPRjja, 11_lag_neurTSjfm, 5_lag_traTLS, 3_lag_traDP, 5_lag_traIT, 6_lag_traTLS, 12_lag_stratZ50ndj02, 11_lag_nchinaPRjja, 14_lag_eurPSLjfm, 10_lag_traEC, 1_lag_nppc2SSTjfm, 11_lag_traEU, 1_lag_ismPRjja, 4_lag_nchinaPRjja, 1_lag_alpi, 1_lag_traTLS, 1_lag_traIT_2275_1"
LinearRegression,5,30,ensoSSTjfm,slow,1719.5,2005.5,0.4,20,1,1,26.248474357676674,-0.32495027584642955,2405,"['9_lag_ensoSSTjfm', '6_lag_yrvPRjja', '8_lag_tripol3', '6_lag_stratZ50ndj01', '13_lag_shSICsep', '7_lag_yrvPRjja', '1_lag_traDP', '13_lag_wnorPRjfm', '17_lag_seurTSjfm', '5_lag_traTLS', '17_lag_traFS', '9_lag_alpi', '12_lag_traEU', '3_lag_traDP', '12_lag_yrvPRjja', '5_lag_traIT', '19_lag_nchinaPRjja', '11_lag_nchinaPRjja', '11_lag_neurTSjfm', '6_lag_traTLS', '14_lag_eurPSLjfm', '12_lag_stratZ50ndj02', '1_lag_nppc2SSTjfm', '1_lag_ismPRjja', '11_lag_traEU', '10_lag_traEC', '4_lag_nchinaPRjja', '1_lag_alpi', '1_lag_traTLS', '1_lag_traIT']","[0.05186829395346317, 0.06350869157652522, 0.1282281466848253, 0.019692787147484365, 0.12354138743651637, 0.11778208689728938, 0.1914733361134799, 0.04194523437603649, 0.16237017450696054, 0.0772903946229817, 0.1498783262936677, 0.20017260729322237, 0.06851413115264231, 0.30299343297013814, 0.1273871313970642, 0.11595820419035477, 0.09845609816971541, 0.003989788671253512, 0.009903713510174843, 0.152922864392164, 0.10335288043873803, 0.022505119752368692, 0.04427144064237372, 0.11120854420457787, 0.15748374186661937, 0.136996825147695, 0.043020752202492685, 0.16046048353785294, 0.04918893665086889, 0.3921182239493337]","9_lag_ensoSSTjfm, 6_lag_yrvPRjja, 8_lag_tripol3, 6_lag_stratZ50ndj01, 13_lag_shSICsep, 7_lag_yrvPRjja, 1_lag_traDP, 13_lag_wnorPRjfm, 17_lag_seurTSjfm, 5_lag_traTLS, 17_lag_traFS, 9_lag_alpi, 12_lag_traEU, 3_lag_traDP, 12_lag_yrvPRjja, 5_lag_traIT, 19_lag_nchinaPRjja, 11_lag_nchinaPRjja, 11_lag_neurTSjfm, 6_lag_traTLS, 14_lag_eurPSLjfm, 12_lag_stratZ50ndj02, 1_lag_nppc2SSTjfm, 1_lag_ismPRjja, 11_lag_traEU, 10_lag_traEC, 4_lag_nchinaPRjja, 1_lag_alpi, 1_lag_traTLS, 1_lag_traIT_2405_1"
LinearRegression,6,30,ensoSSTjfm,slow,1720.5,2005.5,0.4,21,1,1,26.094555246635494,-0.3426700803719791,2535,"['20_lag_shSICmar', '1_lag_traDP', '1_lag_traEU', '13_lag_shSICsep', '20_lag_scpPSLjfm', '19_lag_yrvPRjja', '17_lag_seurTSjfm', '17_lag_traFS', '12_lag_traEU', '5_lag_traTLS', '7_lag_yrvPRjja', '11_lag_nchinaPRjja', '19_lag_nchinaPRjja', '5_lag_traIT', '3_lag_traDP', '9_lag_alpi', '6_lag_traTLS', '12_lag_yrvPRjja', '11_lag_neurTSjfm', '14_lag_eurPSLjfm', '1_lag_nppc2SSTjfm', '1_lag_ismPRjja', '12_lag_stratZ50ndj02', '11_lag_traEU', '10_lag_traEC', '20_lag_traMC', '4_lag_nchinaPRjja', '1_lag_alpi', '1_lag_traTLS', '1_lag_traIT']","[0.004715432872266462, 0.21477597614982377, 0.07933035643060968, 0.14250027168374238, 0.08663476045195907, 0.09200730857839191, 0.20009530684494176, 0.14355271416729828, 0.06540841645807322, 0.0522384931290941, 0.14518420422782433, 8.062945000906466e-05, 0.06091649815050926, 0.13505914848960424, 0.2371723878597831, 0.23054584400640737, 0.11894426768539297, 0.09692567711020365, 0.003056695646762593, 0.13668715368591683, 0.001816750713510451, 0.08387485255310949, 0.04339452621389147, 0.15434893422092322, 0.10302860470036329, 0.16874985414724178, 0.08139533745779617, 0.15439619935990573, 0.0619944434028888, 0.30835433510835364]","20_lag_shSICmar, 1_lag_traDP, 1_lag_traEU, 13_lag_shSICsep, 20_lag_scpPSLjfm, 19_lag_yrvPRjja, 17_lag_seurTSjfm, 17_lag_traFS, 12_lag_traEU, 5_lag_traTLS, 7_lag_yrvPRjja, 11_lag_nchinaPRjja, 19_lag_nchinaPRjja, 5_lag_traIT, 3_lag_traDP, 9_lag_alpi, 6_lag_traTLS, 12_lag_yrvPRjja, 11_lag_neurTSjfm, 14_lag_eurPSLjfm, 1_lag_nppc2SSTjfm, 1_lag_ismPRjja, 12_lag_stratZ50ndj02, 11_lag_traEU, 10_lag_traEC, 20_lag_traMC, 4_lag_nchinaPRjja, 1_lag_alpi, 1_lag_traTLS, 1_lag_traIT_2535_1"
LinearRegression,7,30,ensoSSTjfm,slow,1721.5,2005.5,0.4,22,1,1,25.9435392591447,-0.36934421041176724,2665,"['13_lag_shSICsep', '1_lag_traEU', '20_lag_shSICmar', '11_lag_traEC', '1_lag_stratZ50ndj02', '20_lag_scpPSLjfm', '9_lag_alpi', '5_lag_traTLS', '12_lag_traEU', '7_lag_yrvPRjja', '17_lag_traFS', '1_lag_traDP', '19_lag_nchinaPRjja', '5_lag_traIT', '3_lag_traDP', '11_lag_nchinaPRjja', '6_lag_traTLS', '11_lag_neurTSjfm', '12_lag_yrvPRjja', '1_lag_ismPRjja', '14_lag_eurPSLjfm', '12_lag_stratZ50ndj02', '1_lag_nppc2SSTjfm', '11_lag_traEU', '10_lag_traEC', '20_lag_traMC', '4_lag_nchinaPRjja', '1_lag_alpi', '1_lag_traTLS', '1_lag_traIT']","[0.13568842159126843, 0.12331790461885914, 0.017847028574718087, 0.047582599353287194, 0.1075421703842564, 0.08642496465906302, 0.21160053566618922, 0.04027941795738052, 0.026085996199755452, 0.13714489274295982, 0.22046214858041174, 0.09633742434604847, 0.008356254930425843, 0.11836659803103548, 0.2845509401118746, 0.02389985582262125, 0.08356813795980782, 0.04871086900825428, 0.08899951339904705, 0.10737781030052888, 0.10764906751521712, 0.030848351741030587, 0.022292679934596847, 0.11033648982313456, 0.08636918032471537, 0.1712123195032569, 0.08075237666205444, 0.10587016991301057, 0.08587392669367402, 0.33069903364411113]","13_lag_shSICsep, 1_lag_traEU, 20_lag_shSICmar, 11_lag_traEC, 1_lag_stratZ50ndj02, 20_lag_scpPSLjfm, 9_lag_alpi, 5_lag_traTLS, 12_lag_traEU, 7_lag_yrvPRjja, 17_lag_traFS, 1_lag_traDP, 19_lag_nchinaPRjja, 5_lag_traIT, 3_lag_traDP, 11_lag_nchinaPRjja, 6_lag_traTLS, 11_lag_neurTSjfm, 12_lag_yrvPRjja, 1_lag_ismPRjja, 14_lag_eurPSLjfm, 12_lag_stratZ50ndj02, 1_lag_nppc2SSTjfm, 11_lag_traEU, 10_lag_traEC, 20_lag_traMC, 4_lag_nchinaPRjja, 1_lag_alpi, 1_lag_traTLS, 1_lag_traIT_2665_1"
LinearRegression,8,30,ensoSSTjfm,slow,1722.5,2005.5,0.4,23,1,1,25.28637791309809,-0.3199647238130132,2795,"['10_lag_eapPSLjfm', '1_lag_stratZ50ndj02', '12_lag_traEU', '10_lag_stratZ50ndj01', '19_lag_nchinaPRjja', '11_lag_nchinaPRjja', '3_lag_traDP', '9_lag_alpi', '17_lag_traFS', '7_lag_yrvPRjja', '9_lag_ensoSSTjfm', '20_lag_scpPSLjfm', '1_lag_traEU', '5_lag_traTLS', '6_lag_traTLS', '5_lag_traIT', '22_lag_ismPRjja', '11_lag_neurTSjfm', '14_lag_eurPSLjfm', '1_lag_ismPRjja', '12_lag_yrvPRjja', '12_lag_stratZ50ndj02', '11_lag_traEU', '20_lag_traMC', '1_lag_nppc2SSTjfm', '10_lag_traEC', '4_lag_nchinaPRjja', '1_lag_alpi', '1_lag_traTLS', '1_lag_traIT']","[0.04194861698054453, 0.06054960710417304, 0.01622832888462024, 0.03998769139949915, 0.012308829503418639, 0.030369219797883807, 0.3381022952230709, 0.22036677526277298, 0.2522610583920011, 0.19592875814562755, 0.03841541174475709, 0.07190465744113213, 0.1394506189923469, 0.062111202175314593, 0.09144194247410133, 0.17351722728271132, 0.12142652955393929, 0.04296460538972134, 0.1097051894435078, 0.06838058963360516, 0.1207498295920425, 0.06185042052243489, 0.07849532372860757, 0.185717157565178, 0.017451748226637854, 0.08145518677318214, 0.06061380448607347, 0.10953940385745556, 0.06658917650528107, 0.3549385928898107]","10_lag_eapPSLjfm, 1_lag_stratZ50ndj02, 12_lag_traEU, 10_lag_stratZ50ndj01, 19_lag_nchinaPRjja, 11_lag_nchinaPRjja, 3_lag_traDP, 9_lag_alpi, 17_lag_traFS, 7_lag_yrvPRjja, 9_lag_ensoSSTjfm, 20_lag_scpPSLjfm, 1_lag_traEU, 5_lag_traTLS, 6_lag_traTLS, 5_lag_traIT, 22_lag_ismPRjja, 11_lag_neurTSjfm, 14_lag_eurPSLjfm, 1_lag_ismPRjja, 12_lag_yrvPRjja, 12_lag_stratZ50ndj02, 11_lag_traEU, 20_lag_traMC, 1_lag_nppc2SSTjfm, 10_lag_traEC, 4_lag_nchinaPRjja, 1_lag_alpi, 1_lag_traTLS, 1_lag_traIT_2795_1"
LinearRegression,9,30,ensoSSTjfm,slow,1723.5,2005.5,0.4,24,1,1,25.227099553933872,-0.33310974968588586,2925,"['19_lag_nchinaPRjja', '5_lag_traTLS', '1_lag_stratZ50ndj02', '11_lag_nchinaPRjja', '23_lag_naoPSLjfm', '6_lag_traTLS', '3_lag_traDP', '20_lag_scpPSLjfm', '12_lag_traEU', '1_lag_traDP', '5_lag_traIT', '7_lag_yrvPRjja', '14_lag_eurPSLjfm', '9_lag_alpi', '1_lag_traEU', '12_lag_yrvPRjja', '10_lag_traEC', '12_lag_stratZ50ndj02', '11_lag_neurTSjfm', '1_lag_ismPRjja', '23_lag_traTLS', '11_lag_traEU', '23_lag_scpPSLjfm', '22_lag_ismPRjja', '1_lag_nppc2SSTjfm', '20_lag_traMC', '4_lag_nchinaPRjja', '1_lag_alpi', '1_lag_traTLS', '1_lag_traIT']","[0.051343873687288315, 0.12085007483514934, 0.047681652727056135, 0.02294766023305208, 0.05363529446833027, 0.12927401299403354, 0.23174831194805223, 0.02719275072856464, 0.007202973859822242, 0.16666803475386213, 0.22480209713876312, 0.15313365910682636, 0.14813101044184585, 0.216574739120271, 0.07121844722888038, 0.10846419907239256, 0.15190290588672437, 0.06004772199441425, 0.005218600694444419, 0.016885902085173522, 0.029338657850836464, 0.10235107959146283, 0.13153004520048883, 0.10124521073481554, 0.01784562372727427, 0.15703583205383076, 0.013249572515577297, 0.15414021647803702, 0.10069856479278695, 0.34742243003537127]","19_lag_nchinaPRjja, 5_lag_traTLS, 1_lag_stratZ50ndj02, 11_lag_nchinaPRjja, 23_lag_naoPSLjfm, 6_lag_traTLS, 3_lag_traDP, 20_lag_scpPSLjfm, 12_lag_traEU, 1_lag_traDP, 5_lag_traIT, 7_lag_yrvPRjja, 14_lag_eurPSLjfm, 9_lag_alpi, 1_lag_traEU, 12_lag_yrvPRjja, 10_lag_traEC, 12_lag_stratZ50ndj02, 11_lag_neurTSjfm, 1_lag_ismPRjja, 23_lag_traTLS, 11_lag_traEU, 23_lag_scpPSLjfm, 22_lag_ismPRjja, 1_lag_nppc2SSTjfm, 20_lag_traMC, 4_lag_nchinaPRjja, 1_lag_alpi, 1_lag_traTLS, 1_lag_traIT_2925_1"
LinearRegression,10,30,ensoSSTjfm,slow,1724.5,2005.5,0.4,25,1,1,23.03783750270451,-0.2407970312454375,3055,"['17_lag_seurTSjfm', '7_lag_alpi', '9_lag_ensoSSTjfm', '1_lag_traEU', '1_lag_stratZ50ndj02', '7_lag_ensoSSTjfm', '1_lag_traDP', '12_lag_yrvPRjja', '10_lag_traEC', '11_lag_traEU', '5_lag_traIT', '7_lag_yrvPRjja', '3_lag_traDP', '14_lag_eurPSLjfm', '24_lag_naoPSLjfm', '23_lag_scpPSLjfm', '1_lag_ismPRjja', '9_lag_alpi', '12_lag_stratZ50ndj02', '11_lag_neurTSjfm', '23_lag_traTLS', '22_lag_ismPRjja', '1_lag_nppc2SSTjfm', '20_lag_traMC', '24_lag_wnorPRjfm', '24_lag_neurTSjfm', '4_lag_nchinaPRjja', '1_lag_alpi', '1_lag_traTLS', '1_lag_traIT']","[0.1670163957892738, 0.004609056766487402, 0.0054467179902595525, 0.025619841615194146, 0.05981440015727541, 0.16438325424725495, 0.18594987702610846, 0.10573421557438818, 0.13020390448211788, 0.06496753493555255, 0.09098592742950458, 0.10908976598439725, 0.20064889651716913, 0.18444996864989574, 0.24469820946624046, 0.10328481792541752, 0.01972622513896069, 0.19541393517166297, 0.07256514453080949, 0.02665143940846079, 0.051566518849715165, 0.08138273454965739, 0.015361731325679953, 0.18428425182123748, 0.10345789799691178, 0.07044992722673424, 0.0031550796155941606, 0.1013075098164557, 0.09962526942476763, 0.3746768289653909]","17_lag_seurTSjfm, 7_lag_alpi, 9_lag_ensoSSTjfm, 1_lag_traEU, 1_lag_stratZ50ndj02, 7_lag_ensoSSTjfm, 1_lag_traDP, 12_lag_yrvPRjja, 10_lag_traEC, 11_lag_traEU, 5_lag_traIT, 7_lag_yrvPRjja, 3_lag_traDP, 14_lag_eurPSLjfm, 24_lag_naoPSLjfm, 23_lag_scpPSLjfm, 1_lag_ismPRjja, 9_lag_alpi, 12_lag_stratZ50ndj02, 11_lag_neurTSjfm, 23_lag_traTLS, 22_lag_ismPRjja, 1_lag_nppc2SSTjfm, 20_lag_traMC, 24_lag_wnorPRjfm, 24_lag_neurTSjfm, 4_lag_nchinaPRjja, 1_lag_alpi, 1_lag_traTLS, 1_lag_traIT_3055_1"
LinearRegression,11,30,ensoSSTjfm,slow,1725.5,2005.5,0.4,26,1,1,23.963474708184265,-0.2622908097616755,3185,"['5_lag_traTLS', '9_lag_ensoSSTjfm', '14_lag_eurPSLjfm', '7_lag_ensoSSTjfm', '10_lag_traEC', '18_lag_stratZ50ndj02', '7_lag_alpi', '21_lag_scpPSLjfm', '11_lag_traEU', '1_lag_traDP', '12_lag_yrvPRjja', '24_lag_naoPSLjfm', '1_lag_traEU', '23_lag_scpPSLjfm', '5_lag_traIT', '3_lag_traDP', '12_lag_stratZ50ndj02', '1_lag_ismPRjja', '23_lag_traTLS', '11_lag_neurTSjfm', '9_lag_alpi', '1_lag_nppc2SSTjfm', '22_lag_ismPRjja', '24_lag_wnorPRjfm', '20_lag_traMC', '24_lag_neurTSjfm', '4_lag_nchinaPRjja', '1_lag_alpi', '1_lag_traTLS', '1_lag_traIT']","[0.0019589907949574335, 0.0004481129185864019, 0.20290655623552972, 0.14648594266367343, 0.13784874454186644, 0.024860962159478434, 0.0340781705994453, 0.09632726993389536, 0.03874165221709966, 0.23138315762528705, 0.09782989535219855, 0.27239769120781154, 0.01320055706756592, 0.10839613122925847, 0.08813357050537776, 0.21786852670522533, 0.06678959219771782, 0.06247295475306746, 0.08975132422048036, 0.02956085749878501, 0.19121077082823393, 0.04501498264681411, 0.1286323399474912, 0.13817289602774896, 0.1454398130010652, 0.06440595099770534, 0.014948983022633679, 0.13836048762376418, 0.1577453870850741, 0.35151331196391666]","5_lag_traTLS, 9_lag_ensoSSTjfm, 14_lag_eurPSLjfm, 7_lag_ensoSSTjfm, 10_lag_traEC, 18_lag_stratZ50ndj02, 7_lag_alpi, 21_lag_scpPSLjfm, 11_lag_traEU, 1_lag_traDP, 12_lag_yrvPRjja, 24_lag_naoPSLjfm, 1_lag_traEU, 23_lag_scpPSLjfm, 5_lag_traIT, 3_lag_traDP, 12_lag_stratZ50ndj02, 1_lag_ismPRjja, 23_lag_traTLS, 11_lag_neurTSjfm, 9_lag_alpi, 1_lag_nppc2SSTjfm, 22_lag_ismPRjja, 24_lag_wnorPRjfm, 20_lag_traMC, 24_lag_neurTSjfm, 4_lag_nchinaPRjja, 1_lag_alpi, 1_lag_traTLS, 1_lag_traIT_3185_1"
LinearRegression,12,30,ensoSSTjfm,slow,1726.5,2005.5,0.4,27,1,1,25.73389290734662,-0.32684614539279766,3315,"['4_lag_ensoSSTjfm', '10_lag_traEC', '20_lag_scpPSLjfm', '6_lag_yrvPRjja', '12_lag_stratZ50ndj02', '24_lag_naoPSLjfm', '12_lag_yrvPRjja', '7_lag_alpi', '18_lag_stratZ50ndj02', '5_lag_traIT', '14_lag_eurPSLjfm', '1_lag_traEU', '1_lag_traDP', '9_lag_ensoSSTjfm', '23_lag_scpPSLjfm', '11_lag_traEU', '3_lag_traDP', '1_lag_ismPRjja', '11_lag_neurTSjfm', '23_lag_traTLS', '9_lag_alpi', '1_lag_nppc2SSTjfm', '24_lag_wnorPRjfm', '20_lag_traMC', '22_lag_ismPRjja', '24_lag_neurTSjfm', '4_lag_nchinaPRjja', '1_lag_alpi', '1_lag_traTLS', '1_lag_traIT']","[0.15075776171654087, 0.11571292036778495, 0.0616717034022185, 0.05717580408755393, 0.05870712060774063, 0.2418406499547562, 0.12052628725876045, 0.1116801684618505, 0.021649670742009606, 0.027114892593223285, 0.1735854041762397, 0.01690603327352637, 0.18389206422520385, 0.007832947728312266, 0.1434920986225281, 0.006194415577428679, 0.2940551464039859, 0.03356224683880908, 0.01064059685051813, 0.0655271890414586, 0.2143165476510691, 0.06525952390035092, 0.14697199655628282, 0.1611018837704254, 0.11047447366406733, 0.09207849800268353, 0.007986332309489513, 0.15154553065224316, 0.15522555274880898, 0.3485664444808851]","4_lag_ensoSSTjfm, 10_lag_traEC, 20_lag_scpPSLjfm, 6_lag_yrvPRjja, 12_lag_stratZ50ndj02, 24_lag_naoPSLjfm, 12_lag_yrvPRjja, 7_lag_alpi, 18_lag_stratZ50ndj02, 5_lag_traIT, 14_lag_eurPSLjfm, 1_lag_traEU, 1_lag_traDP, 9_lag_ensoSSTjfm, 23_lag_scpPSLjfm, 11_lag_traEU, 3_lag_traDP, 1_lag_ismPRjja, 11_lag_neurTSjfm, 23_lag_traTLS, 9_lag_alpi, 1_lag_nppc2SSTjfm, 24_lag_wnorPRjfm, 20_lag_traMC, 22_lag_ismPRjja, 24_lag_neurTSjfm, 4_lag_nchinaPRjja, 1_lag_alpi, 1_lag_traTLS, 1_lag_traIT_3315_1"
LinearRegression,13,30,ensoSSTjfm,slow,1727.5,2005.5,0.4,28,1,1,23.111583094584756,-0.23449929525652707,3445,"['12_lag_stratZ50ndj02', '23_lag_scpPSLjfm', '26_lag_stratZ50ndj01', '7_lag_alpi', '15_lag_ormenSSTjfm', '12_lag_yrvPRjja', '1_lag_traEU', '24_lag_naoPSLjfm', '27_lag_atlSICsep', '14_lag_eurPSLjfm', '5_lag_traIT', '18_lag_stratZ50ndj02', '1_lag_traDP', '11_lag_traEU', '3_lag_traDP', '9_lag_ensoSSTjfm', '1_lag_ismPRjja', '27_lag_ismPRjja', '9_lag_alpi', '11_lag_neurTSjfm', '23_lag_traTLS', '1_lag_nppc2SSTjfm', '22_lag_ismPRjja', '20_lag_traMC', '24_lag_wnorPRjfm', '4_lag_nchinaPRjja', '24_lag_neurTSjfm', '1_lag_alpi', '1_lag_traTLS', '1_lag_traIT']","[0.09740673793904782, 0.15008486982725355, 0.003177380501230956, 0.0811341089130254, 0.03231024748042393, 0.09208181857573335, 0.02059087946508827, 0.2588911981856851, 0.08936439192040305, 0.16701376205734972, 0.13291154834868452, 0.0028623177362125727, 0.16542909102294953, 0.0004312822209519004, 0.23717419984636617, 0.014790923387434741, 0.07639565586593151, 0.10027209073812299, 0.19598423968074902, 0.024656049227666066, 0.08055330691556181, 0.06031540553797725, 0.1593615657010796, 0.1676911675835247, 0.1401442215131094, 0.017760008752287934, 0.09468557306691247, 0.12408657457418285, 0.1509310763921342, 0.37041709995182903]","12_lag_stratZ50ndj02, 23_lag_scpPSLjfm, 26_lag_stratZ50ndj01, 7_lag_alpi, 15_lag_ormenSSTjfm, 12_lag_yrvPRjja, 1_lag_traEU, 24_lag_naoPSLjfm, 27_lag_atlSICsep, 14_lag_eurPSLjfm, 5_lag_traIT, 18_lag_stratZ50ndj02, 1_lag_traDP, 11_lag_traEU, 3_lag_traDP, 9_lag_ensoSSTjfm, 1_lag_ismPRjja, 27_lag_ismPRjja, 9_lag_alpi, 11_lag_neurTSjfm, 23_lag_traTLS, 1_lag_nppc2SSTjfm, 22_lag_ismPRjja, 20_lag_traMC, 24_lag_wnorPRjfm, 4_lag_nchinaPRjja, 24_lag_neurTSjfm, 1_lag_alpi, 1_lag_traTLS, 1_lag_traIT_3445_1"
LinearRegression,14,30,ensoSSTjfm,slow,1728.5,2005.5,0.4,29,1,1,23.087777957948365,-0.23694541918740628,3575,"['1_lag_traBS', '14_lag_eurPSLjfm', '23_lag_scpPSLjfm', '4_lag_traWP', '12_lag_stratZ50ndj02', '18_lag_stratZ50ndj02', '24_lag_naoPSLjfm', '1_lag_traEU', '5_lag_traIT', '7_lag_alpi', '3_lag_traDP', '27_lag_atlSICsep', '27_lag_ismPRjja', '1_lag_traDP', '11_lag_traEU', '9_lag_alpi', '9_lag_ensoSSTjfm', '1_lag_ismPRjja', '23_lag_traTLS', '28_lag_traBS', '22_lag_ismPRjja', '11_lag_neurTSjfm', '20_lag_traMC', '1_lag_nppc2SSTjfm', '24_lag_wnorPRjfm', '24_lag_neurTSjfm', '4_lag_nchinaPRjja', '1_lag_alpi', '1_lag_traTLS', '1_lag_traIT']","[0.158462555254318, 0.14197710224055782, 0.13182705375782416, 0.17205053206144494, 0.08078217678588917, 0.046239870605538205, 0.24259655724673518, 0.03365214336309433, 0.10962497591927406, 0.1030326152435656, 0.27046226451883976, 0.06268638956115581, 0.10150353886317287, 0.09587386231539771, 0.006234082586783085, 0.18508615308232376, 0.002094450252820347, 0.09433806673842282, 0.06524747815748193, 0.008006966041416324, 0.19690427892128023, 0.02321766988834878, 0.20126511616078646, 0.07468792311055719, 0.142911402295857, 0.1101464679985743, 0.0062912223833472905, 0.12562156155058588, 0.12087291638038185, 0.32928904820398697]","1_lag_traBS, 14_lag_eurPSLjfm, 23_lag_scpPSLjfm, 4_lag_traWP, 12_lag_stratZ50ndj02, 18_lag_stratZ50ndj02, 24_lag_naoPSLjfm, 1_lag_traEU, 5_lag_traIT, 7_lag_alpi, 3_lag_traDP, 27_lag_atlSICsep, 27_lag_ismPRjja, 1_lag_traDP, 11_lag_traEU, 9_lag_alpi, 9_lag_ensoSSTjfm, 1_lag_ismPRjja, 23_lag_traTLS, 28_lag_traBS, 22_lag_ismPRjja, 11_lag_neurTSjfm, 20_lag_traMC, 1_lag_nppc2SSTjfm, 24_lag_wnorPRjfm, 24_lag_neurTSjfm, 4_lag_nchinaPRjja, 1_lag_alpi, 1_lag_traTLS, 1_lag_traIT_3575_1"
LinearRegression,15,30,ensoSSTjfm,slow,1729.5,2005.5,0.4,30,1,1,22.960836170073037,-0.27015174513513607,3705,"['2_lag_traTLS', '18_lag_stratZ50ndj02', '23_lag_scpPSLjfm', '5_lag_traIT', '29_lag_atlSICsep', '3_lag_traDP', '28_lag_stratZ50ndj01', '24_lag_naoPSLjfm', '14_lag_eurPSLjfm', '1_lag_ismPRjja', '28_lag_traBS', '22_lag_ismPRjja', '7_lag_alpi', '27_lag_atlSICsep', '23_lag_traTLS', '1_lag_traEU', '9_lag_alpi', '9_lag_ensoSSTjfm', '1_lag_traDP', '11_lag_traEU', '27_lag_ismPRjja', '20_lag_traMC', '11_lag_neurTSjfm', '1_lag_nppc2SSTjfm', '24_lag_neurTSjfm', '24_lag_wnorPRjfm', '4_lag_nchinaPRjja', '1_lag_alpi', '1_lag_traTLS', '1_lag_traIT']","[0.007422975523353606, 0.015408372926085434, 0.1439924492568535, 0.10925012784247505, 0.002934204249842389, 0.25423726429907323, 0.017196069454664828, 0.2602603460444022, 0.16647473170526522, 0.08327822284158151, 0.0020427807770352683, 0.15100948595422167, 0.09215457866817611, 0.06243021420509442, 0.053654962452824584, 0.0934668553977985, 0.19910052285031238, 0.029640210064171398, 0.11556464606564916, 0.021715166934056652, 0.12805189640701295, 0.18648019837614224, 0.02898163787840447, 0.03997931216767702, 0.03745122924944894, 0.0873585625688689, 0.001476885781547109, 0.10450565264973768, 0.144019708199322, 0.39260932864503145]","2_lag_traTLS, 18_lag_stratZ50ndj02, 23_lag_scpPSLjfm, 5_lag_traIT, 29_lag_atlSICsep, 3_lag_traDP, 28_lag_stratZ50ndj01, 24_lag_naoPSLjfm, 14_lag_eurPSLjfm, 1_lag_ismPRjja, 28_lag_traBS, 22_lag_ismPRjja, 7_lag_alpi, 27_lag_atlSICsep, 23_lag_traTLS, 1_lag_traEU, 9_lag_alpi, 9_lag_ensoSSTjfm, 1_lag_traDP, 11_lag_traEU, 27_lag_ismPRjja, 20_lag_traMC, 11_lag_neurTSjfm, 1_lag_nppc2SSTjfm, 24_lag_neurTSjfm, 24_lag_wnorPRjfm, 4_lag_nchinaPRjja, 1_lag_alpi, 1_lag_traTLS, 1_lag_traIT_3705_1"
LinearRegression,16,30,ensoSSTjfm,slow,1730.5,2005.5,0.4,31,1,1,20.828076238633184,-0.15533228683641218,3835,"['2_lag_traEU', '1_lag_2_median_traEU', '22_lag_ismPRjja', '1_lag_traDP', '3_lag_traDP', '5_lag_traIT', '7_lag_ensoSSTjfm', '23_lag_traTLS', '20_lag_stratZ50ndj04', '28_lag_traBS', '9_lag_ensoSSTjfm', '30_lag_traEC', '7_lag_alpi', '29_lag_atlSICsep', '14_lag_eurPSLjfm', '9_lag_alpi', '11_lag_traEU', '27_lag_atlSICsep', '1_lag_traEU', '20_lag_traMC', '27_lag_ismPRjja', '23_lag_scpPSLjfm', '11_lag_neurTSjfm', '1_lag_nppc2SSTjfm', '24_lag_neurTSjfm', '24_lag_wnorPRjfm', '4_lag_nchinaPRjja', '1_lag_alpi', '1_lag_traTLS', '1_lag_traIT']","[0.07123092240531015, 0.07123092240531002, 0.09150111624195965, 0.07919758536892797, 0.23476683902479573, 0.029208816717011244, 0.08333237801197987, 0.060059453774947716, 0.30455027210625674, 0.00596058363722338, 0.0040320936586792045, 0.1903491214472294, 0.0640563903216021, 0.0044212193715685135, 0.202657600641023, 0.15833077264459705, 0.058926450444864525, 0.00819249867220926, 0.08302567571006754, 0.13258907483276514, 0.1006447916519635, 0.13720027517403396, 0.04634944176760511, 0.0761205332529797, 0.10720061427320267, 0.05807428343871189, 0.025968436993258844, 0.0656679455123265, 0.08651779693468294, 0.3178933333072793]","2_lag_traEU, 1_lag_2_median_traEU, 22_lag_ismPRjja, 1_lag_traDP, 3_lag_traDP, 5_lag_traIT, 7_lag_ensoSSTjfm, 23_lag_traTLS, 20_lag_stratZ50ndj04, 28_lag_traBS, 9_lag_ensoSSTjfm, 30_lag_traEC, 7_lag_alpi, 29_lag_atlSICsep, 14_lag_eurPSLjfm, 9_lag_alpi, 11_lag_traEU, 27_lag_atlSICsep, 1_lag_traEU, 20_lag_traMC, 27_lag_ismPRjja, 23_lag_scpPSLjfm, 11_lag_neurTSjfm, 1_lag_nppc2SSTjfm, 24_lag_neurTSjfm, 24_lag_wnorPRjfm, 4_lag_nchinaPRjja, 1_lag_alpi, 1_lag_traTLS, 1_lag_traIT_3835_1"
LinearRegression,17,30,ensoSSTjfm,slow,1731.5,2005.5,0.4,32,2,2,18.606316966447633,-0.09912672321297937,3835,"['31_lag_neurTSjfm', '27_lag_ismPRjja', '19_lag_traBS', '19_lag_wnorPRjfm', '2_lag_traIFC', '5_lag_traIT', '20_lag_stratZ50ndj04', '11_lag_traEC', '9_lag_scpPSLjfm', '18_lag_stratZ50ndj02', '31_lag_stratZ50ndj03', '21_lag_traBS', '14_lag_eurPSLjfm', '23_lag_traTLS', '20_lag_traMC', '9_lag_alpi', '9_lag_ensoSSTjfm', '2_lag_traEU', '27_lag_atlSICsep', '19_lag_stratZ50ndj02', '11_lag_traEU', '2_lag_traTLS', '28_lag_traBS', '28_lag_stratZ50ndj01', '29_lag_atlSICsep', '23_lag_scpPSLjfm', '24_lag_wnorPRjfm', '24_lag_neurTSjfm', '4_lag_nchinaPRjja', '11_lag_neurTSjfm']","[0.11732998748408259, 0.17719813102296178, 0.15325937400742845, 0.025239760205163945, 0.11231894134630646, 0.030839942279078308, 0.20625896164996024, 0.05788549749567136, 0.10466197621103973, 0.063329695817918, 0.05657939462029829, 0.1277717659608025, 0.13237157767492724, 0.18559530674459437, 0.17123171457010547, 0.03957779205579708, 0.08683125938060493, 0.1655802188752755, 0.042631384641320186, 0.23791780872255838, 0.02549932500387024, 0.009055126098482223, 0.0475666396566556, 0.12250650197551716, 0.10586390034271934, 0.11654040015747616, 0.01967349241588432, 0.13822344282951757, 0.019590318921309968, 0.10003521834754817]","31_lag_neurTSjfm, 27_lag_ismPRjja, 19_lag_traBS, 19_lag_wnorPRjfm, 2_lag_traIFC, 5_lag_traIT, 20_lag_stratZ50ndj04, 11_lag_traEC, 9_lag_scpPSLjfm, 18_lag_stratZ50ndj02, 31_lag_stratZ50ndj03, 21_lag_traBS, 14_lag_eurPSLjfm, 23_lag_traTLS, 20_lag_traMC, 9_lag_alpi, 9_lag_ensoSSTjfm, 2_lag_traEU, 27_lag_atlSICsep, 19_lag_stratZ50ndj02, 11_lag_traEU, 2_lag_traTLS, 28_lag_traBS, 28_lag_stratZ50ndj01, 29_lag_atlSICsep, 23_lag_scpPSLjfm, 24_lag_wnorPRjfm, 24_lag_neurTSjfm, 4_lag_nchinaPRjja, 11_lag_neurTSjfm_3835_2"
LinearRegression,18,30,ensoSSTjfm,slow,1732.5,2005.5,0.4,33,3,3,18.52146878713352,-0.011853227981110659,3835,"['21_lag_traBS', '20_lag_stratZ50ndj04', '9_lag_alpi', '24_lag_naoPSLjfm', '20_lag_scpPSLjfm', '30_lag_traEC', '23_lag_traTLS', '13_lag_yrvPRjja', '31_lag_stratZ50ndj01', '19_lag_wnorPRjfm', '11_lag_cetTSjfm', '5_lag_traFS', '31_lag_neurTSjfm', '9_lag_ensoSSTjfm', '20_lag_traMC', '27_lag_atlSICsep', '19_lag_stratZ50ndj02', '14_lag_eurPSLjfm', '18_lag_stratZ50ndj02', '11_lag_traEU', '28_lag_traBS', '11_lag_traEC', '29_lag_atlSICsep', '28_lag_stratZ50ndj01', '3_lag_4_median_nchinaPRjja', '4_lag_nchinaPRjja', '24_lag_wnorPRjfm', '23_lag_scpPSLjfm', '24_lag_neurTSjfm', '11_lag_neurTSjfm']","[0.07750370833514916, 0.18349659945347954, 0.13694108695276355, 0.1004644596014526, 0.08510183921298255, 0.24474150343705262, 0.18100563125856595, 0.14273679303981102, 0.032394201332607966, 0.010149459328560973, 0.22782183201622533, 0.12515816311839636, 0.13785795044811758, 0.05689476178603355, 0.14009984843304946, 0.020453672103760208, 0.18081573417805502, 0.09576133934646945, 0.06956977212441212, 0.08930878142854776, 0.08960126085372128, 0.09519173528342262, 0.07558409972880323, 0.1455854258393265, 0.008151595357700162, 0.008151595357701078, 0.12507072481705903, 0.09024344371635654, 0.07880751545437732, 0.018695152423723715]","21_lag_traBS, 20_lag_stratZ50ndj04, 9_lag_alpi, 24_lag_naoPSLjfm, 20_lag_scpPSLjfm, 30_lag_traEC, 23_lag_traTLS, 13_lag_yrvPRjja, 31_lag_stratZ50ndj01, 19_lag_wnorPRjfm, 11_lag_cetTSjfm, 5_lag_traFS, 31_lag_neurTSjfm, 9_lag_ensoSSTjfm, 20_lag_traMC, 27_lag_atlSICsep, 19_lag_stratZ50ndj02, 14_lag_eurPSLjfm, 18_lag_stratZ50ndj02, 11_lag_traEU, 28_lag_traBS, 11_lag_traEC, 29_lag_atlSICsep, 28_lag_stratZ50ndj01, 3_lag_4_median_nchinaPRjja, 4_lag_nchinaPRjja, 24_lag_wnorPRjfm, 23_lag_scpPSLjfm, 24_lag_neurTSjfm, 11_lag_neurTSjfm_3835_3"
LinearRegression,19,30,ensoSSTjfm,slow,1733.5,2005.5,0.4,34,4,4,20.25887476561406,-0.1626680957972711,3835,"['29_lag_traBS', '19_lag_nchinaPRjja', '21_lag_traBS', '19_lag_wnorPRjfm', '13_lag_yrvPRjja', '23_lag_traTLS', '23_lag_stratZ50ndj01', '31_lag_stratZ50ndj01', '20_lag_scpPSLjfm', '11_lag_traEU', '28_lag_stratZ50ndj01', '31_lag_stratZ50ndj03', '20_lag_traMC', '28_lag_traBS', '15_lag_stratZ50ndj03', '11_lag_traEC', '16_lag_scpPSLjfm', '18_lag_stratZ50ndj02', '29_lag_atlSICsep', '30_lag_stratZ50ndj03', '27_lag_atlSICsep', '19_lag_stratZ50ndj02', '33_lag_atlSICjfm', '24_lag_wnorPRjfm', '24_lag_neurTSjfm', '33_lag_cetTSjfm', '11_lag_neurTSjfm', '4_lag_nchinaPRjja', '33_lag_naoPSLjfm', '23_lag_scpPSLjfm']","[0.16364846928256704, 0.1032702497212387, 0.12284387257577774, 0.12033907767609375, 0.07017521685930082, 0.10247401314078967, 0.05909616259413729, 0.06750836651785491, 0.04187038646798874, 0.015039276700884228, 0.1705609890611566, 0.13454419709259513, 0.15944583339359242, 0.14346234906607894, 0.19050058674293277, 0.04097692299250937, 0.0031819742100798057, 0.04795808800626219, 0.21378123148056208, 0.009854563424593336, 0.20001127860768758, 0.2879116653069033, 0.048688094723631836, 0.10077134448212582, 0.05336444130860506, 0.2125759554561707, 0.035003419524747004, 0.0328311434538201, 0.03770515073486772, 0.09094406268758849]","29_lag_traBS, 19_lag_nchinaPRjja, 21_lag_traBS, 19_lag_wnorPRjfm, 13_lag_yrvPRjja, 23_lag_traTLS, 23_lag_stratZ50ndj01, 31_lag_stratZ50ndj01, 20_lag_scpPSLjfm, 11_lag_traEU, 28_lag_stratZ50ndj01, 31_lag_stratZ50ndj03, 20_lag_traMC, 28_lag_traBS, 15_lag_stratZ50ndj03, 11_lag_traEC, 16_lag_scpPSLjfm, 18_lag_stratZ50ndj02, 29_lag_atlSICsep, 30_lag_stratZ50ndj03, 27_lag_atlSICsep, 19_lag_stratZ50ndj02, 33_lag_atlSICjfm, 24_lag_wnorPRjfm, 24_lag_neurTSjfm, 33_lag_cetTSjfm, 11_lag_neurTSjfm, 4_lag_nchinaPRjja, 33_lag_naoPSLjfm, 23_lag_scpPSLjfm_3835_4"
LinearRegression,20,30,ensoSSTjfm,slow,1734.5,2005.5,0.4,35,5,5,17.92985207783128,-0.0002355012719704461,3835,"['5_lag_traFS', '7_lag_ensoSSTjfm', '19_lag_stratZ50ndj01', '20_lag_stratZ50ndj04', '28_lag_traBS', '29_lag_traBS', '28_lag_stratZ50ndj01', '33_lag_atlSICjfm', '16_lag_atlSICsep', '18_lag_stratZ50ndj02', '10_lag_eapPSLjfm', '20_lag_stratZ50ndj03', '14_lag_neurTSjfm', '29_lag_atlSICsep', '20_lag_scpPSLjfm', '34_lag_alpi', '31_lag_eurPSLjfm', '30_lag_stratZ50ndj03', '31_lag_stratZ50ndj01', '24_lag_wnorPRjfm', '19_lag_stratZ50ndj02', '27_lag_atlSICsep', '11_lag_traEC', '34_lag_mhfIP30', '13_lag_yrvPRjja', '33_lag_cetTSjfm', '11_lag_neurTSjfm', '24_lag_neurTSjfm', '23_lag_scpPSLjfm', '33_lag_naoPSLjfm']","[0.25226074733441767, 0.1305157163959448, 0.04346667717660808, 0.1623793907093123, 0.050592885143303214, 0.14808121898474053, 0.1584996894074436, 0.047648043211660066, 0.09857187088716363, 0.041549370084510824, 0.2538036560342324, 0.11755708881946042, 0.030661954577667343, 0.17240755670516428, 0.0039044725202731887, 0.02455609639874142, 0.0951030684685039, 0.010368455914078615, 0.10187784642373658, 0.06950152307179391, 0.1814212038428023, 0.15679902462749046, 0.041867327333356144, 0.21182010250234912, 0.16241524578769814, 0.17289402712793042, 0.04327654611125438, 0.10279204346432427, 0.05454681764741018, 0.0037516017141292594]","5_lag_traFS, 7_lag_ensoSSTjfm, 19_lag_stratZ50ndj01, 20_lag_stratZ50ndj04, 28_lag_traBS, 29_lag_traBS, 28_lag_stratZ50ndj01, 33_lag_atlSICjfm, 16_lag_atlSICsep, 18_lag_stratZ50ndj02, 10_lag_eapPSLjfm, 20_lag_stratZ50ndj03, 14_lag_neurTSjfm, 29_lag_atlSICsep, 20_lag_scpPSLjfm, 34_lag_alpi, 31_lag_eurPSLjfm, 30_lag_stratZ50ndj03, 31_lag_stratZ50ndj01, 24_lag_wnorPRjfm, 19_lag_stratZ50ndj02, 27_lag_atlSICsep, 11_lag_traEC, 34_lag_mhfIP30, 13_lag_yrvPRjja, 33_lag_cetTSjfm, 11_lag_neurTSjfm, 24_lag_neurTSjfm, 23_lag_scpPSLjfm, 33_lag_naoPSLjfm_3835_5"
LinearRegression,21,30,ensoSSTjfm,slow,1735.5,2005.5,0.4,36,6,10,19.72554482729862,-0.17224598987962936,3835,"['19_lag_traBS', '23_lag_traTLS', '10_lag_eapPSLjfm', '33_lag_atlSICjfm', '18_lag_stratZ50ndj02', '28_lag_traBS', '19_lag_stratZ50ndj01', '19_lag_wnorPRjfm', '14_lag_neurTSjfm', '28_lag_scpPSLjfm', '31_lag_stratZ50ndj01', '16_lag_atlSICsep', '29_lag_atlSICsep', '20_lag_scpPSLjfm', '34_lag_alpi', '19_lag_stratZ50ndj02', '27_lag_atlSICsep', '20_lag_stratZ50ndj03', '13_lag_yrvPRjja', '29_lag_traBS', '30_lag_stratZ50ndj03', '31_lag_eurPSLjfm', '34_lag_mhfIP30', '11_lag_traEC', '11_lag_neurTSjfm', '24_lag_wnorPRjfm', '33_lag_cetTSjfm', '23_lag_scpPSLjfm', '24_lag_neurTSjfm', '33_lag_naoPSLjfm']","[0.16077121849312515, 0.09732543163689393, 0.20192932411674638, 0.037053678978539624, 0.03900867234430321, 0.09561747635976307, 0.15683661212150338, 0.1507836220613169, 0.0788762387260501, 0.13265490632604257, 0.0014046438657483436, 0.00031139520842470334, 0.16924839903712638, 0.041472887574999846, 0.0006808721031727476, 0.1795786429788584, 0.17899090551514765, 0.1161990612630688, 0.1548281848398482, 0.07712389408675922, 0.06699088275484852, 0.09341484551279185, 0.14304094513289678, 0.0661536860255894, 0.07505511926627756, 0.06727491039589359, 0.2503704022788074, 0.12675045192600293, 0.10301286259465157, 0.009747940356996497]","19_lag_traBS, 23_lag_traTLS, 10_lag_eapPSLjfm, 33_lag_atlSICjfm, 18_lag_stratZ50ndj02, 28_lag_traBS, 19_lag_stratZ50ndj01, 19_lag_wnorPRjfm, 14_lag_neurTSjfm, 28_lag_scpPSLjfm, 31_lag_stratZ50ndj01, 16_lag_atlSICsep, 29_lag_atlSICsep, 20_lag_scpPSLjfm, 34_lag_alpi, 19_lag_stratZ50ndj02, 27_lag_atlSICsep, 20_lag_stratZ50ndj03, 13_lag_yrvPRjja, 29_lag_traBS, 30_lag_stratZ50ndj03, 31_lag_eurPSLjfm, 34_lag_mhfIP30, 11_lag_traEC, 11_lag_neurTSjfm, 24_lag_wnorPRjfm, 33_lag_cetTSjfm, 23_lag_scpPSLjfm, 24_lag_neurTSjfm, 33_lag_naoPSLjfm_3835_10"
LinearRegression,22,30,ensoSSTjfm,slow,1736.5,2005.5,0.4,37,7,10,19.764083714162194,-0.2143940941452978,3835,"['19_lag_nchinaPRjja', '14_lag_neurTSjfm', '29_lag_traIT', '36_lag_eurPSLjfm', '10_lag_nchinaPRjja', '19_lag_stratZ50ndj02', '20_lag_scpPSLjfm', '14_lag_eurPSLjfm', '28_lag_scpPSLjfm', '23_lag_traTLS', '28_lag_traBS', '26_lag_stratZ50ndj01', '31_lag_stratZ50ndj01', '19_lag_wnorPRjfm', '34_lag_mhfIP30', '34_lag_alpi', '28_lag_wnorPRjfm', '29_lag_atlSICsep', '11_lag_traEC', '20_lag_stratZ50ndj03', '24_lag_wnorPRjfm', '30_lag_stratZ50ndj03', '29_lag_traBS', '13_lag_yrvPRjja', '31_lag_eurPSLjfm', '11_lag_neurTSjfm', '33_lag_cetTSjfm', '24_lag_neurTSjfm', '23_lag_scpPSLjfm', '33_lag_naoPSLjfm']","[0.06938416651643296, 0.10381878717151727, 0.030796525292623417, 0.039806175373153944, 0.02985488285396929, 0.18278655678752972, 0.03458688689149485, 0.09455924909134023, 0.08321181135382752, 0.05410552981898327, 0.11014265021036902, 0.04933538421575205, 0.032501816696640706, 0.16804901864803654, 0.1340368456161113, 0.010510106904851518, 0.03129794095733105, 0.1685118770186136, 0.024181978845595333, 0.2165022981877581, 0.07193744024179347, 0.06682402481617153, 0.09163469193925367, 0.1628760765563312, 0.11259828434427885, 0.15540643209923696, 0.21815590834674936, 0.0886366722117759, 0.11242640606347484, 0.027246486085484287]","19_lag_nchinaPRjja, 14_lag_neurTSjfm, 29_lag_traIT, 36_lag_eurPSLjfm, 10_lag_nchinaPRjja, 19_lag_stratZ50ndj02, 20_lag_scpPSLjfm, 14_lag_eurPSLjfm, 28_lag_scpPSLjfm, 23_lag_traTLS, 28_lag_traBS, 26_lag_stratZ50ndj01, 31_lag_stratZ50ndj01, 19_lag_wnorPRjfm, 34_lag_mhfIP30, 34_lag_alpi, 28_lag_wnorPRjfm, 29_lag_atlSICsep, 11_lag_traEC, 20_lag_stratZ50ndj03, 24_lag_wnorPRjfm, 30_lag_stratZ50ndj03, 29_lag_traBS, 13_lag_yrvPRjja, 31_lag_eurPSLjfm, 11_lag_neurTSjfm, 33_lag_cetTSjfm, 24_lag_neurTSjfm, 23_lag_scpPSLjfm, 33_lag_naoPSLjfm_3835_10"
LinearRegression,23,30,ensoSSTjfm,slow,1737.5,2005.5,0.4,38,8,10,19.86418068793548,-0.1338163202397365,3835,"['27_lag_nppc2SSTjfm', '19_lag_traBS', '33_lag_shSICmar', '14_lag_eurPSLjfm', '28_lag_wnorPRjfm', '25_lag_stratZ50ndj01', '11_lag_traEC', '37_lag_ginwSSTjfm', '36_lag_traMC', '28_lag_traBS', '24_lag_wnorPRjfm', '29_lag_traIT', '11_lag_traEU', '10_lag_nchinaPRjja', '23_lag_traTLS', '15_lag_traTLS', '34_lag_alpi', '19_lag_stratZ50ndj02', '19_lag_wnorPRjfm', '26_lag_stratZ50ndj01', '29_lag_atlSICsep', '13_lag_yrvPRjja', '30_lag_stratZ50ndj03', '31_lag_eurPSLjfm', '29_lag_traBS', '24_lag_neurTSjfm', '11_lag_neurTSjfm', '33_lag_cetTSjfm', '33_lag_naoPSLjfm', '23_lag_scpPSLjfm']","[0.17157533486723792, 0.2504898740136859, 0.07795513731838319, 0.001957230197234468, 0.03677445861550996, 0.13565932419866442, 0.06707010614803087, 0.15794667477042065, 0.20370420094878325, 0.0388098510039147, 0.011734146503423235, 0.06580300729185361, 0.09534718379435042, 0.005405205771218826, 0.18924824381144617, 0.1551047725484939, 0.02626125262200401, 0.20719992526993838, 0.018041066981458038, 0.0678823724776234, 0.11731315322388938, 0.09604461754924498, 0.08800254103910984, 0.04013391226236108, 0.12663789880915588, 0.06406472725840123, 0.2104579929357253, 0.2071684342828266, 0.0693314302194652, 0.03768163570497329]","27_lag_nppc2SSTjfm, 19_lag_traBS, 33_lag_shSICmar, 14_lag_eurPSLjfm, 28_lag_wnorPRjfm, 25_lag_stratZ50ndj01, 11_lag_traEC, 37_lag_ginwSSTjfm, 36_lag_traMC, 28_lag_traBS, 24_lag_wnorPRjfm, 29_lag_traIT, 11_lag_traEU, 10_lag_nchinaPRjja, 23_lag_traTLS, 15_lag_traTLS, 34_lag_alpi, 19_lag_stratZ50ndj02, 19_lag_wnorPRjfm, 26_lag_stratZ50ndj01, 29_lag_atlSICsep, 13_lag_yrvPRjja, 30_lag_stratZ50ndj03, 31_lag_eurPSLjfm, 29_lag_traBS, 24_lag_neurTSjfm, 11_lag_neurTSjfm, 33_lag_cetTSjfm, 33_lag_naoPSLjfm, 23_lag_scpPSLjfm_3835_10"
LinearRegression,24,30,ensoSSTjfm,slow,1738.5,2005.5,0.4,39,9,9,19.753335617109638,-0.168714755808295,3835,"['33_lag_shSICmar', '9_lag_nchinaPRjja', '29_lag_traIT', '20_lag_stratZ50ndj04', '14_lag_neurTSjfm', '23_lag_traTLS', '19_lag_traBS', '34_lag_mhfIP30', '19_lag_nchinaPRjja', '24_lag_wnorPRjfm', '37_lag_alpi', '36_lag_traMC', '29_lag_stratZ50ndj03', '13_lag_yrvPRjja', '30_lag_stratZ50ndj03', '28_lag_traBS', '31_lag_neurTSjfm', '34_lag_alpi', '29_lag_traBS', '31_lag_eurPSLjfm', '15_lag_traTLS', '29_lag_atlSICsep', '38_lag_eapPSLjfm', '19_lag_wnorPRjfm', '19_lag_stratZ50ndj02', '24_lag_neurTSjfm', '11_lag_neurTSjfm', '33_lag_naoPSLjfm', '33_lag_cetTSjfm', '23_lag_scpPSLjfm']","[0.07677351816873805, 0.03772878552715825, 0.02326394440908329, 0.2783119635850786, 0.051521456545842406, 0.23531343133879834, 0.202249267461228, 0.12390990545425082, 0.0771095903961949, 0.005446103615598026, 0.08151085811158133, 0.34907455813057653, 0.11513828794718421, 0.0477063420681525, 0.05041436770848574, 0.09483773609813259, 0.16173747592524257, 0.019264133220069007, 0.13689306747968674, 0.09657132506289304, 0.09920269964631656, 0.035766323867663694, 0.1282752238469162, 0.03143202191439796, 0.19321967397746903, 0.0354466263080958, 0.1779831576168441, 0.019507166588657303, 0.19445714339503495, 0.06195694350367836]","33_lag_shSICmar, 9_lag_nchinaPRjja, 29_lag_traIT, 20_lag_stratZ50ndj04, 14_lag_neurTSjfm, 23_lag_traTLS, 19_lag_traBS, 34_lag_mhfIP30, 19_lag_nchinaPRjja, 24_lag_wnorPRjfm, 37_lag_alpi, 36_lag_traMC, 29_lag_stratZ50ndj03, 13_lag_yrvPRjja, 30_lag_stratZ50ndj03, 28_lag_traBS, 31_lag_neurTSjfm, 34_lag_alpi, 29_lag_traBS, 31_lag_eurPSLjfm, 15_lag_traTLS, 29_lag_atlSICsep, 38_lag_eapPSLjfm, 19_lag_wnorPRjfm, 19_lag_stratZ50ndj02, 24_lag_neurTSjfm, 11_lag_neurTSjfm, 33_lag_naoPSLjfm, 33_lag_cetTSjfm, 23_lag_scpPSLjfm_3835_9"
LinearRegression,25,30,ensoSSTjfm,slow,1739.5,2005.5,0.4,40,10,10,20.28759004575164,-0.18157700454084053,3835,"['13_lag_yrvPRjja', '24_lag_wnorPRjfm', '39_lag_stratZ50ndj02', '20_lag_stratZ50ndj04', '37_lag_ginwSSTjfm', '34_lag_mhfIP30', '19_lag_traBS', '36_lag_traMC', '19_lag_nchinaPRjja', '34_lag_alpi', '20_lag_stratZ50ndj03', '31_lag_eurPSLjfm', '15_lag_traTLS', '14_lag_neurTSjfm', '31_lag_neurTSjfm', '30_lag_stratZ50ndj03', '37_lag_alpi', '29_lag_atlSICsep', '29_lag_traBS', '19_lag_wnorPRjfm', '28_lag_traBS', '10_lag_11_median_neurTSjfm', '38_lag_eapPSLjfm', '11_lag_neurTSjfm', '29_lag_stratZ50ndj03', '24_lag_neurTSjfm', '33_lag_naoPSLjfm', '19_lag_stratZ50ndj02', '33_lag_cetTSjfm', '23_lag_scpPSLjfm']","[0.1378273792074684, 0.03440991065910401, 0.0032449966684544133, 0.22423007590965685, 0.11789142680385521, 0.14009658167649594, 0.2325976144077395, 0.3263176158426463, 0.10434736184640414, 0.0034327967672064404, 0.21792837174575588, 0.04862266107274435, 0.18824854803177962, 0.10295784543791658, 0.14805223708120407, 0.10307444743549113, 0.05602701350258659, 0.07054269752645322, 0.0962804487019672, 0.11834183664419728, 0.09752711808769832, 0.06995562278563744, 0.09081389549423079, 0.06995562278564227, 0.13449356820768052, 0.007401324663108794, 0.03421321676682664, 0.13692327067010243, 0.18743204299383276, 0.07914204561312001]","13_lag_yrvPRjja, 24_lag_wnorPRjfm, 39_lag_stratZ50ndj02, 20_lag_stratZ50ndj04, 37_lag_ginwSSTjfm, 34_lag_mhfIP30, 19_lag_traBS, 36_lag_traMC, 19_lag_nchinaPRjja, 34_lag_alpi, 20_lag_stratZ50ndj03, 31_lag_eurPSLjfm, 15_lag_traTLS, 14_lag_neurTSjfm, 31_lag_neurTSjfm, 30_lag_stratZ50ndj03, 37_lag_alpi, 29_lag_atlSICsep, 29_lag_traBS, 19_lag_wnorPRjfm, 28_lag_traBS, 10_lag_11_median_neurTSjfm, 38_lag_eapPSLjfm, 11_lag_neurTSjfm, 29_lag_stratZ50ndj03, 24_lag_neurTSjfm, 33_lag_naoPSLjfm, 19_lag_stratZ50ndj02, 33_lag_cetTSjfm, 23_lag_scpPSLjfm_3835_10"
LinearRegression,26,30,ensoSSTjfm,slow,1740.5,2005.5,0.4,41,11,11,21.249067445149638,-0.2008347961927861,3835,"['35_lag_alpi', '24_lag_wnorPRjfm', '36_lag_traMC', '40_lag_traBS', '14_lag_neurTSjfm', '15_lag_traTLS', '11_lag_traEU', '31_lag_eurPSLjfm', '20_lag_stratZ50ndj03', '23_lag_traTLS', '37_lag_alpi', '19_lag_nchinaPRjja', '30_lag_stratZ50ndj03', '34_lag_alpi', '39_lag_stratZ50ndj02', '31_lag_neurTSjfm', '20_lag_stratZ50ndj04', '29_lag_atlSICsep', '40_lag_eurPSLjfm', '28_lag_traBS', '29_lag_stratZ50ndj03', '19_lag_wnorPRjfm', '29_lag_traBS', '11_lag_neurTSjfm', '24_lag_neurTSjfm', '38_lag_eapPSLjfm', '19_lag_stratZ50ndj02', '33_lag_naoPSLjfm', '23_lag_scpPSLjfm', '33_lag_cetTSjfm']","[0.12751714348900314, 0.05213548421418041, 0.37647315951141047, 0.10306556531931996, 0.1596435083246746, 0.05488511432932925, 0.03188582596145714, 0.0961498133429111, 0.1995877418670492, 0.206082158427072, 0.08315887426202112, 0.005494688271848517, 0.007090163557934428, 0.0624182965845418, 0.011860133294440032, 0.18180507716447764, 0.2969961881397291, 0.0075693664538771495, 0.16192056231943375, 0.11816611753708774, 0.13012635917068738, 0.15159281116076656, 0.14843343881718432, 0.13518865949544825, 0.15016259421459388, 0.19112141147480868, 0.19461040163463642, 0.008836980269127642, 0.047693614942658925, 0.10748472409675945]","35_lag_alpi, 24_lag_wnorPRjfm, 36_lag_traMC, 40_lag_traBS, 14_lag_neurTSjfm, 15_lag_traTLS, 11_lag_traEU, 31_lag_eurPSLjfm, 20_lag_stratZ50ndj03, 23_lag_traTLS, 37_lag_alpi, 19_lag_nchinaPRjja, 30_lag_stratZ50ndj03, 34_lag_alpi, 39_lag_stratZ50ndj02, 31_lag_neurTSjfm, 20_lag_stratZ50ndj04, 29_lag_atlSICsep, 40_lag_eurPSLjfm, 28_lag_traBS, 29_lag_stratZ50ndj03, 19_lag_wnorPRjfm, 29_lag_traBS, 11_lag_neurTSjfm, 24_lag_neurTSjfm, 38_lag_eapPSLjfm, 19_lag_stratZ50ndj02, 33_lag_naoPSLjfm, 23_lag_scpPSLjfm, 33_lag_cetTSjfm_3835_11"
LinearRegression,27,30,ensoSSTjfm,slow,1741.5,2005.5,0.4,42,12,14,19.081523235986975,-0.00860373631306184,3835,"['25_lag_wnorPRjfm', '37_lag_seurTSjfm', '33_lag_wnorPRjfm', '39_lag_stratZ50ndj02', '28_lag_traBS', '35_lag_alpi', '21_lag_stratZ50ndj02', '19_lag_traBS', '14_lag_neurTSjfm', '19_lag_nchinaPRjja', '37_lag_eapPSLjfm', '41_lag_traTLS', '15_lag_traTLS', '29_lag_stratZ50ndj03', '41_lag_traIT', '23_lag_traTLS', '31_lag_neurTSjfm', '19_lag_stratZ50ndj02', '29_lag_atlSICsep', '29_lag_traBS', '34_lag_alpi', '20_lag_stratZ50ndj04', '28_lag_scpPSLjfm', '41_lag_mhfIP30', '19_lag_wnorPRjfm', '24_lag_neurTSjfm', '38_lag_eapPSLjfm', '23_lag_scpPSLjfm', '33_lag_naoPSLjfm', '33_lag_cetTSjfm']","[0.13780865865173242, 0.190822244632657, 0.190783461529898, 0.054291340847210955, 0.14663056513669587, 0.092685714237292, 0.055449499279213534, 0.19964601249154515, 0.1230384558299143, 0.006089117043402546, 0.061328713130048944, 0.27296172325108103, 0.17184895816133913, 0.18048679742047236, 0.01723577791043261, 0.17147078248485978, 0.2105925434721432, 0.18478169517504206, 0.07272170183297821, 0.059232884063298887, 0.09705036329551997, 0.27227876713462035, 0.09419060941398302, 0.16538752313570665, 0.013570768897797212, 0.0865292847578771, 0.029602667716502065, 0.04667213853712301, 0.24973963094106053, 0.2989034425736532]","25_lag_wnorPRjfm, 37_lag_seurTSjfm, 33_lag_wnorPRjfm, 39_lag_stratZ50ndj02, 28_lag_traBS, 35_lag_alpi, 21_lag_stratZ50ndj02, 19_lag_traBS, 14_lag_neurTSjfm, 19_lag_nchinaPRjja, 37_lag_eapPSLjfm, 41_lag_traTLS, 15_lag_traTLS, 29_lag_stratZ50ndj03, 41_lag_traIT, 23_lag_traTLS, 31_lag_neurTSjfm, 19_lag_stratZ50ndj02, 29_lag_atlSICsep, 29_lag_traBS, 34_lag_alpi, 20_lag_stratZ50ndj04, 28_lag_scpPSLjfm, 41_lag_mhfIP30, 19_lag_wnorPRjfm, 24_lag_neurTSjfm, 38_lag_eapPSLjfm, 23_lag_scpPSLjfm, 33_lag_naoPSLjfm, 33_lag_cetTSjfm_3835_14"
LinearRegression,28,30,ensoSSTjfm,slow,1742.5,2005.5,0.4,43,13,13,19.71231337654689,-0.0950666735877733,3835,"['39_lag_stratZ50ndj01', '19_lag_traBS', '40_lag_traBS', '37_lag_ginwSSTjfm', '35_lag_alpi', '19_lag_mhfATL30', '39_lag_ensoSSTjfm', '15_lag_traTLS', '29_lag_traIT', '37_lag_eapPSLjfm', '41_lag_traTLS', '24_lag_nchinaPRjja', '23_lag_traTLS', '29_lag_traBS', '34_lag_alpi', '41_lag_mhfIP30', '13_lag_yrvPRjja', '29_lag_atlSICsep', '41_lag_traIT', '29_lag_stratZ50ndj03', '19_lag_wnorPRjfm', '19_lag_stratZ50ndj02', '31_lag_neurTSjfm', '20_lag_stratZ50ndj04', '24_lag_neurTSjfm', '28_lag_scpPSLjfm', '23_lag_scpPSLjfm', '38_lag_eapPSLjfm', '33_lag_naoPSLjfm', '33_lag_cetTSjfm']","[0.19911392199280512, 0.23239497834645012, 0.09043006454226925, 0.11325379191131348, 0.09361346289483233, 0.02466806155296844, 0.10792716000293064, 0.17590836763268147, 0.026596103417804867, 0.0752640855372592, 0.1979090274097361, 0.1464684524380752, 0.20347566564719302, 0.11926944171108522, 0.03653851772335797, 0.18484264208234577, 0.035846750394796026, 0.13058008228691634, 0.09282360671193064, 0.10276671434445138, 0.00265956804438342, 0.1741728036971822, 0.15586497911734598, 0.27941732926449, 0.11186747957556778, 0.10424430668736726, 0.06210961794497446, 0.08409202130221294, 0.11785806008245785, 0.172814323966795]","39_lag_stratZ50ndj01, 19_lag_traBS, 40_lag_traBS, 37_lag_ginwSSTjfm, 35_lag_alpi, 19_lag_mhfATL30, 39_lag_ensoSSTjfm, 15_lag_traTLS, 29_lag_traIT, 37_lag_eapPSLjfm, 41_lag_traTLS, 24_lag_nchinaPRjja, 23_lag_traTLS, 29_lag_traBS, 34_lag_alpi, 41_lag_mhfIP30, 13_lag_yrvPRjja, 29_lag_atlSICsep, 41_lag_traIT, 29_lag_stratZ50ndj03, 19_lag_wnorPRjfm, 19_lag_stratZ50ndj02, 31_lag_neurTSjfm, 20_lag_stratZ50ndj04, 24_lag_neurTSjfm, 28_lag_scpPSLjfm, 23_lag_scpPSLjfm, 38_lag_eapPSLjfm, 33_lag_naoPSLjfm, 33_lag_cetTSjfm_3835_13"
LinearRegression,29,30,ensoSSTjfm,slow,1743.5,2005.5,0.4,44,14,17,20.097176204710205,-0.11083549239036074,3835,"['19_lag_mhfATL30', '17_lag_traEU', '30_lag_stratZ50ndj03', '24_lag_wnorPRjfm', '33_lag_wnorPRjfm', '28_lag_traBS', '37_lag_ginwSSTjfm', '29_lag_stratZ50ndj03', '36_lag_traMC', '19_lag_traBS', '31_lag_neurTSjfm', '29_lag_traIT', '39_lag_stratZ50ndj01', '23_lag_traTLS', '41_lag_traTLS', '43_lag_scpPSLjfm', '19_lag_wnorPRjfm', '29_lag_atlSICsep', '41_lag_mhfIP30', '41_lag_traIT', '29_lag_traBS', '19_lag_stratZ50ndj02', '20_lag_stratZ50ndj04', '43_lag_shSICmar', '28_lag_scpPSLjfm', '24_lag_neurTSjfm', '23_lag_scpPSLjfm', '38_lag_eapPSLjfm', '33_lag_naoPSLjfm', '33_lag_cetTSjfm']","[0.025741114300164077, 0.10856518034277937, 0.019775940365322327, 0.05113729214579121, 0.20417994980369572, 0.19571637411085388, 0.15361641829685088, 0.1123845012295254, 0.2638027134837423, 0.169763523048012, 0.1412198744970001, 0.08329801038410023, 0.21059718301285735, 0.16498155686946495, 0.21690901803594012, 0.14424953929500592, 0.005268229007493532, 0.07415804235931314, 0.10690102915179535, 0.02281876793988917, 0.10844173266914513, 0.21765974210404312, 0.23964314328004613, 0.13885354698674335, 0.19408620436680957, 0.0004043321228104288, 0.09516668821395939, 0.19121170020301956, 0.2630940882008974, 0.14481721009555082]","19_lag_mhfATL30, 17_lag_traEU, 30_lag_stratZ50ndj03, 24_lag_wnorPRjfm, 33_lag_wnorPRjfm, 28_lag_traBS, 37_lag_ginwSSTjfm, 29_lag_stratZ50ndj03, 36_lag_traMC, 19_lag_traBS, 31_lag_neurTSjfm, 29_lag_traIT, 39_lag_stratZ50ndj01, 23_lag_traTLS, 41_lag_traTLS, 43_lag_scpPSLjfm, 19_lag_wnorPRjfm, 29_lag_atlSICsep, 41_lag_mhfIP30, 41_lag_traIT, 29_lag_traBS, 19_lag_stratZ50ndj02, 20_lag_stratZ50ndj04, 43_lag_shSICmar, 28_lag_scpPSLjfm, 24_lag_neurTSjfm, 23_lag_scpPSLjfm, 38_lag_eapPSLjfm, 33_lag_naoPSLjfm, 33_lag_cetTSjfm_3835_17"
LinearRegression,30,30,ensoSSTjfm,slow,1744.5,2005.5,0.4,45,15,15,19.069998235521137,-0.09575661684135464,3835,"['43_lag_mhfIP30', '19_lag_traBS', '40_lag_traBS', '25_lag_wnorPRjfm', '33_lag_traEC', '36_lag_stratZ50ndj03', '29_lag_atlSICsep', '36_lag_traMC', '29_lag_traIT', '21_lag_stratZ50ndj02', '19_lag_wnorPRjfm', '43_lag_scpPSLjfm', '29_lag_traBS', '30_lag_stratZ50ndj03', '20_lag_stratZ50ndj04', '39_lag_stratZ50ndj01', '41_lag_traTLS', '41_lag_mhfIP30', '15_lag_traTLS', '23_lag_traTLS', '19_lag_stratZ50ndj02', '43_lag_shSICmar', '41_lag_traIT', '23_lag_scpPSLjfm', '28_lag_scpPSLjfm', '24_lag_neurTSjfm', '33_lag_naoPSLjfm', '38_lag_eapPSLjfm', '33_lag_cetTSjfm', '44_lag_nchinaPRjja']","[0.009883207848644158, 0.20906036919518245, 0.14397298730506117, 0.0834766754348541, 0.1051593397851083, 0.095642443567192, 0.13485055445630698, 0.1847848730387959, 0.07959538186254494, 0.004071014280839403, 0.053262392746055376, 0.1238621835657901, 0.1852266858421956, 0.035105429384421606, 0.2652091729343898, 0.1915055214957673, 0.14325715530169736, 0.11654339016159644, 0.1502156660485381, 0.1637838262486618, 0.21832217586194505, 0.13815250975257123, 0.032533633890463425, 0.09744575639193591, 0.1455023595008168, 0.07024815254726204, 0.09999665478991249, 0.08748571029483854, 0.1117255916157586, 0.11430246328795787]","43_lag_mhfIP30, 19_lag_traBS, 40_lag_traBS, 25_lag_wnorPRjfm, 33_lag_traEC, 36_lag_stratZ50ndj03, 29_lag_atlSICsep, 36_lag_traMC, 29_lag_traIT, 21_lag_stratZ50ndj02, 19_lag_wnorPRjfm, 43_lag_scpPSLjfm, 29_lag_traBS, 30_lag_stratZ50ndj03, 20_lag_stratZ50ndj04, 39_lag_stratZ50ndj01, 41_lag_traTLS, 41_lag_mhfIP30, 15_lag_traTLS, 23_lag_traTLS, 19_lag_stratZ50ndj02, 43_lag_shSICmar, 41_lag_traIT, 23_lag_scpPSLjfm, 28_lag_scpPSLjfm, 24_lag_neurTSjfm, 33_lag_naoPSLjfm, 38_lag_eapPSLjfm, 33_lag_cetTSjfm, 44_lag_nchinaPRjja_3835_15"
LinearRegression,31,30,ensoSSTjfm,slow,1745.5,2005.5,0.4,46,16,16,19.169047711242364,-0.06147521760317562,3835,"['36_lag_stratZ50ndj03', '39_lag_ormenSSTjfm', '19_lag_wnorPRjfm', '16_lag_alpi', '29_lag_atlSICsep', '25_lag_wnorPRjfm', '16_lag_17_median_traEU', '17_lag_traEU', '43_lag_scpPSLjfm', '19_lag_traBS', '30_lag_stratZ50ndj03', '31_lag_neurTSjfm', '31_lag_stratZ50ndj01', '20_lag_stratZ50ndj04', '21_lag_stratZ50ndj02', '45_lag_shSICsep', '41_lag_mhfIP30', '41_lag_traIT', '43_lag_shSICmar', '23_lag_scpPSLjfm', '41_lag_traTLS', '19_lag_stratZ50ndj02', '28_lag_scpPSLjfm', '38_lag_eapPSLjfm', '45_lag_ensoSSTjfm', '23_lag_traTLS', '24_lag_neurTSjfm', '33_lag_naoPSLjfm', '33_lag_cetTSjfm', '44_lag_nchinaPRjja']","[0.06740968592992302, 0.13634950436628815, 0.024351180773179694, 0.12470363978200731, 0.08970641742017052, 0.08573131508388382, 3530897354966.872, 3530897354966.9844, 0.15012702178693013, 0.10192294200291697, 0.04657164965301867, 0.1402245274312829, 0.04459655576220362, 0.2648584621977707, 0.033172424972306935, 0.028006656327669067, 0.03598408779108809, 0.06000801137475708, 0.18466593976118012, 0.1189101537056152, 0.1009563874900681, 0.2122525179350915, 0.11257741267689406, 0.09796646742844747, 0.10265941957855582, 0.17695036246408688, 0.06440190702112214, 0.10243782154352224, 0.16976868583514482, 0.060420312095819585]","36_lag_stratZ50ndj03, 39_lag_ormenSSTjfm, 19_lag_wnorPRjfm, 16_lag_alpi, 29_lag_atlSICsep, 25_lag_wnorPRjfm, 16_lag_17_median_traEU, 17_lag_traEU, 43_lag_scpPSLjfm, 19_lag_traBS, 30_lag_stratZ50ndj03, 31_lag_neurTSjfm, 31_lag_stratZ50ndj01, 20_lag_stratZ50ndj04, 21_lag_stratZ50ndj02, 45_lag_shSICsep, 41_lag_mhfIP30, 41_lag_traIT, 43_lag_shSICmar, 23_lag_scpPSLjfm, 41_lag_traTLS, 19_lag_stratZ50ndj02, 28_lag_scpPSLjfm, 38_lag_eapPSLjfm, 45_lag_ensoSSTjfm, 23_lag_traTLS, 24_lag_neurTSjfm, 33_lag_naoPSLjfm, 33_lag_cetTSjfm, 44_lag_nchinaPRjja_3835_16"
LinearRegression,32,30,ensoSSTjfm,slow,1746.5,2005.5,0.4,47,17,17,19.25565678935434,-0.027653390099742346,3835,"['25_lag_wnorPRjfm', '29_lag_alpi', '41_lag_mhfIP30', '41_lag_traIT', '36_lag_stratZ50ndj03', '45_lag_ensoSSTjfm', '34_lag_mhfIP30', '28_lag_wnorPRjfm', '17_lag_traEU', '45_lag_shSICsep', '28_lag_traBS', '19_lag_traBS', '30_lag_stratZ50ndj01', '29_lag_atlSICsep', '20_lag_stratZ50ndj04', '46_lag_scpPSLjfm', '46_lag_eurPSLjfm', '28_lag_scpPSLjfm', '38_lag_eapPSLjfm', '28_lag_yrvPRjja', '41_lag_traTLS', '19_lag_stratZ50ndj02', '24_lag_neurTSjfm', '46_lag_cetTSjfm', '31_lag_stratZ50ndj01', '23_lag_scpPSLjfm', '33_lag_naoPSLjfm', '33_lag_cetTSjfm', '23_lag_traTLS', '44_lag_nchinaPRjja']","[0.13908731900524213, 0.1188262392692321, 0.11927687832947247, 0.036296205708353714, 0.11900288409466339, 0.020178921652941918, 0.13562349448862998, 0.06685656582282348, 0.042334873202161616, 0.006814559770481441, 0.051174902612566964, 0.15996470415268663, 0.07689469685286794, 0.1676220892207182, 0.24929736093258043, 0.20184245006752316, 0.15235816992441373, 0.13621662313275537, 0.046783349920744996, 0.2576868212618847, 0.21427568952121545, 0.09095734687388583, 0.07785251687139409, 0.08653577247617712, 0.0467849799457593, 0.12546656280512727, 0.14532040775113017, 0.21689144693382062, 0.10187181791161115, 0.135534381680678]","25_lag_wnorPRjfm, 29_lag_alpi, 41_lag_mhfIP30, 41_lag_traIT, 36_lag_stratZ50ndj03, 45_lag_ensoSSTjfm, 34_lag_mhfIP30, 28_lag_wnorPRjfm, 17_lag_traEU, 45_lag_shSICsep, 28_lag_traBS, 19_lag_traBS, 30_lag_stratZ50ndj01, 29_lag_atlSICsep, 20_lag_stratZ50ndj04, 46_lag_scpPSLjfm, 46_lag_eurPSLjfm, 28_lag_scpPSLjfm, 38_lag_eapPSLjfm, 28_lag_yrvPRjja, 41_lag_traTLS, 19_lag_stratZ50ndj02, 24_lag_neurTSjfm, 46_lag_cetTSjfm, 31_lag_stratZ50ndj01, 23_lag_scpPSLjfm, 33_lag_naoPSLjfm, 33_lag_cetTSjfm, 23_lag_traTLS, 44_lag_nchinaPRjja_3835_17"
LinearRegression,33,30,ensoSSTjfm,slow,1747.5,2005.5,0.4,48,18,18,18.925937314919985,-0.055415046484084206,3835,"['43_lag_shSICmar', '25_lag_wnorPRjfm', '45_lag_ensoSSTjfm', '45_lag_shSICsep', '41_lag_traIT', '19_lag_traBS', '18_lag_19_median_traBS', '31_lag_stratZ50ndj03', '18_lag_19_median_stratZ50ndj02', '19_lag_stratZ50ndj02', '28_lag_traBS', '20_lag_stratZ50ndj04', '46_lag_scpPSLjfm', '30_lag_stratZ50ndj01', '36_lag_stratZ50ndj03', '28_lag_wnorPRjfm', '29_lag_atlSICsep', '46_lag_eurPSLjfm', '28_lag_scpPSLjfm', '31_lag_stratZ50ndj01', '46_lag_cetTSjfm', '28_lag_yrvPRjja', '41_lag_traTLS', '38_lag_eapPSLjfm', '24_lag_neurTSjfm', '23_lag_scpPSLjfm', '33_lag_naoPSLjfm', '33_lag_cetTSjfm', '23_lag_traTLS', '44_lag_nchinaPRjja']","[0.14318862285120582, 0.13530168397853698, 0.05428011790953151, 0.026681825187401066, 0.05015005059416296, 6249316414007.55, 6249316414007.726, 0.034133232149841056, 2775994018076.3745, 2775994018076.5156, 0.0308050214413942, 0.24955744559659918, 0.16172077764180556, 0.10037611332185616, 0.1276373015894412, 0.07206572292130682, 0.2095508949938204, 0.07519357646108385, 0.1445231299412423, 0.04094040690171494, 0.16041499808050608, 0.24014715778725965, 0.20084998139280597, 0.0024175339810893317, 0.08594956495632469, 0.11893368576819746, 0.11550346763319755, 0.2058027808752342, 0.14518083518590716, 0.09529997879324795]","43_lag_shSICmar, 25_lag_wnorPRjfm, 45_lag_ensoSSTjfm, 45_lag_shSICsep, 41_lag_traIT, 19_lag_traBS, 18_lag_19_median_traBS, 31_lag_stratZ50ndj03, 18_lag_19_median_stratZ50ndj02, 19_lag_stratZ50ndj02, 28_lag_traBS, 20_lag_stratZ50ndj04, 46_lag_scpPSLjfm, 30_lag_stratZ50ndj01, 36_lag_stratZ50ndj03, 28_lag_wnorPRjfm, 29_lag_atlSICsep, 46_lag_eurPSLjfm, 28_lag_scpPSLjfm, 31_lag_stratZ50ndj01, 46_lag_cetTSjfm, 28_lag_yrvPRjja, 41_lag_traTLS, 38_lag_eapPSLjfm, 24_lag_neurTSjfm, 23_lag_scpPSLjfm, 33_lag_naoPSLjfm, 33_lag_cetTSjfm, 23_lag_traTLS, 44_lag_nchinaPRjja_3835_18"
LinearRegression,34,30,ensoSSTjfm,slow,1748.5,2005.5,0.4,49,19,19,20.562862748694418,-0.030393603451010023,3835,"['28_lag_traBS', '29_lag_scpPSLjfm', '30_lag_stratZ50ndj01', '46_lag_eurPSLjfm', '43_lag_nchinaPRjja', '38_lag_seurTSjfm', '43_lag_scpPSLjfm', '33_lag_traEC', '45_lag_ensoSSTjfm', '31_lag_neurTSjfm', '20_lag_stratZ50ndj04', '19_lag_20_median_stratZ50ndj04', '36_lag_stratZ50ndj03', '39_lag_ensoSSTjfm', '33_lag_wnorPRjfm', '23_lag_scpPSLjfm', '37_lag_eurPSLjfm', '28_lag_yrvPRjja', '19_lag_traBS', '46_lag_scpPSLjfm', '19_lag_wnorPRjfm', '29_lag_atlSICsep', '38_lag_eapPSLjfm', '41_lag_traTLS', '28_lag_scpPSLjfm', '19_lag_stratZ50ndj02', '33_lag_cetTSjfm', '33_lag_naoPSLjfm', '23_lag_traTLS', '44_lag_nchinaPRjja']","[0.07683522104523072, 0.06432126414333424, 0.17073882580271926, 0.10752158809754354, 0.016745330348358088, 0.024077221035947352, 0.1532545484060281, 0.08432147023340338, 0.1013201907835809, 0.19841106362131328, 7104318272947.672, 7104318272947.4795, 0.006001931121622554, 0.009976971453764917, 0.19074985852020077, 0.12971320037095824, 0.09569795833839631, 0.2495048055733848, 0.20438373795410558, 0.16640501167570546, 0.005907807311696853, 0.19191954035145517, 0.0026328224300976055, 0.18482486770823248, 0.09145039563932536, 0.10907639787861237, 0.23991900228201707, 0.2781876108425241, 0.18806668303795956, 0.08958859929865799]","28_lag_traBS, 29_lag_scpPSLjfm, 30_lag_stratZ50ndj01, 46_lag_eurPSLjfm, 43_lag_nchinaPRjja, 38_lag_seurTSjfm, 43_lag_scpPSLjfm, 33_lag_traEC, 45_lag_ensoSSTjfm, 31_lag_neurTSjfm, 20_lag_stratZ50ndj04, 19_lag_20_median_stratZ50ndj04, 36_lag_stratZ50ndj03, 39_lag_ensoSSTjfm, 33_lag_wnorPRjfm, 23_lag_scpPSLjfm, 37_lag_eurPSLjfm, 28_lag_yrvPRjja, 19_lag_traBS, 46_lag_scpPSLjfm, 19_lag_wnorPRjfm, 29_lag_atlSICsep, 38_lag_eapPSLjfm, 41_lag_traTLS, 28_lag_scpPSLjfm, 19_lag_stratZ50ndj02, 33_lag_cetTSjfm, 33_lag_naoPSLjfm, 23_lag_traTLS, 44_lag_nchinaPRjja_3835_19"
LinearRegression,35,30,ensoSSTjfm,slow,1749.5,2005.5,0.4,50,20,20,20.982497663188624,-0.050838270488278395,3835,"['29_lag_scpPSLjfm', '43_lag_nchinaPRjja', '33_lag_traEC', '27_lag_alpi', '33_lag_wnorPRjfm', '43_lag_scpPSLjfm', '40_lag_nchinaPRjja', '38_lag_stratZ50ndj03', '28_lag_wnorPRjfm', '23_lag_scpPSLjfm', '46_lag_cetTSjfm', '30_lag_stratZ50ndj01', '28_lag_yrvPRjja', '28_lag_traBS', '39_lag_ensoSSTjfm', '45_lag_ensoSSTjfm', '31_lag_neurTSjfm', '38_lag_eapPSLjfm', '36_lag_stratZ50ndj03', '37_lag_eurPSLjfm', '20_lag_stratZ50ndj04', '20_lag_traIT', '28_lag_scpPSLjfm', '29_lag_atlSICsep', '33_lag_cetTSjfm', '41_lag_traTLS', '46_lag_scpPSLjfm', '33_lag_naoPSLjfm', '23_lag_traTLS', '44_lag_nchinaPRjja']","[0.07805063703035507, 0.07413547682809074, 0.15710512901582357, 0.08492529784320113, 0.22826216106639446, 0.10067052170993367, 0.0033100372938846983, 0.08083739512164598, 0.018113312070640167, 0.13564227702314297, 0.09015117423296286, 0.2251704538539078, 0.21693410687879447, 0.1827711317794099, 0.07259752179148882, 0.10254295619400483, 0.2216639054505699, 0.015341161151243746, 0.046449612181641495, 0.19320358033519397, 0.095552965475884, 0.2579811046028442, 0.0497217936109082, 0.2189340266619569, 0.2728302289088063, 0.15679060901643332, 0.17652016546092703, 0.21828152492997793, 0.12661828519323015, 0.09083149606895155]","29_lag_scpPSLjfm, 43_lag_nchinaPRjja, 33_lag_traEC, 27_lag_alpi, 33_lag_wnorPRjfm, 43_lag_scpPSLjfm, 40_lag_nchinaPRjja, 38_lag_stratZ50ndj03, 28_lag_wnorPRjfm, 23_lag_scpPSLjfm, 46_lag_cetTSjfm, 30_lag_stratZ50ndj01, 28_lag_yrvPRjja, 28_lag_traBS, 39_lag_ensoSSTjfm, 45_lag_ensoSSTjfm, 31_lag_neurTSjfm, 38_lag_eapPSLjfm, 36_lag_stratZ50ndj03, 37_lag_eurPSLjfm, 20_lag_stratZ50ndj04, 20_lag_traIT, 28_lag_scpPSLjfm, 29_lag_atlSICsep, 33_lag_cetTSjfm, 41_lag_traTLS, 46_lag_scpPSLjfm, 33_lag_naoPSLjfm, 23_lag_traTLS, 44_lag_nchinaPRjja_3835_20"
LinearRegression,36,30,ensoSSTjfm,slow,1750.5,2005.5,0.4,51,21,21,22.112527417010835,-0.05065466460282873,3835,"['46_lag_cetTSjfm', '27_lag_tripol1', '41_lag_mhfIP30', '46_lag_seurTSjfm', '41_lag_traIT', '45_lag_ensoSSTjfm', '46_lag_neurTSjfm', '39_lag_ensoSSTjfm', '43_lag_nchinaPRjja', '38_lag_stratZ50ndj03', '40_lag_nchinaPRjja', '30_lag_stratZ50ndj01', '28_lag_yrvPRjja', '33_lag_traEC', '28_lag_mhfIP30', '21_lag_stratZ50ndj02', '27_lag_alpi', '28_lag_traBS', '46_lag_eurPSLjfm', '33_lag_cetTSjfm', '46_lag_scpPSLjfm', '31_lag_neurTSjfm', '36_lag_stratZ50ndj03', '29_lag_atlSICsep', '28_lag_scpPSLjfm', '41_lag_traTLS', '37_lag_eurPSLjfm', '33_lag_naoPSLjfm', '23_lag_traTLS', '44_lag_nchinaPRjja']","[0.0830784370277394, 0.0017740466882899542, 0.11988007388441436, 0.08011149498018302, 0.21494940652056863, 0.12201681756417794, 0.2394506184607857, 0.16864311125375445, 0.014353052809548404, 0.059731673923954634, 0.011606466029367985, 0.26592259689101067, 0.20368326477295398, 0.1638025540170944, 0.06715892787442909, 0.07404424133384685, 0.07756934315405532, 0.10587131299388593, 0.15418070645644802, 0.19086142933382264, 0.09668888002884768, 0.24281786336827363, 0.055071779968060404, 0.22189453908109696, 0.023602318049245313, 0.2577868229757833, 0.21177197830443928, 0.080929209749156, 0.2004123636039723, 0.17092558942436584]","46_lag_cetTSjfm, 27_lag_tripol1, 41_lag_mhfIP30, 46_lag_seurTSjfm, 41_lag_traIT, 45_lag_ensoSSTjfm, 46_lag_neurTSjfm, 39_lag_ensoSSTjfm, 43_lag_nchinaPRjja, 38_lag_stratZ50ndj03, 40_lag_nchinaPRjja, 30_lag_stratZ50ndj01, 28_lag_yrvPRjja, 33_lag_traEC, 28_lag_mhfIP30, 21_lag_stratZ50ndj02, 27_lag_alpi, 28_lag_traBS, 46_lag_eurPSLjfm, 33_lag_cetTSjfm, 46_lag_scpPSLjfm, 31_lag_neurTSjfm, 36_lag_stratZ50ndj03, 29_lag_atlSICsep, 28_lag_scpPSLjfm, 41_lag_traTLS, 37_lag_eurPSLjfm, 33_lag_naoPSLjfm, 23_lag_traTLS, 44_lag_nchinaPRjja_3835_21"
LinearRegression,37,30,ensoSSTjfm,slow,1751.5,2005.5,0.4,52,22,22,20.886959361622246,0.04962665567403498,3835,"['30_lag_stratZ50ndj02', '46_lag_seurTSjfm', '30_lag_stratZ50ndj01', '28_lag_eurPSLjfm', '46_lag_cetTSjfm', '27_lag_tripol1', '33_lag_traEC', '34_lag_traBS', '46_lag_neurTSjfm', '28_lag_traBS', '51_lag_shSICmar', '27_lag_alpi', '28_lag_mhfIP30', '28_lag_yrvPRjja', '33_lag_cetTSjfm', '38_lag_stratZ50ndj03', '46_lag_scpPSLjfm', '51_lag_eapPSLjfm', '46_lag_eurPSLjfm', '36_lag_stratZ50ndj03', '29_lag_atlSICsep', '31_lag_neurTSjfm', '41_lag_traTLS', '28_lag_scpPSLjfm', '37_lag_eurPSLjfm', '51_lag_stratZ50ndj01', '33_lag_naoPSLjfm', '22_lag_23_median_traTLS', '23_lag_traTLS', '44_lag_nchinaPRjja']","[0.09119984219768125, 0.13745860398739418, 0.19872820474763406, 0.04547660336203628, 0.2681918809358856, 0.04828723766691437, 0.07666380366125272, 0.21552537561098464, 0.29027403740924584, 0.2749746288746862, 0.2692358389860284, 0.14993799677360245, 0.05716202263096916, 0.14492371918914884, 0.19538298668975868, 0.021194379991333733, 0.1827047292799462, 0.0570857182394365, 0.22824551019824146, 0.00803846486374489, 0.20041319889066758, 0.2580771779635843, 0.13575581899504718, 0.005344246383055792, 0.1652705556278142, 0.04219069569618792, 0.04914870514328758, 0.12362558725666456, 0.12362558725666035, 0.22782013660670858]","30_lag_stratZ50ndj02, 46_lag_seurTSjfm, 30_lag_stratZ50ndj01, 28_lag_eurPSLjfm, 46_lag_cetTSjfm, 27_lag_tripol1, 33_lag_traEC, 34_lag_traBS, 46_lag_neurTSjfm, 28_lag_traBS, 51_lag_shSICmar, 27_lag_alpi, 28_lag_mhfIP30, 28_lag_yrvPRjja, 33_lag_cetTSjfm, 38_lag_stratZ50ndj03, 46_lag_scpPSLjfm, 51_lag_eapPSLjfm, 46_lag_eurPSLjfm, 36_lag_stratZ50ndj03, 29_lag_atlSICsep, 31_lag_neurTSjfm, 41_lag_traTLS, 28_lag_scpPSLjfm, 37_lag_eurPSLjfm, 51_lag_stratZ50ndj01, 33_lag_naoPSLjfm, 22_lag_23_median_traTLS, 23_lag_traTLS, 44_lag_nchinaPRjja_3835_22"
LinearRegression,38,30,ensoSSTjfm,slow,1752.5,2005.5,0.4,53,23,23,19.428075484434522,0.021337481689398752,3835,"['33_lag_traEU', '46_lag_seurTSjfm', '43_lag_scpPSLjfm', '46_lag_neurTSjfm', '51_lag_traCA', '29_lag_scpPSLjfm', '28_lag_yrvPRjja', '27_lag_tripol1', '39_lag_ensoSSTjfm', '31_lag_neurTSjfm', '51_lag_shSICmar', '30_lag_stratZ50ndj02', '40_lag_nchinaPRjja', '38_lag_stratZ50ndj03', '34_lag_traBS', '23_lag_scpPSLjfm', '51_lag_eapPSLjfm', '28_lag_mhfIP30', '33_lag_cetTSjfm', '36_lag_stratZ50ndj03', '46_lag_eurPSLjfm', '46_lag_scpPSLjfm', '28_lag_scpPSLjfm', '51_lag_stratZ50ndj01', '29_lag_atlSICsep', '37_lag_eurPSLjfm', '41_lag_traTLS', '33_lag_naoPSLjfm', '23_lag_traTLS', '44_lag_nchinaPRjja']","[0.031431760396752835, 0.09798850911961601, 0.04249602706200514, 0.12236275893496516, 0.16542543949714122, 0.011210275457093695, 0.19794133589016186, 0.06190978836236788, 0.15685958887541354, 0.18029776514296447, 0.22733847835389984, 0.07292045073777198, 0.0703896818848907, 0.03033511295480202, 0.21868923967316994, 0.07273922110054441, 0.06115813117120094, 0.0729601114628202, 0.17751341519247696, 0.0431412382748924, 0.15618313612313628, 0.1844762174097367, 0.07139517853628748, 0.06367016066136402, 0.16497565537026634, 0.09781026642321239, 0.07510099911829243, 0.08003591368375776, 0.16605055587683126, 0.17075814709581907]","33_lag_traEU, 46_lag_seurTSjfm, 43_lag_scpPSLjfm, 46_lag_neurTSjfm, 51_lag_traCA, 29_lag_scpPSLjfm, 28_lag_yrvPRjja, 27_lag_tripol1, 39_lag_ensoSSTjfm, 31_lag_neurTSjfm, 51_lag_shSICmar, 30_lag_stratZ50ndj02, 40_lag_nchinaPRjja, 38_lag_stratZ50ndj03, 34_lag_traBS, 23_lag_scpPSLjfm, 51_lag_eapPSLjfm, 28_lag_mhfIP30, 33_lag_cetTSjfm, 36_lag_stratZ50ndj03, 46_lag_eurPSLjfm, 46_lag_scpPSLjfm, 28_lag_scpPSLjfm, 51_lag_stratZ50ndj01, 29_lag_atlSICsep, 37_lag_eurPSLjfm, 41_lag_traTLS, 33_lag_naoPSLjfm, 23_lag_traTLS, 44_lag_nchinaPRjja_3835_23"
LinearRegression,39,30,ensoSSTjfm,slow,1753.5,2005.5,0.4,54,24,28,19.72450148211408,0.053828054562870445,3835,"['33_lag_cetTSjfm', '30_lag_ismPRjja', '43_lag_scpPSLjfm', '51_lag_shSICmar', '49_lag_eurPSLjfm', '49_lag_mhfIP30', '29_lag_alpi', '30_lag_stratZ50ndj02', '46_lag_neurTSjfm', '33_lag_traEC', '41_lag_ismPRjja', '36_lag_stratZ50ndj03', '40_lag_nchinaPRjja', '28_lag_yrvPRjja', '46_lag_seurTSjfm', '53_lag_stratZ50ndj01', '53_lag_mhfATL60', '51_lag_eapPSLjfm', '29_lag_scpPSLjfm', '39_lag_ensoSSTjfm', '28_lag_mhfIP30', '29_lag_atlSICsep', '28_lag_scpPSLjfm', '46_lag_eurPSLjfm', '33_lag_naoPSLjfm', '46_lag_scpPSLjfm', '51_lag_stratZ50ndj01', '41_lag_traTLS', '37_lag_eurPSLjfm', '44_lag_nchinaPRjja']","[0.2146147887555467, 0.1684845667035253, 0.08120345929489688, 0.19524138349037762, 0.18515571499669314, 0.03871279481006969, 0.07372543298473852, 0.03805079602161971, 0.0029683977302389633, 0.03549601509593443, 0.12952486173938701, 0.09708321342984923, 0.06450029668815511, 0.16840897791038847, 0.1112806924466599, 0.1248443327220358, 0.17908498559110425, 0.16028403959300286, 0.05447928861764097, 0.12278841692757161, 0.08425122848938126, 0.2029482308945616, 0.026125674627719187, 0.11724016823596291, 0.12537446116499787, 0.21041251074403844, 0.0245748206940299, 0.027788842855700213, 0.10485307835012533, 0.18051361386541456]","33_lag_cetTSjfm, 30_lag_ismPRjja, 43_lag_scpPSLjfm, 51_lag_shSICmar, 49_lag_eurPSLjfm, 49_lag_mhfIP30, 29_lag_alpi, 30_lag_stratZ50ndj02, 46_lag_neurTSjfm, 33_lag_traEC, 41_lag_ismPRjja, 36_lag_stratZ50ndj03, 40_lag_nchinaPRjja, 28_lag_yrvPRjja, 46_lag_seurTSjfm, 53_lag_stratZ50ndj01, 53_lag_mhfATL60, 51_lag_eapPSLjfm, 29_lag_scpPSLjfm, 39_lag_ensoSSTjfm, 28_lag_mhfIP30, 29_lag_atlSICsep, 28_lag_scpPSLjfm, 46_lag_eurPSLjfm, 33_lag_naoPSLjfm, 46_lag_scpPSLjfm, 51_lag_stratZ50ndj01, 41_lag_traTLS, 37_lag_eurPSLjfm, 44_lag_nchinaPRjja_3835_28"
LinearRegression,40,30,ensoSSTjfm,slow,1754.5,2005.5,0.4,55,25,27,18.79626353429186,0.13541400107369272,3835,"['53_lag_mhfATL60', '29_lag_neurTSjfm', '45_lag_ensoSSTjfm', '46_lag_eapPSLjfm', '27_lag_tripol1', '30_lag_ismPRjja', '30_lag_stratZ50ndj02', '54_lag_traFSC', '33_lag_traEC', '46_lag_neurTSjfm', '29_lag_stratZ50ndj03', '51_lag_eapPSLjfm', '46_lag_seurTSjfm', '40_lag_nchinaPRjja', '46_lag_cetTSjfm', '46_lag_scpPSLjfm', '29_lag_scpPSLjfm', '29_lag_alpi', '33_lag_cetTSjfm', '53_lag_stratZ50ndj01', '46_lag_eurPSLjfm', '29_lag_atlSICsep', '28_lag_mhfIP30', '51_lag_stratZ50ndj01', '28_lag_scpPSLjfm', '41_lag_traTLS', '37_lag_eurPSLjfm', '33_lag_naoPSLjfm', '54_lag_scpPSLjfm', '44_lag_nchinaPRjja']","[0.18897777853616285, 0.1455607207604669, 0.14973824641739733, 0.010952017585480613, 0.06720057491727577, 0.120796633941555, 0.018500522622093556, 0.33926095376270043, 0.07046099446143604, 0.06969565354398033, 0.08113696596533948, 0.11649793196181006, 0.05392208214400191, 0.047856899244424676, 0.07605330033178395, 0.13088935378277047, 0.07491661623417746, 0.04690543966296835, 0.28642936034096617, 0.16739174371301313, 0.14672623471234877, 0.20966691901523807, 0.12280165997743447, 0.05888827458890908, 0.04332346716307706, 0.14203744545955146, 0.20168249021617124, 0.01032146366910297, 0.09799702697293654, 0.16307639631780915]","53_lag_mhfATL60, 29_lag_neurTSjfm, 45_lag_ensoSSTjfm, 46_lag_eapPSLjfm, 27_lag_tripol1, 30_lag_ismPRjja, 30_lag_stratZ50ndj02, 54_lag_traFSC, 33_lag_traEC, 46_lag_neurTSjfm, 29_lag_stratZ50ndj03, 51_lag_eapPSLjfm, 46_lag_seurTSjfm, 40_lag_nchinaPRjja, 46_lag_cetTSjfm, 46_lag_scpPSLjfm, 29_lag_scpPSLjfm, 29_lag_alpi, 33_lag_cetTSjfm, 53_lag_stratZ50ndj01, 46_lag_eurPSLjfm, 29_lag_atlSICsep, 28_lag_mhfIP30, 51_lag_stratZ50ndj01, 28_lag_scpPSLjfm, 41_lag_traTLS, 37_lag_eurPSLjfm, 33_lag_naoPSLjfm, 54_lag_scpPSLjfm, 44_lag_nchinaPRjja_3835_27"
LinearRegression,41,30,ensoSSTjfm,slow,1755.5,2005.5,0.4,56,26,28,19.791773371470534,0.10470847350991129,3835,"['39_lag_stratZ50ndj01', '33_lag_neurTSjfm', '54_lag_traFSC', '49_lag_eurPSLjfm', '30_lag_stratZ50ndj02', '40_lag_nchinaPRjja', '30_lag_ismPRjja', '53_lag_mhfATL60', '45_lag_ensoSSTjfm', '51_lag_stratZ50ndj01', '50_lag_scpPSLjfm', '46_lag_neurTSjfm', '46_lag_seurTSjfm', '46_lag_cetTSjfm', '46_lag_scpPSLjfm', '29_lag_atlSICsep', '29_lag_alpi', '29_lag_scpPSLjfm', '51_lag_eapPSLjfm', '29_lag_stratZ50ndj03', '28_lag_mhfIP30', '41_lag_traTLS', '46_lag_eurPSLjfm', '33_lag_cetTSjfm', '53_lag_stratZ50ndj01', '54_lag_scpPSLjfm', '33_lag_naoPSLjfm', '37_lag_eurPSLjfm', '28_lag_scpPSLjfm', '44_lag_nchinaPRjja']","[0.16399598633483176, 0.021097324523538838, 0.3254178765029577, 0.14141216222260303, 0.01790868436203715, 0.06465963227478454, 0.12617340206047253, 0.1667531947891871, 0.10720692057448765, 0.04040218937451349, 0.037959872333284884, 0.0011770487680329005, 0.07338032162583082, 0.057703272988907116, 0.13855054186895133, 0.2176215685594149, 0.05002588410199424, 0.07285207919113458, 0.15105185774423124, 0.03278936192272725, 0.172031731357149, 0.10705720380458263, 0.19633534337391978, 0.2139286185935618, 0.14856252018439323, 0.027914944953025267, 0.0313692452886538, 0.19426794274349862, 0.0008658774015710968, 0.1936791609185808]","39_lag_stratZ50ndj01, 33_lag_neurTSjfm, 54_lag_traFSC, 49_lag_eurPSLjfm, 30_lag_stratZ50ndj02, 40_lag_nchinaPRjja, 30_lag_ismPRjja, 53_lag_mhfATL60, 45_lag_ensoSSTjfm, 51_lag_stratZ50ndj01, 50_lag_scpPSLjfm, 46_lag_neurTSjfm, 46_lag_seurTSjfm, 46_lag_cetTSjfm, 46_lag_scpPSLjfm, 29_lag_atlSICsep, 29_lag_alpi, 29_lag_scpPSLjfm, 51_lag_eapPSLjfm, 29_lag_stratZ50ndj03, 28_lag_mhfIP30, 41_lag_traTLS, 46_lag_eurPSLjfm, 33_lag_cetTSjfm, 53_lag_stratZ50ndj01, 54_lag_scpPSLjfm, 33_lag_naoPSLjfm, 37_lag_eurPSLjfm, 28_lag_scpPSLjfm, 44_lag_nchinaPRjja_3835_28"
LinearRegression,42,30,ensoSSTjfm,slow,1756.5,2005.5,0.4,57,27,27,19.32854538824761,0.10242862920066582,3835,"['51_lag_traCA', '50_lag_scpPSLjfm', '51_lag_stratZ50ndj01', '46_lag_neurTSjfm', '29_lag_atlSICsep', '33_lag_cetTSjfm', '41_lag_traTLS', '29_lag_stratZ50ndj03', '43_lag_stratZ50ndj01', '30_lag_stratZ50ndj01', '27_lag_wnorPRjfm', '46_lag_scpPSLjfm', '40_lag_nchinaPRjja', '27_lag_28_median_mhfIP30', '28_lag_mhfIP30', '45_lag_ensoSSTjfm', '34_lag_eurPSLjfm', '53_lag_nchinaPRjja', '53_lag_mhfATL60', '46_lag_seurTSjfm', '46_lag_cetTSjfm', '46_lag_eurPSLjfm', '51_lag_eapPSLjfm', '54_lag_scpPSLjfm', '53_lag_stratZ50ndj01', '33_lag_naoPSLjfm', '37_lag_eurPSLjfm', '27_lag_28_median_scpPSLjfm', '28_lag_scpPSLjfm', '44_lag_nchinaPRjja']","[0.10223185665143948, 0.12722303406452398, 0.0890680967433279, 0.06883212650169368, 0.15371761822156563, 0.17725471743034119, 0.08312028902419456, 0.023390131968084687, 0.21776969557153736, 0.07099628505355139, 0.07680973029147321, 0.1587713131428838, 0.05225357042068512, 8954037870605.084, 8954037870605.291, 0.13794115236127572, 0.15364117725721643, 0.031047088114135108, 0.12243338346029484, 0.1346265087269074, 0.07652672089462463, 0.18182454547677, 0.1197416382416939, 0.1688848652969827, 0.11596417619967077, 0.07240810749447349, 0.0320507293010102, 8760171499436.828, 8760171499436.774, 0.17884155800896046]","51_lag_traCA, 50_lag_scpPSLjfm, 51_lag_stratZ50ndj01, 46_lag_neurTSjfm, 29_lag_atlSICsep, 33_lag_cetTSjfm, 41_lag_traTLS, 29_lag_stratZ50ndj03, 43_lag_stratZ50ndj01, 30_lag_stratZ50ndj01, 27_lag_wnorPRjfm, 46_lag_scpPSLjfm, 40_lag_nchinaPRjja, 27_lag_28_median_mhfIP30, 28_lag_mhfIP30, 45_lag_ensoSSTjfm, 34_lag_eurPSLjfm, 53_lag_nchinaPRjja, 53_lag_mhfATL60, 46_lag_seurTSjfm, 46_lag_cetTSjfm, 46_lag_eurPSLjfm, 51_lag_eapPSLjfm, 54_lag_scpPSLjfm, 53_lag_stratZ50ndj01, 33_lag_naoPSLjfm, 37_lag_eurPSLjfm, 27_lag_28_median_scpPSLjfm, 28_lag_scpPSLjfm, 44_lag_nchinaPRjja_3835_27"
LinearRegression,43,30,ensoSSTjfm,slow,1757.5,2005.5,0.4,58,28,28,17.734150116722613,0.12615507261564401,3835,"['29_lag_alpi', '47_lag_atlSICsep', '38_lag_eapPSLjfm', '51_lag_traCA', '30_lag_stratZ50ndj01', '54_lag_stratZ50ndj01', '53_lag_stratZ50ndj01', '53_lag_nchinaPRjja', '46_lag_neurTSjfm', '56_lag_stratZ50ndj02', '28_lag_29_median_scpPSLjfm', '29_lag_scpPSLjfm', '34_lag_eurPSLjfm', '46_lag_seurTSjfm', '41_lag_traTLS', '45_lag_ensoSSTjfm', '51_lag_stratZ50ndj01', '46_lag_cetTSjfm', '28_lag_mhfIP30', '46_lag_scpPSLjfm', '39_lag_mhfIP30', '33_lag_naoPSLjfm', '46_lag_eurPSLjfm', '40_lag_nchinaPRjja', '51_lag_eapPSLjfm', '53_lag_mhfATL60', '28_lag_scpPSLjfm', '37_lag_eurPSLjfm', '54_lag_scpPSLjfm', '44_lag_nchinaPRjja']","[0.09250754411715331, 0.03745696938207348, 0.03510217798108042, 0.12883385250155954, 0.07717824889066735, 0.1466095293150078, 0.10246751492795828, 0.01207582888235273, 0.06225432233959319, 0.09658370710917291, 8791818010137.915, 8791818010137.912, 0.20600237900296406, 0.11837575162995444, 0.01874184882373058, 0.1369656208441134, 0.08433547436339284, 0.05562669616552892, 0.1466609738261883, 0.19510252190312424, 0.10803372991917282, 0.20399910509511887, 0.14495290903827143, 0.07898809922397954, 0.12488078735457069, 0.13401757558873656, 0.04755319969058615, 0.09963302891418126, 0.14504779243083654, 0.14480780834233548]","29_lag_alpi, 47_lag_atlSICsep, 38_lag_eapPSLjfm, 51_lag_traCA, 30_lag_stratZ50ndj01, 54_lag_stratZ50ndj01, 53_lag_stratZ50ndj01, 53_lag_nchinaPRjja, 46_lag_neurTSjfm, 56_lag_stratZ50ndj02, 28_lag_29_median_scpPSLjfm, 29_lag_scpPSLjfm, 34_lag_eurPSLjfm, 46_lag_seurTSjfm, 41_lag_traTLS, 45_lag_ensoSSTjfm, 51_lag_stratZ50ndj01, 46_lag_cetTSjfm, 28_lag_mhfIP30, 46_lag_scpPSLjfm, 39_lag_mhfIP30, 33_lag_naoPSLjfm, 46_lag_eurPSLjfm, 40_lag_nchinaPRjja, 51_lag_eapPSLjfm, 53_lag_mhfATL60, 28_lag_scpPSLjfm, 37_lag_eurPSLjfm, 54_lag_scpPSLjfm, 44_lag_nchinaPRjja_3835_28"
LinearRegression,44,30,ensoSSTjfm,slow,1758.5,2005.5,0.4,59,29,29,19.44121669091879,0.054099947175672305,3835,"['51_lag_seurTSjfm', '54_lag_alpi', '46_lag_neurTSjfm', '29_lag_atlSICsep', '46_lag_seurTSjfm', '56_lag_wnorPRjfm', '36_lag_alpi', '38_lag_eapPSLjfm', '53_lag_nchinaPRjja', '30_lag_stratZ50ndj02', '29_lag_30_median_stratZ50ndj02', '34_lag_eurPSLjfm', '29_lag_scpPSLjfm', '45_lag_ensoSSTjfm', '47_lag_atlSICsep', '46_lag_cetTSjfm', '46_lag_scpPSLjfm', '29_lag_alpi', '33_lag_naoPSLjfm', '39_lag_mhfIP30', '40_lag_nchinaPRjja', '56_lag_stratZ50ndj02', '53_lag_mhfATL60', '41_lag_traTLS', '51_lag_eapPSLjfm', '46_lag_eurPSLjfm', '51_lag_stratZ50ndj01', '37_lag_eurPSLjfm', '44_lag_nchinaPRjja', '54_lag_scpPSLjfm']","[0.017236070718639057, 0.030540393517588, 0.009492262633031028, 0.18908092426696296, 0.10499622323676451, 0.053917332398445185, 0.02342533343531218, 0.043098737317841244, 0.00837332857741431, 15344830037156.662, 15344830037156.65, 0.2458055944895998, 0.011154708406738385, 0.06865936049447738, 0.1440572812039001, 0.03788140916312543, 0.1878378271803671, 0.0840892621391232, 0.22039237800130143, 0.11040776001636782, 0.10905566385495762, 0.1418085500941946, 0.1618419527688656, 0.054803895934892474, 0.08038064707654852, 0.14366888507173833, 0.1315346668124969, 0.09362616010829174, 0.1304568625118608, 0.1633793369641207]","51_lag_seurTSjfm, 54_lag_alpi, 46_lag_neurTSjfm, 29_lag_atlSICsep, 46_lag_seurTSjfm, 56_lag_wnorPRjfm, 36_lag_alpi, 38_lag_eapPSLjfm, 53_lag_nchinaPRjja, 30_lag_stratZ50ndj02, 29_lag_30_median_stratZ50ndj02, 34_lag_eurPSLjfm, 29_lag_scpPSLjfm, 45_lag_ensoSSTjfm, 47_lag_atlSICsep, 46_lag_cetTSjfm, 46_lag_scpPSLjfm, 29_lag_alpi, 33_lag_naoPSLjfm, 39_lag_mhfIP30, 40_lag_nchinaPRjja, 56_lag_stratZ50ndj02, 53_lag_mhfATL60, 41_lag_traTLS, 51_lag_eapPSLjfm, 46_lag_eurPSLjfm, 51_lag_stratZ50ndj01, 37_lag_eurPSLjfm, 44_lag_nchinaPRjja, 54_lag_scpPSLjfm_3835_29"
LinearRegression,45,30,ensoSSTjfm,slow,1759.5,2005.5,0.4,60,30,30,18.757171815547114,0.15304154268579562,3835,"['49_lag_eurPSLjfm', '50_lag_scpPSLjfm', '51_lag_seurTSjfm', '54_lag_stratZ50ndj01', '48_lag_arcTSjfm', '53_lag_nchinaPRjja', '33_lag_traEU', '34_lag_eurPSLjfm', '46_lag_ensoSSTjfm', '38_lag_eapPSLjfm', '36_lag_alpi', '56_lag_wnorPRjfm', '47_lag_atlSICsep', '46_lag_neurTSjfm', '30_lag_stratZ50ndj02', '33_lag_naoPSLjfm', '40_lag_nchinaPRjja', '46_lag_eurPSLjfm', '53_lag_mhfATL60', '46_lag_cetTSjfm', '39_lag_mhfIP30', '45_lag_ensoSSTjfm', '41_lag_traTLS', '56_lag_stratZ50ndj02', '46_lag_scpPSLjfm', '51_lag_eapPSLjfm', '51_lag_stratZ50ndj01', '37_lag_eurPSLjfm', '44_lag_nchinaPRjja', '54_lag_scpPSLjfm']","[0.17298199308965612, 0.13624559744744308, 0.037970585755356154, 0.20064590265438653, 0.19039201175340562, 0.009952436215066873, 0.13187350369320114, 0.26006106328734113, 0.04184510245768637, 0.032247760977306965, 0.012052677619147318, 0.07356995464078543, 0.16852315605104368, 0.09261205805646296, 0.017533159552005805, 0.19199704711208057, 0.07060861508438986, 0.19869026272322884, 0.14080812096724407, 0.0812539543348227, 0.23052856291499632, 0.09000635842944857, 0.00701505731785481, 0.08227413296686209, 0.17449281429214197, 0.04583112510012375, 0.10828850870201312, 0.1747511511419545, 0.10719848391958305, 0.13495976108867622]","49_lag_eurPSLjfm, 50_lag_scpPSLjfm, 51_lag_seurTSjfm, 54_lag_stratZ50ndj01, 48_lag_arcTSjfm, 53_lag_nchinaPRjja, 33_lag_traEU, 34_lag_eurPSLjfm, 46_lag_ensoSSTjfm, 38_lag_eapPSLjfm, 36_lag_alpi, 56_lag_wnorPRjfm, 47_lag_atlSICsep, 46_lag_neurTSjfm, 30_lag_stratZ50ndj02, 33_lag_naoPSLjfm, 40_lag_nchinaPRjja, 46_lag_eurPSLjfm, 53_lag_mhfATL60, 46_lag_cetTSjfm, 39_lag_mhfIP30, 45_lag_ensoSSTjfm, 41_lag_traTLS, 56_lag_stratZ50ndj02, 46_lag_scpPSLjfm, 51_lag_eapPSLjfm, 51_lag_stratZ50ndj01, 37_lag_eurPSLjfm, 44_lag_nchinaPRjja, 54_lag_scpPSLjfm_3835_30"
LinearRegression,46,30,ensoSSTjfm,slow,1760.5,2005.5,0.4,61,31,33,18.060852771995265,0.11874711174461752,3835,"['53_lag_stratZ50ndj01', '54_lag_alpi', '46_lag_neurTSjfm', '46_lag_alpi', '47_lag_atlSICsep', '34_lag_eurPSLjfm', '60_lag_eapPSLjfm', '50_lag_scpPSLjfm', '48_lag_arcTSjfm', '42_lag_stratZ50ndj03', '36_lag_alpi', '53_lag_nchinaPRjja', '46_lag_ensoSSTjfm', '46_lag_cetTSjfm', '40_lag_nchinaPRjja', '46_lag_eurPSLjfm', '41_lag_traTLS', '33_lag_naoPSLjfm', '56_lag_stratZ50ndj02', '53_lag_mhfATL60', '60_lag_scpPSLjfm', '60_lag_traEU', '39_lag_mhfIP30', '51_lag_eapPSLjfm', '45_lag_ensoSSTjfm', '37_lag_eurPSLjfm', '51_lag_stratZ50ndj01', '46_lag_scpPSLjfm', '44_lag_nchinaPRjja', '54_lag_scpPSLjfm']","[0.08439601656620928, 0.05285734582492152, 0.08549147438577781, 0.16871964383999752, 0.1345398686370391, 0.20562232917512274, 0.12487153807517339, 0.1692993284584585, 0.25835846632351417, 0.17018422381958012, 0.05250352261729501, 0.031802078961101335, 0.052792774072956024, 0.035982881099816934, 0.06085507599966016, 0.16939672490282387, 0.019642982787557862, 0.25013634907921384, 0.0799802442951332, 0.19426286229473175, 0.08227113265326381, 0.13905554106196677, 0.229359538800199, 0.09926220273809222, 0.010939160880158588, 0.11457955187618615, 0.14501912039985715, 0.09943615452439349, 0.0543770668392338, 0.14301973469653692]","53_lag_stratZ50ndj01, 54_lag_alpi, 46_lag_neurTSjfm, 46_lag_alpi, 47_lag_atlSICsep, 34_lag_eurPSLjfm, 60_lag_eapPSLjfm, 50_lag_scpPSLjfm, 48_lag_arcTSjfm, 42_lag_stratZ50ndj03, 36_lag_alpi, 53_lag_nchinaPRjja, 46_lag_ensoSSTjfm, 46_lag_cetTSjfm, 40_lag_nchinaPRjja, 46_lag_eurPSLjfm, 41_lag_traTLS, 33_lag_naoPSLjfm, 56_lag_stratZ50ndj02, 53_lag_mhfATL60, 60_lag_scpPSLjfm, 60_lag_traEU, 39_lag_mhfIP30, 51_lag_eapPSLjfm, 45_lag_ensoSSTjfm, 37_lag_eurPSLjfm, 51_lag_stratZ50ndj01, 46_lag_scpPSLjfm, 44_lag_nchinaPRjja, 54_lag_scpPSLjfm_3835_33"
LinearRegression,47,30,ensoSSTjfm,slow,1761.5,2005.5,0.4,62,32,32,18.53047465780574,0.07708568483695018,3835,"['56_lag_nchinaPRjja', '60_lag_scpPSLjfm', '36_lag_scpPSLjfm', '53_lag_stratZ50ndj01', '34_lag_eurPSLjfm', '46_lag_ensoSSTjfm', '47_lag_atlSICsep', '40_lag_nchinaPRjja', '46_lag_alpi', '41_lag_traEU', '61_lag_eapPSLjfm', '50_lag_scpPSLjfm', '36_lag_alpi', '46_lag_eurPSLjfm', '33_lag_naoPSLjfm', '32_lag_33_median_naoPSLjfm', '60_lag_traEU', '53_lag_mhfATL60', '42_lag_stratZ50ndj03', '53_lag_nchinaPRjja', '41_lag_traTLS', '56_lag_stratZ50ndj02', '51_lag_eapPSLjfm', '51_lag_stratZ50ndj01', '37_lag_eurPSLjfm', '45_lag_ensoSSTjfm', '39_lag_mhfIP30', '44_lag_nchinaPRjja', '46_lag_scpPSLjfm', '54_lag_scpPSLjfm']","[0.05894162057949129, 0.07295282251734853, 0.00944764272679534, 0.10994156572873248, 0.17288863853539435, 0.010327147340088444, 0.07677393226930708, 0.07498442117341855, 0.1162505483211816, 0.09881840308986095, 0.020707952600296724, 0.15452875814410785, 0.032526777195723784, 0.1483164336065347, 2107659871535.32, 2107659871535.5906, 0.1670098532222991, 0.18751176742066536, 0.1762414552424012, 0.036222183240255064, 0.03438714100097512, 0.14760539831682043, 0.10423746903274092, 0.11127474033311838, 0.12783799564017712, 0.04775614055813203, 0.22756026162682957, 0.1045943956185627, 0.13426988936596287, 0.12362372306764875]","56_lag_nchinaPRjja, 60_lag_scpPSLjfm, 36_lag_scpPSLjfm, 53_lag_stratZ50ndj01, 34_lag_eurPSLjfm, 46_lag_ensoSSTjfm, 47_lag_atlSICsep, 40_lag_nchinaPRjja, 46_lag_alpi, 41_lag_traEU, 61_lag_eapPSLjfm, 50_lag_scpPSLjfm, 36_lag_alpi, 46_lag_eurPSLjfm, 33_lag_naoPSLjfm, 32_lag_33_median_naoPSLjfm, 60_lag_traEU, 53_lag_mhfATL60, 42_lag_stratZ50ndj03, 53_lag_nchinaPRjja, 41_lag_traTLS, 56_lag_stratZ50ndj02, 51_lag_eapPSLjfm, 51_lag_stratZ50ndj01, 37_lag_eurPSLjfm, 45_lag_ensoSSTjfm, 39_lag_mhfIP30, 44_lag_nchinaPRjja, 46_lag_scpPSLjfm, 54_lag_scpPSLjfm_3835_32"
LinearRegression,48,30,ensoSSTjfm,slow,1762.5,2005.5,0.4,63,33,33,19.797794567816474,0.06878057006856766,3835,"['53_lag_stratZ50ndj01', '36_lag_scpPSLjfm', '46_lag_nchinaPRjja', '61_lag_eapPSLjfm', '45_lag_mhfIP30', '53_lag_mhfATL60', '36_lag_alpi', '46_lag_cetTSjfm', '39_lag_traBS', '40_lag_stratZ50ndj03', '54_lag_alpi', '56_lag_nchinaPRjja', '36_lag_traMC', '60_lag_traEU', '38_lag_eapPSLjfm', '42_lag_stratZ50ndj03', '46_lag_eurPSLjfm', '50_lag_scpPSLjfm', '41_lag_traTLS', '45_lag_ensoSSTjfm', '51_lag_stratZ50ndj01', '53_lag_nchinaPRjja', '37_lag_eurPSLjfm', '56_lag_stratZ50ndj02', '33_lag_naoPSLjfm', '46_lag_scpPSLjfm', '44_lag_nchinaPRjja', '39_lag_mhfIP30', '54_lag_scpPSLjfm', '51_lag_eapPSLjfm']","[0.1615552205006531, 0.07983546118167918, 0.15839223458840682, 0.011990931431131807, 0.02736445743932377, 0.1145220787076675, 0.07902903177174227, 0.03084878615799616, 0.04045657169405232, 0.21781679033130413, 0.012191625769376779, 0.008509938888434685, 0.18027121311720917, 0.13335661828424986, 0.004608190113965346, 0.193001980196859, 0.20471278150021496, 0.10455400547024188, 0.08199363630619705, 0.06451677353407301, 0.16588069323676347, 0.022965711300332432, 0.1528093752699607, 0.09345075942300267, 0.2059645521077275, 0.23212765054269735, 0.13179722203707855, 0.2145043960190647, 0.1519439309868857, 0.0884421493315785]","53_lag_stratZ50ndj01, 36_lag_scpPSLjfm, 46_lag_nchinaPRjja, 61_lag_eapPSLjfm, 45_lag_mhfIP30, 53_lag_mhfATL60, 36_lag_alpi, 46_lag_cetTSjfm, 39_lag_traBS, 40_lag_stratZ50ndj03, 54_lag_alpi, 56_lag_nchinaPRjja, 36_lag_traMC, 60_lag_traEU, 38_lag_eapPSLjfm, 42_lag_stratZ50ndj03, 46_lag_eurPSLjfm, 50_lag_scpPSLjfm, 41_lag_traTLS, 45_lag_ensoSSTjfm, 51_lag_stratZ50ndj01, 53_lag_nchinaPRjja, 37_lag_eurPSLjfm, 56_lag_stratZ50ndj02, 33_lag_naoPSLjfm, 46_lag_scpPSLjfm, 44_lag_nchinaPRjja, 39_lag_mhfIP30, 54_lag_scpPSLjfm, 51_lag_eapPSLjfm_3835_33"
LinearRegression,49,30,ensoSSTjfm,slow,1763.5,2005.5,0.4,64,34,34,19.262590127426556,0.03793941505819107,3835,"['46_lag_cetTSjfm', '53_lag_mhfATL60', '46_lag_eurPSLjfm', '59_lag_traTLS', '38_lag_eapPSLjfm', '53_lag_stratZ50ndj01', '46_lag_nchinaPRjja', '34_lag_eurPSLjfm', '51_lag_seurTSjfm', '59_lag_yrvPRjja', '43_lag_stratZ50ndj01', '45_lag_ensoSSTjfm', '39_lag_traBS', '41_lag_traEU', '60_lag_traEU', '56_lag_nchinaPRjja', '40_lag_stratZ50ndj03', '59_lag_traBS', '45_lag_mhfIP30', '36_lag_traMC', '37_lag_eurPSLjfm', '53_lag_nchinaPRjja', '54_lag_alpi', '46_lag_scpPSLjfm', '39_lag_mhfIP30', '51_lag_eapPSLjfm', '63_lag_traIT', '54_lag_scpPSLjfm', '44_lag_nchinaPRjja', '63_lag_traTLS']","[0.07167932569780709, 0.14665701393537434, 0.09787805027488454, 0.17399546320380793, 0.1372218407016037, 0.22259676332200198, 0.14966442539538638, 0.09493985956910073, 0.21382357938967533, 0.04511360447803067, 0.16809501344796268, 0.15819720647158036, 0.015131176112097832, 0.13602527169163794, 0.051099800257737374, 0.08666414699371708, 0.19264366746628842, 0.009821253015766088, 0.03888873278095134, 0.15053028158181278, 0.12635433191804957, 0.07031411403512033, 0.024221051257405674, 0.18616313807952176, 0.07415331882285658, 0.06243229574788556, 0.08909118085296847, 0.13970104267415012, 0.10754249985571623, 0.2672766239533196]","46_lag_cetTSjfm, 53_lag_mhfATL60, 46_lag_eurPSLjfm, 59_lag_traTLS, 38_lag_eapPSLjfm, 53_lag_stratZ50ndj01, 46_lag_nchinaPRjja, 34_lag_eurPSLjfm, 51_lag_seurTSjfm, 59_lag_yrvPRjja, 43_lag_stratZ50ndj01, 45_lag_ensoSSTjfm, 39_lag_traBS, 41_lag_traEU, 60_lag_traEU, 56_lag_nchinaPRjja, 40_lag_stratZ50ndj03, 59_lag_traBS, 45_lag_mhfIP30, 36_lag_traMC, 37_lag_eurPSLjfm, 53_lag_nchinaPRjja, 54_lag_alpi, 46_lag_scpPSLjfm, 39_lag_mhfIP30, 51_lag_eapPSLjfm, 63_lag_traIT, 54_lag_scpPSLjfm, 44_lag_nchinaPRjja, 63_lag_traTLS_3835_34"
LinearRegression,50,30,ensoSSTjfm,slow,1764.5,2005.5,0.4,65,35,35,19.007689611705022,0.03442423677700297,3835,"['46_lag_nchinaPRjja', '42_lag_stratZ50ndj03', '41_lag_traEC', '43_lag_stratZ50ndj01', '51_lag_stratZ50ndj01', '56_lag_nchinaPRjja', '35_lag_36_median_traMC', '36_lag_traMC', '59_lag_traTLS', '46_lag_eurPSLjfm', '46_lag_cetTSjfm', '51_lag_seurTSjfm', '41_lag_traEU', '40_lag_nchinaPRjja', '59_lag_yrvPRjja', '60_lag_traEU', '37_lag_eurPSLjfm', '45_lag_ensoSSTjfm', '53_lag_stratZ50ndj01', '59_lag_traBS', '45_lag_mhfIP30', '54_lag_alpi', '53_lag_nchinaPRjja', '46_lag_scpPSLjfm', '39_lag_mhfIP30', '63_lag_traIT', '44_lag_nchinaPRjja', '54_lag_scpPSLjfm', '51_lag_eapPSLjfm', '63_lag_traTLS']","[0.13121260842678328, 0.040107222161824, 0.023965030028529767, 0.1530021521850117, 0.04221545962028465, 0.09848402304625156, 2948127262924.7354, 2948127262924.9575, 0.15441565322356984, 0.12086349248460637, 0.0007742999023416298, 0.09197379083865317, 0.10709232538097871, 0.05116781035872298, 0.008351540111476402, 0.0965169157585475, 0.1475559000542245, 0.12690848097803065, 0.21816554726176407, 0.039578478547731125, 0.011053219006832959, 0.043988081179660236, 0.03462740010956283, 0.20067111715528227, 0.11700485898285043, 0.012760242300813497, 0.12861521116042268, 0.13757199647668897, 0.05891985695706876, 0.18733609928983555]","46_lag_nchinaPRjja, 42_lag_stratZ50ndj03, 41_lag_traEC, 43_lag_stratZ50ndj01, 51_lag_stratZ50ndj01, 56_lag_nchinaPRjja, 35_lag_36_median_traMC, 36_lag_traMC, 59_lag_traTLS, 46_lag_eurPSLjfm, 46_lag_cetTSjfm, 51_lag_seurTSjfm, 41_lag_traEU, 40_lag_nchinaPRjja, 59_lag_yrvPRjja, 60_lag_traEU, 37_lag_eurPSLjfm, 45_lag_ensoSSTjfm, 53_lag_stratZ50ndj01, 59_lag_traBS, 45_lag_mhfIP30, 54_lag_alpi, 53_lag_nchinaPRjja, 46_lag_scpPSLjfm, 39_lag_mhfIP30, 63_lag_traIT, 44_lag_nchinaPRjja, 54_lag_scpPSLjfm, 51_lag_eapPSLjfm, 63_lag_traTLS_3835_35"
LinearRegression,51,30,ensoSSTjfm,slow,1765.5,2005.5,0.4,66,36,36,18.968664836317263,0.0501961771373817,3835,"['36_lag_37_median_eurPSLjfm', '63_lag_traFSC', '38_lag_eapPSLjfm', '46_lag_nchinaPRjja', '37_lag_eurPSLjfm', '59_lag_yrvPRjja', '38_lag_seurTSjfm', '53_lag_stratZ50ndj01', '54_lag_stratZ50ndj01', '42_lag_stratZ50ndj03', '45_lag_mhfIP30', '59_lag_traTLS', '43_lag_stratZ50ndj01', '36_lag_traMC', '46_lag_cetTSjfm', '59_lag_traBS', '51_lag_stratZ50ndj01', '36_lag_scpPSLjfm', '40_lag_nchinaPRjja', '54_lag_alpi', '53_lag_nchinaPRjja', '56_lag_nchinaPRjja', '36_lag_alpi', '46_lag_scpPSLjfm', '54_lag_scpPSLjfm', '39_lag_mhfIP30', '63_lag_traIT', '44_lag_nchinaPRjja', '51_lag_eapPSLjfm', '63_lag_traTLS']","[0.07830558220474945, 0.07056899976901945, 0.02912912401165722, 0.12384806511423378, 0.0783055822047496, 0.002660712917948985, 0.01725802976118372, 0.1927888096532374, 0.06443907010230145, 0.029072358779297165, 0.08473838022702992, 0.1649406830316243, 0.18359482793532908, 0.23501924416866335, 0.0331072569739394, 0.11382428906964207, 0.0543447512557856, 0.03276357476116269, 0.04156550385078259, 0.06893915670449814, 0.026177182427194925, 0.09261576607944622, 0.04420126705106406, 0.19568984692493502, 0.1258731398421451, 0.08864549756535077, 0.04718113533707824, 0.10656983386152455, 0.1568219576273598, 0.11998964120997022]","36_lag_37_median_eurPSLjfm, 63_lag_traFSC, 38_lag_eapPSLjfm, 46_lag_nchinaPRjja, 37_lag_eurPSLjfm, 59_lag_yrvPRjja, 38_lag_seurTSjfm, 53_lag_stratZ50ndj01, 54_lag_stratZ50ndj01, 42_lag_stratZ50ndj03, 45_lag_mhfIP30, 59_lag_traTLS, 43_lag_stratZ50ndj01, 36_lag_traMC, 46_lag_cetTSjfm, 59_lag_traBS, 51_lag_stratZ50ndj01, 36_lag_scpPSLjfm, 40_lag_nchinaPRjja, 54_lag_alpi, 53_lag_nchinaPRjja, 56_lag_nchinaPRjja, 36_lag_alpi, 46_lag_scpPSLjfm, 54_lag_scpPSLjfm, 39_lag_mhfIP30, 63_lag_traIT, 44_lag_nchinaPRjja, 51_lag_eapPSLjfm, 63_lag_traTLS_3835_36"
LinearRegression,52,30,ensoSSTjfm,slow,1766.5,2005.5,0.4,67,37,37,18.271968410148453,0.08695973186484948,3835,"['39_lag_traBS', '46_lag_eurPSLjfm', '40_lag_scpPSLjfm', '53_lag_stratZ50ndj01', '42_lag_stratZ50ndj03', '59_lag_yrvPRjja', '40_lag_seurTSjfm', '38_lag_eapPSLjfm', '45_lag_mhfIP30', '46_lag_seurTSjfm', '51_lag_stratZ50ndj01', '66_lag_yrvPRjja', '59_lag_traTLS', '46_lag_nchinaPRjja', '37_lag_eurPSLjfm', '37_lag_38_median_eapPSLjfm', '59_lag_traBS', '46_lag_cetTSjfm', '40_lag_nchinaPRjja', '54_lag_stratZ50ndj01', '56_lag_nchinaPRjja', '53_lag_nchinaPRjja', '54_lag_alpi', '46_lag_scpPSLjfm', '39_lag_mhfIP30', '54_lag_scpPSLjfm', '63_lag_traIT', '51_lag_eapPSLjfm', '44_lag_nchinaPRjja', '63_lag_traTLS']","[0.08413884415757007, 0.11420196649414638, 0.043040454107398284, 0.14134829082994385, 0.039927643293555394, 0.01697177251538727, 0.174671561034506, 9115739671653.94, 0.0722115763775916, 0.06620172864422745, 0.05009718271397899, 0.06617202469030757, 0.08143018173594363, 0.13967940133101173, 0.13335250600273435, 9115739671653.947, 0.1836717670113454, 0.03612121415226414, 0.09209530638418127, 0.07685423428383703, 0.110176775671011, 0.026393960467916748, 0.12497010208948164, 0.2010697663608639, 0.10262983786090572, 0.07471010017042223, 0.14881397786530118, 0.15465253966996118, 0.08263708833412693, 0.10075414378914241]","39_lag_traBS, 46_lag_eurPSLjfm, 40_lag_scpPSLjfm, 53_lag_stratZ50ndj01, 42_lag_stratZ50ndj03, 59_lag_yrvPRjja, 40_lag_seurTSjfm, 38_lag_eapPSLjfm, 45_lag_mhfIP30, 46_lag_seurTSjfm, 51_lag_stratZ50ndj01, 66_lag_yrvPRjja, 59_lag_traTLS, 46_lag_nchinaPRjja, 37_lag_eurPSLjfm, 37_lag_38_median_eapPSLjfm, 59_lag_traBS, 46_lag_cetTSjfm, 40_lag_nchinaPRjja, 54_lag_stratZ50ndj01, 56_lag_nchinaPRjja, 53_lag_nchinaPRjja, 54_lag_alpi, 46_lag_scpPSLjfm, 39_lag_mhfIP30, 54_lag_scpPSLjfm, 63_lag_traIT, 51_lag_eapPSLjfm, 44_lag_nchinaPRjja, 63_lag_traTLS_3835_37"
LinearRegression,53,30,ensoSSTjfm,slow,1767.5,2005.5,0.4,68,38,38,18.073111593783405,0.12535860345123997,3835,"['38_lag_stratZ50ndj03', '63_lag_traFSC', '46_lag_cetTSjfm', '46_lag_seurTSjfm', '51_lag_stratZ50ndj01', '42_lag_stratZ50ndj03', '55_lag_eapPSLjfm', '54_lag_ensoSSTjfm', '45_lag_mhfIP30', '59_lag_traTLS', '60_lag_stratZ50ndj02', '53_lag_stratZ50ndj01', '59_lag_traBS', '40_lag_nchinaPRjja', '59_lag_yrvPRjja', '39_lag_mhfIP30', '38_lag_39_median_mhfIP30', '38_lag_seurTSjfm', '66_lag_yrvPRjja', '46_lag_scpPSLjfm', '53_lag_nchinaPRjja', '38_lag_eapPSLjfm', '54_lag_stratZ50ndj01', '56_lag_nchinaPRjja', '51_lag_eapPSLjfm', '63_lag_traIT', '54_lag_alpi', '44_lag_nchinaPRjja', '54_lag_scpPSLjfm', '63_lag_traTLS']","[0.07184486681165751, 0.15995803524428534, 0.04049736615955558, 0.08531420610673582, 0.10352088432098303, 0.012691063062296356, 0.17817425904521766, 0.14019842576796934, 0.07684261208382939, 0.089780401012809, 0.14523922488410276, 0.1292559853570771, 0.16277438818577825, 0.1314519485824533, 0.03901055356175328, 0.05500554502532282, 0.05500554502532282, 0.08789495738116718, 0.09941172633760151, 0.12154986244828304, 0.06670393545062792, 0.08130489167342622, 0.04079704266684058, 0.11275167000917322, 0.18632790545984984, 0.11110972626812951, 0.05498625358687133, 0.12074834664269742, 0.01883457915523811, 0.14134901763670035]","38_lag_stratZ50ndj03, 63_lag_traFSC, 46_lag_cetTSjfm, 46_lag_seurTSjfm, 51_lag_stratZ50ndj01, 42_lag_stratZ50ndj03, 55_lag_eapPSLjfm, 54_lag_ensoSSTjfm, 45_lag_mhfIP30, 59_lag_traTLS, 60_lag_stratZ50ndj02, 53_lag_stratZ50ndj01, 59_lag_traBS, 40_lag_nchinaPRjja, 59_lag_yrvPRjja, 39_lag_mhfIP30, 38_lag_39_median_mhfIP30, 38_lag_seurTSjfm, 66_lag_yrvPRjja, 46_lag_scpPSLjfm, 53_lag_nchinaPRjja, 38_lag_eapPSLjfm, 54_lag_stratZ50ndj01, 56_lag_nchinaPRjja, 51_lag_eapPSLjfm, 63_lag_traIT, 54_lag_alpi, 44_lag_nchinaPRjja, 54_lag_scpPSLjfm, 63_lag_traTLS_3835_38"
LinearRegression,54,30,ensoSSTjfm,slow,1768.5,2005.5,0.4,69,39,39,17.685815989564095,0.17790343847506104,3835,"['42_lag_stratZ50ndj03', '43_lag_stratZ50ndj01', '59_lag_traTLS', '63_lag_traFSC', '45_lag_ensoSSTjfm', '61_lag_eapPSLjfm', '40_lag_nchinaPRjja', '39_lag_40_median_nchinaPRjja', '39_lag_traBS', '51_lag_stratZ50ndj01', '54_lag_ensoSSTjfm', '53_lag_stratZ50ndj02', '45_lag_mhfIP30', '59_lag_traBS', '53_lag_stratZ50ndj01', '60_lag_stratZ50ndj02', '55_lag_eapPSLjfm', '39_lag_mhfIP30', '53_lag_nchinaPRjja', '66_lag_yrvPRjja', '46_lag_scpPSLjfm', '59_lag_yrvPRjja', '54_lag_stratZ50ndj01', '56_lag_nchinaPRjja', '51_lag_eapPSLjfm', '63_lag_traIT', '44_lag_nchinaPRjja', '54_lag_alpi', '63_lag_traTLS', '54_lag_scpPSLjfm']","[0.01301003045923132, 0.13749684117650118, 0.09944556192106278, 0.12107113540732818, 0.12596760099547674, 0.07504945018848366, 0.0639768521754954, 0.06397685217549391, 0.06914484600499511, 0.10898455057699163, 0.16488627749623067, 0.05941639500148154, 0.04402407470327552, 0.1508127186924733, 0.06723754769817021, 0.19358620571533974, 0.17064132741397112, 0.08484555854879745, 0.11796291412827457, 0.051021545645649646, 0.10735191427772087, 0.01751478990191067, 0.05897124688117632, 0.09700685535828552, 0.09719137108020388, 0.05480217449942039, 0.17193422287316784, 0.033303133726535136, 0.14749561779083034, 0.03218433568443228]","42_lag_stratZ50ndj03, 43_lag_stratZ50ndj01, 59_lag_traTLS, 63_lag_traFSC, 45_lag_ensoSSTjfm, 61_lag_eapPSLjfm, 40_lag_nchinaPRjja, 39_lag_40_median_nchinaPRjja, 39_lag_traBS, 51_lag_stratZ50ndj01, 54_lag_ensoSSTjfm, 53_lag_stratZ50ndj02, 45_lag_mhfIP30, 59_lag_traBS, 53_lag_stratZ50ndj01, 60_lag_stratZ50ndj02, 55_lag_eapPSLjfm, 39_lag_mhfIP30, 53_lag_nchinaPRjja, 66_lag_yrvPRjja, 46_lag_scpPSLjfm, 59_lag_yrvPRjja, 54_lag_stratZ50ndj01, 56_lag_nchinaPRjja, 51_lag_eapPSLjfm, 63_lag_traIT, 44_lag_nchinaPRjja, 54_lag_alpi, 63_lag_traTLS, 54_lag_scpPSLjfm_3835_39"
LinearRegression,55,30,ensoSSTjfm,slow,1769.5,2005.5,0.4,70,40,40,17.128022355504104,0.23454053170953387,3835,"['63_lag_traFSC', '42_lag_stratZ50ndj03', '59_lag_traTLS', '53_lag_stratZ50ndj02', '45_lag_mhfIP30', '51_lag_seurTSjfm', '61_lag_eapPSLjfm', '40_lag_seurTSjfm', '69_lag_scpPSLjfm', '51_lag_stratZ50ndj01', '54_lag_ensoSSTjfm', '40_lag_nchinaPRjja', '53_lag_nchinaPRjja', '45_lag_ensoSSTjfm', '60_lag_stratZ50ndj02', '43_lag_stratZ50ndj01', '53_lag_stratZ50ndj01', '55_lag_eapPSLjfm', '59_lag_traBS', '66_lag_yrvPRjja', '54_lag_stratZ50ndj01', '56_lag_nchinaPRjja', '63_lag_traIT', '46_lag_scpPSLjfm', '59_lag_yrvPRjja', '51_lag_eapPSLjfm', '63_lag_traTLS', '44_lag_nchinaPRjja', '54_lag_scpPSLjfm', '54_lag_alpi']","[0.09504449417423799, 0.036074920247752607, 0.08208067034032261, 0.005297020864815837, 0.035899997707873915, 0.17835369819358138, 0.05462636372345854, 0.2134476305314864, 0.12107105840840061, 0.14186566987215302, 0.15300578425103892, 0.11403503272393849, 0.06326176087482557, 0.17265574253281887, 0.18378526045726273, 0.16771273104493795, 0.0842315112905145, 0.11453737126033432, 0.16551971664448784, 0.027180907194657412, 0.026685294725048284, 0.1510896378503833, 0.04471775125831926, 0.10633395395202531, 0.055832735053558784, 0.0005554612221905595, 0.21260423104150317, 0.1749479555626418, 0.056443720504558856, 0.03333032191844906]","63_lag_traFSC, 42_lag_stratZ50ndj03, 59_lag_traTLS, 53_lag_stratZ50ndj02, 45_lag_mhfIP30, 51_lag_seurTSjfm, 61_lag_eapPSLjfm, 40_lag_seurTSjfm, 69_lag_scpPSLjfm, 51_lag_stratZ50ndj01, 54_lag_ensoSSTjfm, 40_lag_nchinaPRjja, 53_lag_nchinaPRjja, 45_lag_ensoSSTjfm, 60_lag_stratZ50ndj02, 43_lag_stratZ50ndj01, 53_lag_stratZ50ndj01, 55_lag_eapPSLjfm, 59_lag_traBS, 66_lag_yrvPRjja, 54_lag_stratZ50ndj01, 56_lag_nchinaPRjja, 63_lag_traIT, 46_lag_scpPSLjfm, 59_lag_yrvPRjja, 51_lag_eapPSLjfm, 63_lag_traTLS, 44_lag_nchinaPRjja, 54_lag_scpPSLjfm, 54_lag_alpi_3835_40"
LinearRegression,56,30,ensoSSTjfm,slow,1770.5,2005.5,0.4,71,41,41,19.4501112747853,0.08979872049402769,3835,"['63_lag_traFSC', '41_lag_traTLS', '61_lag_stratZ50ndj01', '69_lag_scpPSLjfm', '60_lag_stratZ50ndj02', '54_lag_mhfIP30', '69_lag_shSICsep', '45_lag_mhfIP30', '51_lag_seurTSjfm', '43_lag_stratZ50ndj01', '60_lag_eapPSLjfm', '53_lag_stratZ50ndj02', '66_lag_yrvPRjja', '51_lag_stratZ50ndj01', '53_lag_nchinaPRjja', '54_lag_ensoSSTjfm', '55_lag_eapPSLjfm', '45_lag_ensoSSTjfm', '46_lag_eurPSLjfm', '63_lag_traIT', '59_lag_traBS', '44_lag_nchinaPRjja', '56_lag_nchinaPRjja', '54_lag_stratZ50ndj01', '59_lag_yrvPRjja', '51_lag_eapPSLjfm', '46_lag_scpPSLjfm', '63_lag_traTLS', '54_lag_alpi', '54_lag_scpPSLjfm']","[0.13771559527868432, 0.20938117810435355, 0.04227028640958836, 0.07674677038156749, 0.20576703510118932, 0.08393179469589358, 0.19581114578696704, 0.002434975278472187, 0.045826554917653486, 0.22186477393234663, 0.14632573210315492, 0.0440870421065462, 0.04441593768083489, 0.14115151595922704, 0.12021575388047281, 0.2662487643333937, 0.21203588192645845, 0.05489972080675667, 0.05439711451171635, 0.08203087241187657, 0.178693858365328, 0.14170123338478635, 0.04998378799950877, 0.0020531440612409496, 0.08542740087310068, 0.145939381750145, 0.0718677285435117, 0.2528596688320101, 0.07985314059977533, 0.06429513254555344]","63_lag_traFSC, 41_lag_traTLS, 61_lag_stratZ50ndj01, 69_lag_scpPSLjfm, 60_lag_stratZ50ndj02, 54_lag_mhfIP30, 69_lag_shSICsep, 45_lag_mhfIP30, 51_lag_seurTSjfm, 43_lag_stratZ50ndj01, 60_lag_eapPSLjfm, 53_lag_stratZ50ndj02, 66_lag_yrvPRjja, 51_lag_stratZ50ndj01, 53_lag_nchinaPRjja, 54_lag_ensoSSTjfm, 55_lag_eapPSLjfm, 45_lag_ensoSSTjfm, 46_lag_eurPSLjfm, 63_lag_traIT, 59_lag_traBS, 44_lag_nchinaPRjja, 56_lag_nchinaPRjja, 54_lag_stratZ50ndj01, 59_lag_yrvPRjja, 51_lag_eapPSLjfm, 46_lag_scpPSLjfm, 63_lag_traTLS, 54_lag_alpi, 54_lag_scpPSLjfm_3835_41"
LinearRegression,57,30,ensoSSTjfm,slow,1771.5,2005.5,0.4,72,42,42,18.35450839417873,0.12231307081149313,3835,"['60_lag_stratZ50ndj02', '59_lag_traTLS', '51_lag_seurTSjfm', '42_lag_stratZ50ndj03', '66_lag_yrvPRjja', '63_lag_traFSC', '54_lag_mhfIP30', '69_lag_shSICsep', '45_lag_mhfIP30', '60_lag_eapPSLjfm', '53_lag_stratZ50ndj02', '53_lag_nchinaPRjja', '51_lag_stratZ50ndj01', '54_lag_ensoSSTjfm', '71_lag_scpPSLjfm', '46_lag_eurPSLjfm', '55_lag_eapPSLjfm', '59_lag_traBS', '54_lag_stratZ50ndj01', '44_lag_nchinaPRjja', '59_lag_yrvPRjja', '45_lag_ensoSSTjfm', '56_lag_nchinaPRjja', '63_lag_traIT', '71_lag_alpi', '51_lag_eapPSLjfm', '63_lag_traTLS', '46_lag_scpPSLjfm', '54_lag_alpi', '54_lag_scpPSLjfm']","[0.17820352151262067, 0.09216092618729385, 0.1482577413861779, 0.02143055201900708, 0.07041245796746443, 0.09511733656918846, 0.01096658263667307, 0.19661524979744044, 0.05686848560124216, 0.17367947959515548, 0.09592681674649078, 0.11548863204997917, 0.12520396586409938, 0.26890846962019155, 0.16063996755264484, 0.09035461356036044, 0.19326632577741487, 0.1735465757067087, 0.003374719352536505, 0.10685567498328988, 0.03805671378951555, 0.08411979231518743, 0.09905732391151818, 0.05411751312500612, 0.025693315694386428, 0.00965357303718153, 0.2257678700774298, 0.12752635958827235, 0.0427457913107188, 0.08417282663866438]","60_lag_stratZ50ndj02, 59_lag_traTLS, 51_lag_seurTSjfm, 42_lag_stratZ50ndj03, 66_lag_yrvPRjja, 63_lag_traFSC, 54_lag_mhfIP30, 69_lag_shSICsep, 45_lag_mhfIP30, 60_lag_eapPSLjfm, 53_lag_stratZ50ndj02, 53_lag_nchinaPRjja, 51_lag_stratZ50ndj01, 54_lag_ensoSSTjfm, 71_lag_scpPSLjfm, 46_lag_eurPSLjfm, 55_lag_eapPSLjfm, 59_lag_traBS, 54_lag_stratZ50ndj01, 44_lag_nchinaPRjja, 59_lag_yrvPRjja, 45_lag_ensoSSTjfm, 56_lag_nchinaPRjja, 63_lag_traIT, 71_lag_alpi, 51_lag_eapPSLjfm, 63_lag_traTLS, 46_lag_scpPSLjfm, 54_lag_alpi, 54_lag_scpPSLjfm_3835_42"
LinearRegression,58,30,ensoSSTjfm,slow,1772.5,2005.5,0.4,73,43,43,18.783826930495675,0.0412214672049419,3835,"['68_lag_yrvPRjja', '59_lag_traIT', '66_lag_yrvPRjja', '53_lag_stratZ50ndj02', '43_lag_stratZ50ndj01', '45_lag_mhfIP30', '63_lag_traFSC', '69_lag_shSICsep', '59_lag_traTLS', '53_lag_nchinaPRjja', '71_lag_scpPSLjfm', '72_lag_alpi', '54_lag_ensoSSTjfm', '51_lag_stratZ50ndj01', '46_lag_eurPSLjfm', '54_lag_stratZ50ndj01', '44_lag_nchinaPRjja', '59_lag_yrvPRjja', '55_lag_eapPSLjfm', '43_lag_44_median_nchinaPRjja', '45_lag_ensoSSTjfm', '71_lag_alpi', '59_lag_traBS', '56_lag_nchinaPRjja', '63_lag_traIT', '46_lag_scpPSLjfm', '51_lag_eapPSLjfm', '54_lag_alpi', '63_lag_traTLS', '54_lag_scpPSLjfm']","[0.13656705898116772, 0.14637142612471804, 0.09715309910145055, 0.11438028077030718, 0.13519263970577858, 0.00284508713509177, 0.11784785477426794, 0.15470507878866888, 0.02207127313734025, 0.02877463765224528, 0.1658817594000243, 0.09514119021462845, 0.20162000766200636, 0.1160433301478827, 0.04956742273644063, 0.06620889973550009, 2056598289456.1702, 0.05441268778976506, 0.1872018790568954, 2056598289456.2605, 0.0745456762913605, 0.018391835308028386, 0.18140304795129636, 0.07552855663316095, 0.0968592006392199, 0.15536888717314057, 0.14144618763157865, 0.022010802173293667, 0.2010637151823573, 0.12136337682412884]","68_lag_yrvPRjja, 59_lag_traIT, 66_lag_yrvPRjja, 53_lag_stratZ50ndj02, 43_lag_stratZ50ndj01, 45_lag_mhfIP30, 63_lag_traFSC, 69_lag_shSICsep, 59_lag_traTLS, 53_lag_nchinaPRjja, 71_lag_scpPSLjfm, 72_lag_alpi, 54_lag_ensoSSTjfm, 51_lag_stratZ50ndj01, 46_lag_eurPSLjfm, 54_lag_stratZ50ndj01, 44_lag_nchinaPRjja, 59_lag_yrvPRjja, 55_lag_eapPSLjfm, 43_lag_44_median_nchinaPRjja, 45_lag_ensoSSTjfm, 71_lag_alpi, 59_lag_traBS, 56_lag_nchinaPRjja, 63_lag_traIT, 46_lag_scpPSLjfm, 51_lag_eapPSLjfm, 54_lag_alpi, 63_lag_traTLS, 54_lag_scpPSLjfm_3835_43"
LinearRegression,59,30,ensoSSTjfm,slow,1773.5,2005.5,0.4,74,44,44,18.6844375523516,0.06624198407079969,3835,"['57_lag_yrvPRjja', '66_lag_yrvPRjja', '60_lag_eapPSLjfm', '53_lag_stratZ50ndj02', '73_lag_traWP', '54_lag_mhfIP30', '69_lag_shSICsep', '72_lag_alpi', '54_lag_ensoSSTjfm', '59_lag_traTLS', '46_lag_eurPSLjfm', '63_lag_traFSC', '71_lag_scpPSLjfm', '51_lag_stratZ50ndj01', '55_lag_eapPSLjfm', '45_lag_ensoSSTjfm', '44_lag_45_median_ensoSSTjfm', '54_lag_stratZ50ndj01', '53_lag_nchinaPRjja', '59_lag_yrvPRjja', '44_lag_nchinaPRjja', '71_lag_alpi', '63_lag_traIT', '56_lag_nchinaPRjja', '59_lag_traBS', '46_lag_scpPSLjfm', '51_lag_eapPSLjfm', '63_lag_traTLS', '54_lag_alpi', '54_lag_scpPSLjfm']","[0.16325086659198118, 0.08483445745806295, 0.14017253856773865, 0.08441906366124596, 0.033420606964826426, 0.039412366249992274, 0.1530930944767693, 0.08315734928473374, 0.20773669448273685, 0.12968931261463404, 0.10564934000887428, 0.1133714349735902, 0.14852211220768508, 0.08060237614213842, 0.15417313019577694, 1565362470258.4124, 1565362470258.3257, 0.05245081302951874, 0.10407844374386536, 0.022553080362539602, 0.0785410431389246, 0.04964500203608762, 0.08509911174523187, 0.13801031679775383, 0.18853999530949453, 0.11997381387089227, 0.12145596748834364, 0.1429979935218321, 0.07589739885324742, 0.12460536481607595]","57_lag_yrvPRjja, 66_lag_yrvPRjja, 60_lag_eapPSLjfm, 53_lag_stratZ50ndj02, 73_lag_traWP, 54_lag_mhfIP30, 69_lag_shSICsep, 72_lag_alpi, 54_lag_ensoSSTjfm, 59_lag_traTLS, 46_lag_eurPSLjfm, 63_lag_traFSC, 71_lag_scpPSLjfm, 51_lag_stratZ50ndj01, 55_lag_eapPSLjfm, 45_lag_ensoSSTjfm, 44_lag_45_median_ensoSSTjfm, 54_lag_stratZ50ndj01, 53_lag_nchinaPRjja, 59_lag_yrvPRjja, 44_lag_nchinaPRjja, 71_lag_alpi, 63_lag_traIT, 56_lag_nchinaPRjja, 59_lag_traBS, 46_lag_scpPSLjfm, 51_lag_eapPSLjfm, 63_lag_traTLS, 54_lag_alpi, 54_lag_scpPSLjfm_3835_44"
LinearRegression,60,30,ensoSSTjfm,slow,1774.5,2005.5,0.4,75,45,45,18.58718797497165,0.09008501129672675,3835,"['64_lag_eapPSLjfm', '60_lag_traBS', '73_lag_traWP', '63_lag_traFSC', '72_lag_traTLS', '60_lag_nppc2SSTjfm', '71_lag_scpPSLjfm', '57_lag_yrvPRjja', '69_lag_stratZ50ndj03', '45_lag_ensoSSTjfm', '51_lag_stratZ50ndj01', '53_lag_stratZ50ndj01', '72_lag_alpi', '55_lag_eapPSLjfm', '54_lag_mhfIP30', '60_lag_stratZ50ndj02', '54_lag_ensoSSTjfm', '71_lag_alpi', '54_lag_stratZ50ndj01', '53_lag_nchinaPRjja', '59_lag_yrvPRjja', '63_lag_traIT', '56_lag_nchinaPRjja', '59_lag_traBS', '63_lag_traTLS', '46_lag_scpPSLjfm', '45_lag_46_median_scpPSLjfm', '51_lag_eapPSLjfm', '54_lag_alpi', '54_lag_scpPSLjfm']","[0.001269666877319931, 0.09184260240207148, 0.0432176444990329, 0.08194055114604147, 0.0011800302382363043, 0.14094464501226078, 0.1461318719440212, 0.21390827778035665, 0.11579334947379967, 0.06259376218292584, 0.11677588473601017, 0.06124630768809534, 0.1110056009957888, 0.175605129552393, 0.05317640421231394, 0.08941349430582209, 0.22353459461527414, 0.021180797993147232, 0.10289056635964512, 0.05710344450419829, 0.0005360748458235541, 0.12923395857298808, 0.1462983447609313, 0.22117086936883312, 0.07787183231778316, 12320262076432.545, 12320262076432.389, 0.09190410723323755, 0.040727248690231005, 0.12336252300289449]","64_lag_eapPSLjfm, 60_lag_traBS, 73_lag_traWP, 63_lag_traFSC, 72_lag_traTLS, 60_lag_nppc2SSTjfm, 71_lag_scpPSLjfm, 57_lag_yrvPRjja, 69_lag_stratZ50ndj03, 45_lag_ensoSSTjfm, 51_lag_stratZ50ndj01, 53_lag_stratZ50ndj01, 72_lag_alpi, 55_lag_eapPSLjfm, 54_lag_mhfIP30, 60_lag_stratZ50ndj02, 54_lag_ensoSSTjfm, 71_lag_alpi, 54_lag_stratZ50ndj01, 53_lag_nchinaPRjja, 59_lag_yrvPRjja, 63_lag_traIT, 56_lag_nchinaPRjja, 59_lag_traBS, 63_lag_traTLS, 46_lag_scpPSLjfm, 45_lag_46_median_scpPSLjfm, 51_lag_eapPSLjfm, 54_lag_alpi, 54_lag_scpPSLjfm_3835_45"
LinearRegression,61,30,ensoSSTjfm,slow,1775.5,2005.5,0.4,76,46,46,20.771536766199915,-0.06947056119405344,3835,"['60_lag_traEU', '55_lag_eapPSLjfm', '63_lag_traFSC', '75_lag_eurPSLjfm', '73_lag_traWP', '65_lag_stratZ50ndj01', '60_lag_nppc2SSTjfm', '46_lag_eurPSLjfm', '54_lag_ensoSSTjfm', '72_lag_traTLS', '72_lag_alpi', '71_lag_alpi', '69_lag_stratZ50ndj03', '60_lag_stratZ50ndj02', '46_lag_alpi', '54_lag_mhfIP30', '53_lag_stratZ50ndj01', '51_lag_stratZ50ndj01', '54_lag_stratZ50ndj01', '56_lag_nchinaPRjja', '59_lag_traBS', '59_lag_yrvPRjja', '63_lag_traIT', '51_lag_eapPSLjfm', '53_lag_nchinaPRjja', '54_lag_scpPSLjfm', '63_lag_traTLS', '54_lag_alpi', '46_lag_scpPSLjfm', '75_lag_yrvPRjja']","[0.09102003851124785, 0.06863718880060446, 0.02885077301376551, 0.17850223181893557, 0.2024166497905057, 0.08319004161728254, 0.040119981719274334, 0.055954473502549076, 0.15076680714842472, 0.06096602746422781, 0.1300395350354046, 0.03639092915155583, 0.06654376352943425, 0.17192729058836892, 0.1374065472609759, 0.02382562978197478, 0.09227268613768284, 0.032603856107306164, 0.10486033376246023, 0.11944138702161992, 0.1606158046891864, 0.05314230507862601, 0.07473091107097599, 0.17156340644649767, 0.16334678285409093, 0.05674127364924378, 0.15768992376265034, 0.08599591247606742, 0.1050847201209598, 0.3255670390163456]","60_lag_traEU, 55_lag_eapPSLjfm, 63_lag_traFSC, 75_lag_eurPSLjfm, 73_lag_traWP, 65_lag_stratZ50ndj01, 60_lag_nppc2SSTjfm, 46_lag_eurPSLjfm, 54_lag_ensoSSTjfm, 72_lag_traTLS, 72_lag_alpi, 71_lag_alpi, 69_lag_stratZ50ndj03, 60_lag_stratZ50ndj02, 46_lag_alpi, 54_lag_mhfIP30, 53_lag_stratZ50ndj01, 51_lag_stratZ50ndj01, 54_lag_stratZ50ndj01, 56_lag_nchinaPRjja, 59_lag_traBS, 59_lag_yrvPRjja, 63_lag_traIT, 51_lag_eapPSLjfm, 53_lag_nchinaPRjja, 54_lag_scpPSLjfm, 63_lag_traTLS, 54_lag_alpi, 46_lag_scpPSLjfm, 75_lag_yrvPRjja_3835_46"
LinearRegression,62,30,ensoSSTjfm,slow,1776.5,2005.5,0.4,77,47,47,19.904687805281295,0.08483407977833826,3835,"['55_lag_eurPSLjfm', '47_lag_ginwSSTjfm', '59_lag_traTLS', '69_lag_shSICsep', '75_lag_eurPSLjfm', '73_lag_traWP', '60_lag_stratZ50ndj02', '65_lag_stratZ50ndj01', '55_lag_eapPSLjfm', '63_lag_traFSC', '53_lag_stratZ50ndj01', '71_lag_alpi', '69_lag_stratZ50ndj03', '54_lag_ensoSSTjfm', '72_lag_traTLS', '54_lag_stratZ50ndj01', '47_lag_traIT', '59_lag_traBS', '51_lag_stratZ50ndj01', '63_lag_traIT', '72_lag_alpi', '54_lag_mhfIP30', '56_lag_nchinaPRjja', '59_lag_yrvPRjja', '51_lag_eapPSLjfm', '53_lag_nchinaPRjja', '54_lag_scpPSLjfm', '63_lag_traTLS', '54_lag_alpi', '75_lag_yrvPRjja']","[0.03773236052047267, 0.1482693696519506, 0.04843867904830761, 0.019691369546479286, 0.10938155384834021, 0.14279264836883987, 0.23533773352203333, 0.04658243650001409, 0.1131774778197573, 0.12247549820274538, 0.0765766042302102, 0.021043031966977682, 0.06209165550945155, 0.12118202704901639, 0.04509666916923527, 0.042538070028380656, 0.11164315134164052, 0.11114698013563336, 0.1051201849519409, 0.07357785909269667, 0.13356431605301783, 0.07681044286423762, 0.12704309471692335, 0.0687412372201272, 0.11983195508351217, 0.16325974406597327, 0.017543174148742936, 0.13787705527288271, 0.07844821132982753, 0.2970934314285719]","55_lag_eurPSLjfm, 47_lag_ginwSSTjfm, 59_lag_traTLS, 69_lag_shSICsep, 75_lag_eurPSLjfm, 73_lag_traWP, 60_lag_stratZ50ndj02, 65_lag_stratZ50ndj01, 55_lag_eapPSLjfm, 63_lag_traFSC, 53_lag_stratZ50ndj01, 71_lag_alpi, 69_lag_stratZ50ndj03, 54_lag_ensoSSTjfm, 72_lag_traTLS, 54_lag_stratZ50ndj01, 47_lag_traIT, 59_lag_traBS, 51_lag_stratZ50ndj01, 63_lag_traIT, 72_lag_alpi, 54_lag_mhfIP30, 56_lag_nchinaPRjja, 59_lag_yrvPRjja, 51_lag_eapPSLjfm, 53_lag_nchinaPRjja, 54_lag_scpPSLjfm, 63_lag_traTLS, 54_lag_alpi, 75_lag_yrvPRjja_3835_47"
LinearRegression,63,30,ensoSSTjfm,slow,1777.5,2005.5,0.4,78,48,51,19.517852480909777,0.03664532505055543,3835,"['76_lag_eapPSLjfm', '73_lag_traWP', '63_lag_traFSC', '69_lag_scpPSLjfm', '77_lag_yrvPRjja', '68_lag_yrvPRjja', '55_lag_eapPSLjfm', '62_lag_alpi', '69_lag_shSICsep', '54_lag_ensoSSTjfm', '71_lag_alpi', '51_lag_eapPSLjfm', '54_lag_mhfIP30', '77_lag_traCA', '56_lag_nchinaPRjja', '51_lag_stratZ50ndj01', '53_lag_stratZ50ndj01', '72_lag_alpi', '63_lag_traIT', '59_lag_yrvPRjja', '72_lag_traTLS', '59_lag_traBS', '54_lag_stratZ50ndj01', '77_lag_shSICmar', '63_lag_traTLS', '53_lag_nchinaPRjja', '77_lag_scpPSLjfm', '54_lag_scpPSLjfm', '54_lag_alpi', '75_lag_yrvPRjja']","[0.12164403838382354, 0.10049702461146584, 0.12331795022851762, 0.006614282400776564, 0.07426897227922784, 0.09829014126178157, 0.03908537504223467, 0.07448547972983655, 0.04528348495839686, 0.13004229249291546, 0.009555250509006857, 0.16999414626721493, 0.056191496388730104, 0.1452988092521888, 0.10473517876240937, 0.11358509553489819, 0.14038736809805438, 0.06485516812070374, 0.14088449494922106, 0.04179014747806643, 0.03235577860095128, 0.08631606073120732, 0.1267231802440738, 0.1009210558179513, 0.13037208844244558, 0.16957053675536013, 0.10211172272366603, 0.029555349012955312, 0.029176504520432057, 0.28691808160947024]","76_lag_eapPSLjfm, 73_lag_traWP, 63_lag_traFSC, 69_lag_scpPSLjfm, 77_lag_yrvPRjja, 68_lag_yrvPRjja, 55_lag_eapPSLjfm, 62_lag_alpi, 69_lag_shSICsep, 54_lag_ensoSSTjfm, 71_lag_alpi, 51_lag_eapPSLjfm, 54_lag_mhfIP30, 77_lag_traCA, 56_lag_nchinaPRjja, 51_lag_stratZ50ndj01, 53_lag_stratZ50ndj01, 72_lag_alpi, 63_lag_traIT, 59_lag_yrvPRjja, 72_lag_traTLS, 59_lag_traBS, 54_lag_stratZ50ndj01, 77_lag_shSICmar, 63_lag_traTLS, 53_lag_nchinaPRjja, 77_lag_scpPSLjfm, 54_lag_scpPSLjfm, 54_lag_alpi, 75_lag_yrvPRjja_3835_51"
LinearRegression,64,30,ensoSSTjfm,slow,1778.5,2005.5,0.4,79,49,51,20.98635048074512,-0.12414844514030068,3835,"['69_lag_shSICsep', '62_lag_traIFC', '62_lag_alpi', '55_lag_eapPSLjfm', '51_lag_stratZ50ndj01', '54_lag_mhfIP30', '78_lag_nchinaPRjja', '51_lag_eapPSLjfm', '77_lag_yrvPRjja', '63_lag_stratZ50ndj03', '54_lag_ensoSSTjfm', '59_lag_traBS', '69_lag_scpPSLjfm', '78_lag_traEU', '71_lag_alpi', '54_lag_stratZ50ndj01', '78_lag_eapPSLjfm', '77_lag_traCA', '53_lag_stratZ50ndj01', '72_lag_traTLS', '63_lag_traIT', '56_lag_nchinaPRjja', '77_lag_shSICmar', '72_lag_alpi', '53_lag_nchinaPRjja', '54_lag_scpPSLjfm', '63_lag_traTLS', '77_lag_scpPSLjfm', '54_lag_alpi', '75_lag_yrvPRjja']","[0.06265621262834799, 0.1759476852218152, 0.036871473373793894, 0.09244284615323098, 0.12492810794366936, 0.034343449107190824, 0.06566505369224065, 0.10347224825479873, 0.05611225667934941, 0.1482525001753142, 0.18555953721372737, 0.049878183197131394, 0.06463130069231281, 0.09011841738428773, 0.004852800527172916, 0.1095701014788627, 0.10295470403175039, 0.22159074281255417, 0.11790807101701656, 0.09123169377815399, 0.10742765402637353, 0.12216920368860423, 0.1679921781902872, 0.04499016506775452, 0.1914334602651699, 0.04264169873094838, 0.14394234552683993, 0.07489405187757468, 0.004220026855794224, 0.2846549611452405]","69_lag_shSICsep, 62_lag_traIFC, 62_lag_alpi, 55_lag_eapPSLjfm, 51_lag_stratZ50ndj01, 54_lag_mhfIP30, 78_lag_nchinaPRjja, 51_lag_eapPSLjfm, 77_lag_yrvPRjja, 63_lag_stratZ50ndj03, 54_lag_ensoSSTjfm, 59_lag_traBS, 69_lag_scpPSLjfm, 78_lag_traEU, 71_lag_alpi, 54_lag_stratZ50ndj01, 78_lag_eapPSLjfm, 77_lag_traCA, 53_lag_stratZ50ndj01, 72_lag_traTLS, 63_lag_traIT, 56_lag_nchinaPRjja, 77_lag_shSICmar, 72_lag_alpi, 53_lag_nchinaPRjja, 54_lag_scpPSLjfm, 63_lag_traTLS, 77_lag_scpPSLjfm, 54_lag_alpi, 75_lag_yrvPRjja_3835_51"
LinearRegression,65,30,ensoSSTjfm,slow,1779.5,2005.5,0.4,80,50,50,20.517857749107733,-0.057512278702102494,3835,"['53_lag_stratZ50ndj02', '50_lag_51_median_eapPSLjfm', '59_lag_yrvPRjja', '77_lag_yrvPRjja', '59_lag_traBS', '51_lag_eapPSLjfm', '53_lag_stratZ50ndj01', '79_lag_nchinaPRjja', '78_lag_eapPSLjfm', '54_lag_ensoSSTjfm', '69_lag_shSICsep', '62_lag_scpPSLjfm', '55_lag_eapPSLjfm', '77_lag_traCA', '72_lag_alpi', '71_lag_alpi', '54_lag_stratZ50ndj01', '72_lag_traTLS', '77_lag_shSICmar', '69_lag_scpPSLjfm', '54_lag_mhfIP30', '63_lag_traIT', '79_lag_mhfIP30', '56_lag_nchinaPRjja', '54_lag_scpPSLjfm', '53_lag_nchinaPRjja', '77_lag_scpPSLjfm', '63_lag_traTLS', '54_lag_alpi', '75_lag_yrvPRjja']","[0.18803904107201436, 404686228182.97675, 0.033845313505767805, 0.07138872432108544, 0.029704384686185737, 404686228182.78656, 0.12018440478546533, 0.04197346071181027, 0.11315431778100217, 0.1887968018755276, 0.03762155225450393, 0.06062784223345771, 0.03983704355598239, 0.20428680856001294, 0.06249884387129227, 0.02607135091641062, 0.1271582504495431, 0.04975128173828125, 0.20603370666503906, 0.009002685546875, 0.03252220153808594, 0.117340087890625, 0.0408782958984375, 0.15941238403320312, 0.018798828125, 0.21334552764892578, 0.08703231811523438, 0.13018798828125, 0.02703857421875, 0.35849761962890625]","53_lag_stratZ50ndj02, 50_lag_51_median_eapPSLjfm, 59_lag_yrvPRjja, 77_lag_yrvPRjja, 59_lag_traBS, 51_lag_eapPSLjfm, 53_lag_stratZ50ndj01, 79_lag_nchinaPRjja, 78_lag_eapPSLjfm, 54_lag_ensoSSTjfm, 69_lag_shSICsep, 62_lag_scpPSLjfm, 55_lag_eapPSLjfm, 77_lag_traCA, 72_lag_alpi, 71_lag_alpi, 54_lag_stratZ50ndj01, 72_lag_traTLS, 77_lag_shSICmar, 69_lag_scpPSLjfm, 54_lag_mhfIP30, 63_lag_traIT, 79_lag_mhfIP30, 56_lag_nchinaPRjja, 54_lag_scpPSLjfm, 53_lag_nchinaPRjja, 77_lag_scpPSLjfm, 63_lag_traTLS, 54_lag_alpi, 75_lag_yrvPRjja_3835_50"
LinearRegression,66,30,ensoSSTjfm,slow,1780.5,2005.5,0.4,81,51,51,20.379292358918157,0.07799144181030043,3835,"['62_lag_scpPSLjfm', '62_lag_traIFC', '55_lag_eapPSLjfm', '76_lag_traBS', '80_lag_alpi', '71_lag_scpPSLjfm', '63_lag_stratZ50ndj03', '72_lag_traTLS', '59_lag_traTLS', '54_lag_stratZ50ndj01', '51_lag_eapPSLjfm', '78_lag_eapPSLjfm', '78_lag_nchinaPRjja', '79_lag_nchinaPRjja', '59_lag_traBS', '80_lag_nchinaPRjja', '72_lag_stratZ50ndj01', '63_lag_traIT', '54_lag_mhfIP30', '77_lag_scpPSLjfm', '79_lag_mhfIP30', '72_lag_alpi', '56_lag_nchinaPRjja', '77_lag_traCA', '54_lag_scpPSLjfm', '53_lag_nchinaPRjja', '71_lag_alpi', '63_lag_traTLS', '75_lag_yrvPRjja', '54_lag_alpi']","[0.010610403161456818, 0.10088074405316311, 0.04761943783670942, 0.06843630007715434, 0.055727202739861856, 0.10431991458554096, 0.21662030698527324, 0.12315051763409122, 0.2462908432570339, 0.0790301056846759, 0.08625717839635835, 0.02093851891639594, 0.06912429462474116, 0.14404535535765, 0.04526498898627344, 0.10836927340170585, 0.12555259705761165, 0.062073918525477334, 0.09777644433563053, 0.1205411291571514, 0.00982157016592973, 0.07697568967930679, 0.13055959299716954, 0.13651982841965887, 0.09221857430251036, 0.11264709874167936, 0.08591224020209146, 0.15559119022176537, 0.2845068169056653, 0.08920847423930316]","62_lag_scpPSLjfm, 62_lag_traIFC, 55_lag_eapPSLjfm, 76_lag_traBS, 80_lag_alpi, 71_lag_scpPSLjfm, 63_lag_stratZ50ndj03, 72_lag_traTLS, 59_lag_traTLS, 54_lag_stratZ50ndj01, 51_lag_eapPSLjfm, 78_lag_eapPSLjfm, 78_lag_nchinaPRjja, 79_lag_nchinaPRjja, 59_lag_traBS, 80_lag_nchinaPRjja, 72_lag_stratZ50ndj01, 63_lag_traIT, 54_lag_mhfIP30, 77_lag_scpPSLjfm, 79_lag_mhfIP30, 72_lag_alpi, 56_lag_nchinaPRjja, 77_lag_traCA, 54_lag_scpPSLjfm, 53_lag_nchinaPRjja, 71_lag_alpi, 63_lag_traTLS, 75_lag_yrvPRjja, 54_lag_alpi_3835_51"
LinearRegression,67,30,ensoSSTjfm,slow,1781.5,2005.5,0.4,82,52,52,20.27718829361379,0.06370617961414876,3835,"['76_lag_traBS', '73_lag_traWP', '62_lag_stratZ50ndj03', '62_lag_scpPSLjfm', '59_lag_traTLS', '80_lag_alpi', '54_lag_stratZ50ndj01', '79_lag_nchinaPRjja', '80_lag_nchinaPRjja', '78_lag_eapPSLjfm', '62_lag_traIFC', '78_lag_nchinaPRjja', '71_lag_scpPSLjfm', '59_lag_traBS', '72_lag_stratZ50ndj01', '63_lag_traIT', '63_lag_stratZ50ndj03', '54_lag_mhfIP30', '77_lag_scpPSLjfm', '79_lag_mhfIP30', '52_lag_53_median_nchinaPRjja', '54_lag_scpPSLjfm', '53_lag_nchinaPRjja', '77_lag_traCA', '72_lag_alpi', '56_lag_nchinaPRjja', '63_lag_traTLS', '71_lag_alpi', '75_lag_yrvPRjja', '54_lag_alpi']","[0.07633398938602974, 0.15164415297516493, 0.0443874306779103, 0.023570274135002837, 0.19472364537284853, 0.05060774210176492, 0.1079637004886125, 0.11479624866414358, 0.1125148850716284, 0.0551235796273199, 0.12950822334021633, 0.06835414837876533, 0.09856530199086203, 0.02991745340847342, 0.11772830292159331, 0.11769501019008302, 0.16352461882975863, 0.038346374094080204, 0.11315569938127554, 0.00482673453618053, 0.05806592034891449, 0.10881310180166, 0.058065920348915404, 0.12378951441854405, 0.09573547335014283, 0.17259419196393033, 0.06225175254300082, 0.08085872482892772, 0.28188778849863494, 0.09639293472260717]","76_lag_traBS, 73_lag_traWP, 62_lag_stratZ50ndj03, 62_lag_scpPSLjfm, 59_lag_traTLS, 80_lag_alpi, 54_lag_stratZ50ndj01, 79_lag_nchinaPRjja, 80_lag_nchinaPRjja, 78_lag_eapPSLjfm, 62_lag_traIFC, 78_lag_nchinaPRjja, 71_lag_scpPSLjfm, 59_lag_traBS, 72_lag_stratZ50ndj01, 63_lag_traIT, 63_lag_stratZ50ndj03, 54_lag_mhfIP30, 77_lag_scpPSLjfm, 79_lag_mhfIP30, 52_lag_53_median_nchinaPRjja, 54_lag_scpPSLjfm, 53_lag_nchinaPRjja, 77_lag_traCA, 72_lag_alpi, 56_lag_nchinaPRjja, 63_lag_traTLS, 71_lag_alpi, 75_lag_yrvPRjja, 54_lag_alpi_3835_52"
LinearRegression,68,30,ensoSSTjfm,slow,1782.5,2005.5,0.4,83,53,53,21.116889955040385,0.004629391216713541,3835,"['62_lag_scpPSLjfm', '80_lag_mhfATL60', '78_lag_eapPSLjfm', '76_lag_traBS', '80_lag_alpi', '59_lag_traBS', '81_lag_alpi', '62_lag_stratZ50ndj03', '71_lag_scpPSLjfm', '53_lag_traEU', '63_lag_stratZ50ndj03', '79_lag_nchinaPRjja', '80_lag_nchinaPRjja', '72_lag_stratZ50ndj01', '62_lag_traIFC', '63_lag_traIT', '77_lag_scpPSLjfm', '78_lag_nchinaPRjja', '53_lag_54_median_scpPSLjfm', '54_lag_scpPSLjfm', '77_lag_traCA', '72_lag_alpi', '79_lag_mhfIP30', '53_lag_nchinaPRjja', '56_lag_nchinaPRjja', '63_lag_traTLS', '71_lag_alpi', '54_lag_alpi', '53_lag_54_median_alpi', '75_lag_yrvPRjja']","[0.005221894296289517, 0.04636421301846699, 0.09514687422934294, 0.09770150406981487, 0.060125802338539695, 0.09312268393237509, 0.07967506691817551, 0.022088648264904382, 0.09420758097814656, 0.10826317734949545, 0.1322157173622461, 0.05110807380250373, 0.11815753335939205, 0.14284307010075684, 0.08583609704543163, 0.08269576624048093, 0.13446708926822534, 0.054700182807026744, 6511376715.556035, 6511376715.723683, 0.18177507828182135, 0.1402294097863793, 0.02429173921295328, 0.07659730131671184, 0.15504264411995058, 0.10354123462056129, 0.07978341545438353, 1195099830146.875, 1195099830147.02, 0.19197105567514988]","62_lag_scpPSLjfm, 80_lag_mhfATL60, 78_lag_eapPSLjfm, 76_lag_traBS, 80_lag_alpi, 59_lag_traBS, 81_lag_alpi, 62_lag_stratZ50ndj03, 71_lag_scpPSLjfm, 53_lag_traEU, 63_lag_stratZ50ndj03, 79_lag_nchinaPRjja, 80_lag_nchinaPRjja, 72_lag_stratZ50ndj01, 62_lag_traIFC, 63_lag_traIT, 77_lag_scpPSLjfm, 78_lag_nchinaPRjja, 53_lag_54_median_scpPSLjfm, 54_lag_scpPSLjfm, 77_lag_traCA, 72_lag_alpi, 79_lag_mhfIP30, 53_lag_nchinaPRjja, 56_lag_nchinaPRjja, 63_lag_traTLS, 71_lag_alpi, 54_lag_alpi, 53_lag_54_median_alpi, 75_lag_yrvPRjja_3835_53"
LinearRegression,69,30,ensoSSTjfm,slow,1783.5,2005.5,0.4,84,54,54,20.839754197942547,0.042737012110499115,3835,"['68_lag_yrvPRjja', '80_lag_mhfATL60', '78_lag_eapPSLjfm', '76_lag_traBS', '59_lag_traTLS', '81_lag_alpi', '62_lag_stratZ50ndj01', '54_lag_ensoSSTjfm', '59_lag_traBS', '81_lag_seurTSjfm', '79_lag_traTLS', '78_lag_nchinaPRjja', '71_lag_scpPSLjfm', '70_lag_alpi', '79_lag_mhfIP30', '62_lag_traIFC', '80_lag_alpi', '63_lag_stratZ50ndj03', '77_lag_scpPSLjfm', '80_lag_nchinaPRjja', '62_lag_stratZ50ndj03', '63_lag_traIT', '79_lag_nchinaPRjja', '77_lag_traCA', '56_lag_nchinaPRjja', '71_lag_alpi', '63_lag_traTLS', '54_lag_scpPSLjfm', '75_lag_yrvPRjja', '54_lag_alpi']","[0.07624122138887533, 0.06369973512866281, 0.13119943682507038, 0.0936467726103082, 0.2655055643883215, 0.016252151738168276, 0.12896061428583092, 0.003640149417551757, 0.05022646493503565, 0.174196912387906, 0.02951486140323485, 0.11501540286733586, 0.09998540727821278, 0.02043670941606636, 0.018545833230596224, 0.17182183194132017, 0.044300900674407576, 0.16005943802388867, 0.04406217582551826, 0.11585767486619841, 0.0014522587703632642, 0.10411493544979655, 0.0924931187720404, 0.14275444847175975, 0.18777882990598438, 0.14779171464896926, 0.1313515699718416, 0.10994750028927913, 0.1853281837204167, 0.12711943067556367]","68_lag_yrvPRjja, 80_lag_mhfATL60, 78_lag_eapPSLjfm, 76_lag_traBS, 59_lag_traTLS, 81_lag_alpi, 62_lag_stratZ50ndj01, 54_lag_ensoSSTjfm, 59_lag_traBS, 81_lag_seurTSjfm, 79_lag_traTLS, 78_lag_nchinaPRjja, 71_lag_scpPSLjfm, 70_lag_alpi, 79_lag_mhfIP30, 62_lag_traIFC, 80_lag_alpi, 63_lag_stratZ50ndj03, 77_lag_scpPSLjfm, 80_lag_nchinaPRjja, 62_lag_stratZ50ndj03, 63_lag_traIT, 79_lag_nchinaPRjja, 77_lag_traCA, 56_lag_nchinaPRjja, 71_lag_alpi, 63_lag_traTLS, 54_lag_scpPSLjfm, 75_lag_yrvPRjja, 54_lag_alpi_3835_54"
LinearRegression,70,30,ensoSSTjfm,slow,1784.5,2005.5,0.4,85,55,55,20.774693515295297,-0.010196885930284779,3835,"['80_lag_mhfATL60', '68_lag_yrvPRjja', '78_lag_eapPSLjfm', '64_lag_traIT', '79_lag_traTLS', '78_lag_traEU', '61_lag_traDS', '75_lag_nchinaPRjja', '77_lag_stratZ50ndj01', '72_lag_traTLS', '59_lag_traTLS', '78_lag_nchinaPRjja', '62_lag_traIFC', '62_lag_neurTSjfm', '80_lag_nchinaPRjja', '63_lag_stratZ50ndj03', '81_lag_seurTSjfm', '80_lag_alpi', '62_lag_stratZ50ndj03', '79_lag_nchinaPRjja', '79_lag_mhfIP30', '77_lag_traCA', '55_lag_56_median_nchinaPRjja', '70_lag_alpi', '56_lag_nchinaPRjja', '63_lag_traIT', '77_lag_scpPSLjfm', '71_lag_alpi', '63_lag_traTLS', '75_lag_yrvPRjja']","[0.011743560618818896, 0.06259496501585496, 0.16182928642719538, 0.12164541313779263, 0.07367838939497087, 0.06929540013420131, 0.045730734497267084, 0.08165287040281843, 0.0831422467890135, 0.015089383013140894, 0.2261729773251507, 0.10503704710667457, 0.1939339684683603, 0.010099354703575127, 0.11992289899728063, 0.19178040260667484, 0.14296365766089913, 0.02480286752199874, 0.061223730902822834, 0.10719228206849782, 0.00752805519592634, 0.12338796767224294, 5846013379639.184, 0.06406118967897811, 5846013379639.03, 0.19656385706778148, 0.08524838248246086, 0.09348908354158231, 0.032382209513599075, 0.24562146107089297]","80_lag_mhfATL60, 68_lag_yrvPRjja, 78_lag_eapPSLjfm, 64_lag_traIT, 79_lag_traTLS, 78_lag_traEU, 61_lag_traDS, 75_lag_nchinaPRjja, 77_lag_stratZ50ndj01, 72_lag_traTLS, 59_lag_traTLS, 78_lag_nchinaPRjja, 62_lag_traIFC, 62_lag_neurTSjfm, 80_lag_nchinaPRjja, 63_lag_stratZ50ndj03, 81_lag_seurTSjfm, 80_lag_alpi, 62_lag_stratZ50ndj03, 79_lag_nchinaPRjja, 79_lag_mhfIP30, 77_lag_traCA, 55_lag_56_median_nchinaPRjja, 70_lag_alpi, 56_lag_nchinaPRjja, 63_lag_traIT, 77_lag_scpPSLjfm, 71_lag_alpi, 63_lag_traTLS, 75_lag_yrvPRjja_3835_55"
LinearRegression,71,30,ensoSSTjfm,slow,1785.5,2005.5,0.4,86,56,56,20.37273357461395,0.06415470788222827,3835,"['77_lag_nchinaPRjja', '63_lag_stratZ50ndj03', '64_lag_traIT', '78_lag_nchinaPRjja', '78_lag_traEU', '81_lag_alpi', '78_lag_eapPSLjfm', '56_lag_stratZ50ndj02', '62_lag_neurTSjfm', '85_lag_shSICmar', '76_lag_traBS', '62_lag_traIFC', '60_lag_traEU', '80_lag_nchinaPRjja', '79_lag_mhfIP30', '59_lag_traTLS', '80_lag_alpi', '77_lag_stratZ50ndj01', '56_lag_nchinaPRjja', '81_lag_seurTSjfm', '79_lag_nchinaPRjja', '75_lag_nchinaPRjja', '77_lag_traCA', '63_lag_traIT', '77_lag_scpPSLjfm', '85_lag_stratZ50ndj03', '63_lag_traTLS', '70_lag_alpi', '71_lag_alpi', '75_lag_yrvPRjja']","[0.03126444506980375, 0.21442830366331678, 0.07942389581575386, 0.11448475672881311, 0.13467618071320894, 0.08563673022065185, 0.15168198774724792, 0.1096577960969786, 0.018897026366246003, 0.18141441108694562, 0.22815255686483715, 0.21176356899796683, 0.08396186788955846, 0.09800364796008607, 0.013216562485992775, 0.23168077526187425, 0.0042716045296940786, 0.050415612679840495, 0.14090619766721257, 0.10692584662552802, 0.11083150151417791, 0.09501391591497022, 0.15444365906695787, 0.09693776822932854, 0.033300158415460475, 0.15923991623610623, 0.06875962665571128, 0.07055356908270341, 0.10053286602784064, 0.07698861038926126]","77_lag_nchinaPRjja, 63_lag_stratZ50ndj03, 64_lag_traIT, 78_lag_nchinaPRjja, 78_lag_traEU, 81_lag_alpi, 78_lag_eapPSLjfm, 56_lag_stratZ50ndj02, 62_lag_neurTSjfm, 85_lag_shSICmar, 76_lag_traBS, 62_lag_traIFC, 60_lag_traEU, 80_lag_nchinaPRjja, 79_lag_mhfIP30, 59_lag_traTLS, 80_lag_alpi, 77_lag_stratZ50ndj01, 56_lag_nchinaPRjja, 81_lag_seurTSjfm, 79_lag_nchinaPRjja, 75_lag_nchinaPRjja, 77_lag_traCA, 63_lag_traIT, 77_lag_scpPSLjfm, 85_lag_stratZ50ndj03, 63_lag_traTLS, 70_lag_alpi, 71_lag_alpi, 75_lag_yrvPRjja_3835_56"
LinearRegression,72,30,ensoSSTjfm,slow,1786.5,2005.5,0.4,87,57,59,19.885231403457695,0.09468739264559699,3835,"['60_lag_traEU', '73_lag_traWP', '78_lag_nchinaPRjja', '68_lag_yrvPRjja', '75_lag_traWP', '86_lag_atlSICsep', '81_lag_alpi', '79_lag_traTLS', '71_lag_scpPSLjfm', '59_lag_traTLS', '80_lag_nchinaPRjja', '77_lag_stratZ50ndj01', '79_lag_mhfIP30', '77_lag_nchinaPRjja', '85_lag_shSICmar', '75_lag_nchinaPRjja', '62_lag_traIFC', '78_lag_eapPSLjfm', '76_lag_traBS', '80_lag_alpi', '81_lag_seurTSjfm', '79_lag_nchinaPRjja', '77_lag_traCA', '71_lag_alpi', '63_lag_traIT', '77_lag_scpPSLjfm', '63_lag_traTLS', '85_lag_stratZ50ndj03', '70_lag_alpi', '75_lag_yrvPRjja']","[0.020623956026549387, 0.047510776185843484, 0.09984168206411152, 0.08320443318091521, 0.029147590357733434, 0.11094909001856734, 0.033720302665463615, 0.09272522363146055, 0.10332547014705344, 0.16811348911096513, 0.05237268186764932, 0.10635820122659699, 0.037868557529141963, 0.08371030225281934, 0.08187040695332212, 0.027257711804187734, 0.17207257143384866, 0.2059640022900694, 0.14902552973888392, 0.0025566515316717345, 0.1466263585361468, 0.0575145118603661, 0.17713881253212618, 0.13912759822976872, 0.0726461329671195, 0.05734013759136284, 0.20593722375255635, 0.1850435555968496, 0.05559035553990619, 0.10761559546827498]","60_lag_traEU, 73_lag_traWP, 78_lag_nchinaPRjja, 68_lag_yrvPRjja, 75_lag_traWP, 86_lag_atlSICsep, 81_lag_alpi, 79_lag_traTLS, 71_lag_scpPSLjfm, 59_lag_traTLS, 80_lag_nchinaPRjja, 77_lag_stratZ50ndj01, 79_lag_mhfIP30, 77_lag_nchinaPRjja, 85_lag_shSICmar, 75_lag_nchinaPRjja, 62_lag_traIFC, 78_lag_eapPSLjfm, 76_lag_traBS, 80_lag_alpi, 81_lag_seurTSjfm, 79_lag_nchinaPRjja, 77_lag_traCA, 71_lag_alpi, 63_lag_traIT, 77_lag_scpPSLjfm, 63_lag_traTLS, 85_lag_stratZ50ndj03, 70_lag_alpi, 75_lag_yrvPRjja_3835_59"
LinearRegression,73,30,ensoSSTjfm,slow,1787.5,2005.5,0.4,88,58,58,19.757368719502598,0.13526246924228605,3835,"['76_lag_traBS', '73_lag_traWP', '79_lag_stratZ50ndj01', '62_lag_stratZ50ndj01', '61_lag_traDS', '78_lag_eapPSLjfm', '61_lag_traIT', '62_lag_traIFC', '81_lag_alpi', '71_lag_scpPSLjfm', '84_lag_stratZ50ndj03', '79_lag_traTLS', '77_lag_stratZ50ndj01', '81_lag_seurTSjfm', '71_lag_traFSC', '59_lag_traTLS', '58_lag_59_median_traTLS', '77_lag_nchinaPRjja', '85_lag_shSICmar', '80_lag_alpi', '75_lag_nchinaPRjja', '77_lag_traCA', '79_lag_nchinaPRjja', '63_lag_traIT', '71_lag_alpi', '63_lag_traTLS', '77_lag_scpPSLjfm', '85_lag_stratZ50ndj03', '75_lag_yrvPRjja', '70_lag_alpi']","[0.16398998294850461, 0.06547139258377119, 0.07878098055944818, 0.08810694731499862, 0.19190340988312232, 0.2162354642836534, 0.060375596266907756, 0.1446447620143584, 0.04920462128726155, 0.03774388590410714, 0.011748898030586858, 0.056498655050942016, 0.07693449858874872, 0.12356214234338299, 0.17107836855203895, 0.09836075776039212, 0.09836075776039219, 0.04481068667166545, 0.0597432417873691, 0.007588165379253706, 0.017419522796524, 0.21291768485969279, 0.08280175076881983, 0.08603569509311113, 0.12122213305836772, 0.22148508786704219, 0.007372535635824028, 0.20102270532211514, 0.12101511386304335, 0.08902167646401662]","76_lag_traBS, 73_lag_traWP, 79_lag_stratZ50ndj01, 62_lag_stratZ50ndj01, 61_lag_traDS, 78_lag_eapPSLjfm, 61_lag_traIT, 62_lag_traIFC, 81_lag_alpi, 71_lag_scpPSLjfm, 84_lag_stratZ50ndj03, 79_lag_traTLS, 77_lag_stratZ50ndj01, 81_lag_seurTSjfm, 71_lag_traFSC, 59_lag_traTLS, 58_lag_59_median_traTLS, 77_lag_nchinaPRjja, 85_lag_shSICmar, 80_lag_alpi, 75_lag_nchinaPRjja, 77_lag_traCA, 79_lag_nchinaPRjja, 63_lag_traIT, 71_lag_alpi, 63_lag_traTLS, 77_lag_scpPSLjfm, 85_lag_stratZ50ndj03, 75_lag_yrvPRjja, 70_lag_alpi_3835_58"
LinearRegression,74,30,ensoSSTjfm,slow,1788.5,2005.5,0.4,89,59,59,20.296232349189857,0.0634404716813524,3835,"['61_lag_stratZ50ndj01', '63_lag_traFSC', '82_lag_traEU', '71_lag_traFSC', '72_lag_stratZ50ndj03', '79_lag_traTLS', '77_lag_stratZ50ndj01', '81_lag_alpi', '71_lag_scpPSLjfm', '80_lag_alpi', '62_lag_stratZ50ndj03', '78_lag_nchinaPRjja', '70_lag_ensoSSTjfm', '75_lag_traFS', '81_lag_seurTSjfm', '62_lag_traIFC', '73_lag_traWP', '84_lag_stratZ50ndj03', '63_lag_traIT', '75_lag_nchinaPRjja', '77_lag_traCA', '85_lag_shSICmar', '59_lag_traTLS', '77_lag_scpPSLjfm', '85_lag_stratZ50ndj03', '63_lag_traTLS', '71_lag_alpi', '75_lag_yrvPRjja', '79_lag_nchinaPRjja', '70_lag_alpi']","[0.15080516635777969, 0.05293167495166316, 0.0697531320476259, 0.20732827561209477, 0.19733410465333798, 0.12199745594691527, 0.12179554672824995, 0.027900473091627256, 0.1124615678257624, 0.07029044061910464, 0.010304552524234829, 0.0076139209726876515, 0.15871248877027655, 0.16917456720788368, 0.08212284857857344, 0.12739348951988702, 0.06476201081630618, 0.014691902437650988, 0.13936266279779583, 0.0031643576019131023, 0.18216577861252203, 0.09865891644718523, 0.3315470564993332, 0.06037624206030199, 0.2111557240916058, 0.07873756621014853, 0.05364087722321986, 0.205514415758455, 0.1299627180487349, 0.007966412260294433]","61_lag_stratZ50ndj01, 63_lag_traFSC, 82_lag_traEU, 71_lag_traFSC, 72_lag_stratZ50ndj03, 79_lag_traTLS, 77_lag_stratZ50ndj01, 81_lag_alpi, 71_lag_scpPSLjfm, 80_lag_alpi, 62_lag_stratZ50ndj03, 78_lag_nchinaPRjja, 70_lag_ensoSSTjfm, 75_lag_traFS, 81_lag_seurTSjfm, 62_lag_traIFC, 73_lag_traWP, 84_lag_stratZ50ndj03, 63_lag_traIT, 75_lag_nchinaPRjja, 77_lag_traCA, 85_lag_shSICmar, 59_lag_traTLS, 77_lag_scpPSLjfm, 85_lag_stratZ50ndj03, 63_lag_traTLS, 71_lag_alpi, 75_lag_yrvPRjja, 79_lag_nchinaPRjja, 70_lag_alpi_3835_59"
LinearRegression,75,30,ensoSSTjfm,slow,1789.5,2005.5,0.4,90,60,60,19.937292919953627,-0.04683518955363544,3835,"['62_lag_stratZ50ndj03', '81_lag_seurTSjfm', '60_lag_eurPSLjfm', '83_lag_traIT', '63_lag_traFSC', '71_lag_scpPSLjfm', '62_lag_traIFC', '70_lag_ensoSSTjfm', '77_lag_stratZ50ndj01', '81_lag_alpi', '72_lag_stratZ50ndj03', '73_lag_traWP', '79_lag_traTLS', '80_lag_alpi', '89_lag_traBS', '84_lag_stratZ50ndj03', '75_lag_traFS', '85_lag_shSICmar', '78_lag_nchinaPRjja', '75_lag_nchinaPRjja', '77_lag_scpPSLjfm', '63_lag_traIT', '77_lag_traCA', '63_lag_traTLS', '71_lag_alpi', '85_lag_stratZ50ndj03', '89_lag_ensoSSTjfm', '75_lag_yrvPRjja', '79_lag_nchinaPRjja', '70_lag_alpi']","[0.019538171795221815, 0.028930611798890393, 0.061276124069327066, 0.0976436277267382, 0.03428369417704373, 0.12579231332910373, 0.12782454080016575, 0.16002760835692698, 0.07644122624410697, 0.07859851042726326, 0.17128211251300665, 0.041744031238395506, 0.1647171088179971, 0.05006429721731166, 0.11631525785328478, 0.04493408042088877, 0.19190171392089933, 0.08554585741022194, 0.008494690373425791, 0.07471234107937885, 0.08053595967543864, 0.15458890264671443, 0.2049501162031998, 0.10055031435452033, 0.03684759653031057, 0.20811869596429727, 0.057149333968947974, 0.2038464910513318, 0.07653455476362934, 0.02845070777085408]","62_lag_stratZ50ndj03, 81_lag_seurTSjfm, 60_lag_eurPSLjfm, 83_lag_traIT, 63_lag_traFSC, 71_lag_scpPSLjfm, 62_lag_traIFC, 70_lag_ensoSSTjfm, 77_lag_stratZ50ndj01, 81_lag_alpi, 72_lag_stratZ50ndj03, 73_lag_traWP, 79_lag_traTLS, 80_lag_alpi, 89_lag_traBS, 84_lag_stratZ50ndj03, 75_lag_traFS, 85_lag_shSICmar, 78_lag_nchinaPRjja, 75_lag_nchinaPRjja, 77_lag_scpPSLjfm, 63_lag_traIT, 77_lag_traCA, 63_lag_traTLS, 71_lag_alpi, 85_lag_stratZ50ndj03, 89_lag_ensoSSTjfm, 75_lag_yrvPRjja, 79_lag_nchinaPRjja, 70_lag_alpi_3835_60"
LinearRegression,76,30,ensoSSTjfm,slow,1790.5,2005.5,0.4,91,61,61,21.39527643608104,-0.03014528582054361,3835,"['61_lag_62_median_traIFC', '75_lag_nchinaPRjja', '75_lag_seurTSjfm', '78_lag_traEU', '73_lag_eurPSLjfm', '84_lag_stratZ50ndj03', '77_lag_nchinaPRjja', '81_lag_seurTSjfm', '75_lag_traFS', '70_lag_ensoSSTjfm', '73_lag_traWP', '89_lag_traBS', '75_lag_traWP', '75_lag_eapPSLjfm', '63_lag_traTLS', '83_lag_traBS', '63_lag_traIT', '90_lag_mhfIP30', '77_lag_stratZ50ndj01', '77_lag_scpPSLjfm', '90_lag_ginwSSTjfm', '90_lag_shSICmar', '78_lag_nchinaPRjja', '89_lag_ensoSSTjfm', '85_lag_stratZ50ndj03', '75_lag_yrvPRjja', '79_lag_nchinaPRjja', '77_lag_traCA', '71_lag_alpi', '70_lag_alpi']","[0.13580203779160355, 0.12034254829125282, 0.08679876540279981, 0.1777156258493635, 0.07205919480973819, 0.09779940090727977, 0.015204797374139743, 0.0435144627622012, 0.07003302271722152, 0.09078929475609299, 0.08221753911741228, 0.09715333286744793, 0.05385390060975712, 0.26136653947991384, 0.07736705261004305, 0.23670923012222764, 0.09222061350948034, 0.1828466300647404, 0.08272030340236675, 0.015317735842211355, 0.14391176717691453, 0.1359205763086411, 0.02311350208847244, 0.11573208468388844, 0.1260061452259596, 0.21504024291171522, 0.16138964342027456, 0.17901234287717988, 0.07061878317670836, 0.10767641680491688]","61_lag_62_median_traIFC, 75_lag_nchinaPRjja, 75_lag_seurTSjfm, 78_lag_traEU, 73_lag_eurPSLjfm, 84_lag_stratZ50ndj03, 77_lag_nchinaPRjja, 81_lag_seurTSjfm, 75_lag_traFS, 70_lag_ensoSSTjfm, 73_lag_traWP, 89_lag_traBS, 75_lag_traWP, 75_lag_eapPSLjfm, 63_lag_traTLS, 83_lag_traBS, 63_lag_traIT, 90_lag_mhfIP30, 77_lag_stratZ50ndj01, 77_lag_scpPSLjfm, 90_lag_ginwSSTjfm, 90_lag_shSICmar, 78_lag_nchinaPRjja, 89_lag_ensoSSTjfm, 85_lag_stratZ50ndj03, 75_lag_yrvPRjja, 79_lag_nchinaPRjja, 77_lag_traCA, 71_lag_alpi, 70_lag_alpi_3835_61"
LinearRegression,77,30,ensoSSTjfm,slow,1791.5,2005.5,0.4,92,62,62,20.985886873004198,-0.015258714404230876,3835,"['63_lag_traTLS', '63_lag_traIT', '62_lag_63_median_traIT', '75_lag_traWP', '72_lag_shSICsep', '81_lag_seurTSjfm', '73_lag_traWP', '91_lag_traBO', '73_lag_eurPSLjfm', '75_lag_seurTSjfm', '77_lag_stratZ50ndj01', '78_lag_traEU', '89_lag_traBS', '77_lag_nchinaPRjja', '62_lag_traIFC', '90_lag_ginwSSTjfm', '75_lag_eapPSLjfm', '83_lag_traBS', '89_lag_ensoSSTjfm', '77_lag_scpPSLjfm', '90_lag_mhfIP30', '85_lag_stratZ50ndj03', '78_lag_nchinaPRjja', '91_lag_traBS', '90_lag_shSICmar', '75_lag_yrvPRjja', '79_lag_nchinaPRjja', '77_lag_traCA', '71_lag_alpi', '70_lag_alpi']","[0.0792104223434549, 9614180025462.672, 9614180025462.74, 0.03425079109537985, 0.1124772963265293, 0.057505712737472674, 0.01528929156982271, 0.12884077709182007, 0.10538039995497257, 0.007210138289681575, 0.1527988342044479, 0.14933731299968667, 0.09231430505435648, 0.04419333541086756, 0.15622008783347682, 0.13381185532921522, 0.14429756500731986, 0.21490478515625, 0.096923828125, 0.03125, 0.1238861083984375, 0.1094970703125, 0.032958984375, 0.03814697265625, 0.1514892578125, 0.17974853515625, 0.1285400390625, 0.182525634765625, 0.0728759765625, 0.155029296875]","63_lag_traTLS, 63_lag_traIT, 62_lag_63_median_traIT, 75_lag_traWP, 72_lag_shSICsep, 81_lag_seurTSjfm, 73_lag_traWP, 91_lag_traBO, 73_lag_eurPSLjfm, 75_lag_seurTSjfm, 77_lag_stratZ50ndj01, 78_lag_traEU, 89_lag_traBS, 77_lag_nchinaPRjja, 62_lag_traIFC, 90_lag_ginwSSTjfm, 75_lag_eapPSLjfm, 83_lag_traBS, 89_lag_ensoSSTjfm, 77_lag_scpPSLjfm, 90_lag_mhfIP30, 85_lag_stratZ50ndj03, 78_lag_nchinaPRjja, 91_lag_traBS, 90_lag_shSICmar, 75_lag_yrvPRjja, 79_lag_nchinaPRjja, 77_lag_traCA, 71_lag_alpi, 70_lag_alpi_3835_62"
LinearRegression,78,30,ensoSSTjfm,slow,1792.5,2005.5,0.4,93,63,63,19.783969488395854,0.06349684774407612,3835,"['75_lag_nchinaPRjja', '81_lag_seurTSjfm', '80_lag_nchinaPRjja', '63_lag_traCA', '73_lag_eurPSLjfm', '72_lag_shSICsep', '77_lag_nchinaPRjja', '77_lag_stratZ50ndj01', '80_lag_mhfATL60', '89_lag_traBS', '91_lag_traBO', '75_lag_seurTSjfm', '63_lag_traIT', '63_lag_traTLS', '90_lag_ginwSSTjfm', '78_lag_nchinaPRjja', '83_lag_traBS', '75_lag_eapPSLjfm', '90_lag_mhfIP30', '92_lag_mhfIP30', '77_lag_scpPSLjfm', '90_lag_shSICmar', '89_lag_ensoSSTjfm', '85_lag_stratZ50ndj03', '91_lag_traBS', '75_lag_yrvPRjja', '77_lag_traCA', '79_lag_nchinaPRjja', '71_lag_alpi', '70_lag_alpi']","[0.12614603592993467, 0.026248600969132813, 0.07321914916440504, 0.00028246642165708413, 0.07663624551559015, 0.08803493778041567, 0.05574963369812794, 0.13981735252490632, 0.013410880888482116, 0.029866985124044138, 0.15798178494368031, 0.033879683784987596, 0.14616170221505032, 0.037159102131215524, 0.18539240616344477, 0.01229536098396551, 0.19607536830606453, 0.19558426638661996, 0.12678051257268422, 0.02529486608952701, 0.024256987083317527, 0.16672781280514165, 0.11455780351573103, 0.07012637607871373, 0.02420237574833454, 0.3098573844510641, 0.07231600841714489, 0.1382963933029197, 0.0829572590272443, 0.14926448567662057]","75_lag_nchinaPRjja, 81_lag_seurTSjfm, 80_lag_nchinaPRjja, 63_lag_traCA, 73_lag_eurPSLjfm, 72_lag_shSICsep, 77_lag_nchinaPRjja, 77_lag_stratZ50ndj01, 80_lag_mhfATL60, 89_lag_traBS, 91_lag_traBO, 75_lag_seurTSjfm, 63_lag_traIT, 63_lag_traTLS, 90_lag_ginwSSTjfm, 78_lag_nchinaPRjja, 83_lag_traBS, 75_lag_eapPSLjfm, 90_lag_mhfIP30, 92_lag_mhfIP30, 77_lag_scpPSLjfm, 90_lag_shSICmar, 89_lag_ensoSSTjfm, 85_lag_stratZ50ndj03, 91_lag_traBS, 75_lag_yrvPRjja, 77_lag_traCA, 79_lag_nchinaPRjja, 71_lag_alpi, 70_lag_alpi_3835_63"
LinearRegression,79,30,ensoSSTjfm,slow,1793.5,2005.5,0.4,94,64,70,21.772992801979616,0.03728291727833296,3835,"['77_lag_stratZ50ndj01', '73_lag_eurPSLjfm', '72_lag_alpi', '84_lag_stratZ50ndj03', '81_lag_seurTSjfm', '75_lag_traFS', '80_lag_nchinaPRjja', '91_lag_traBO', '89_lag_traDP', '80_lag_mhfATL60', '77_lag_nchinaPRjja', '78_lag_nchinaPRjja', '90_lag_ginwSSTjfm', '89_lag_traBS', '92_lag_mhfIP30', '75_lag_seurTSjfm', '90_lag_mhfIP30', '83_lag_traBS', '75_lag_eapPSLjfm', '93_lag_stratZ50ndj01', '77_lag_scpPSLjfm', '90_lag_shSICmar', '89_lag_ensoSSTjfm', '85_lag_stratZ50ndj03', '75_lag_yrvPRjja', '91_lag_traBS', '70_lag_alpi', '71_lag_alpi', '79_lag_nchinaPRjja', '77_lag_traCA']","[0.15558141210786045, 0.13613326478224758, 0.040793538916783174, 0.1241541394757115, 0.0672811278300753, 0.12598803527942334, 0.05609421069635957, 0.12906806650768057, 0.32780624130916153, 0.0027378661934580393, 0.18526628546671345, 0.022904112152782638, 0.12942372028546514, 0.04679890838999562, 0.044005393444616306, 0.16876583136200504, 0.11406356523276973, 0.1397068094840027, 0.202386642328131, 0.22171882587603983, 0.008338276273698318, 0.15191366690179917, 0.11266271095507564, 0.09770938204567582, 0.19657647161486663, 0.08384984185642114, 0.0750274093526545, 0.07268176706999835, 0.17965899997336415, 0.06506396652669608]","77_lag_stratZ50ndj01, 73_lag_eurPSLjfm, 72_lag_alpi, 84_lag_stratZ50ndj03, 81_lag_seurTSjfm, 75_lag_traFS, 80_lag_nchinaPRjja, 91_lag_traBO, 89_lag_traDP, 80_lag_mhfATL60, 77_lag_nchinaPRjja, 78_lag_nchinaPRjja, 90_lag_ginwSSTjfm, 89_lag_traBS, 92_lag_mhfIP30, 75_lag_seurTSjfm, 90_lag_mhfIP30, 83_lag_traBS, 75_lag_eapPSLjfm, 93_lag_stratZ50ndj01, 77_lag_scpPSLjfm, 90_lag_shSICmar, 89_lag_ensoSSTjfm, 85_lag_stratZ50ndj03, 75_lag_yrvPRjja, 91_lag_traBS, 70_lag_alpi, 71_lag_alpi, 79_lag_nchinaPRjja, 77_lag_traCA_3835_70"
LinearRegression,80,30,ensoSSTjfm,slow,1794.5,2005.5,0.4,95,65,70,19.896557628326732,0.0927791701859569,3835,"['75_lag_stratZ50ndj01', '82_lag_traEU', '90_lag_ismPRjja', '77_lag_scpPSLjfm', '93_lag_stratZ50ndj01', '82_lag_yrvPRjja', '73_lag_eurPSLjfm', '79_lag_traTLS', '75_lag_traFS', '83_lag_traBS', '80_lag_nchinaPRjja', '89_lag_traDP', '78_lag_nchinaPRjja', '85_lag_stratZ50ndj03', '72_lag_alpi', '90_lag_ginwSSTjfm', '75_lag_seurTSjfm', '81_lag_seurTSjfm', '84_lag_stratZ50ndj03', '75_lag_eapPSLjfm', '90_lag_shSICmar', '92_lag_mhfIP30', '75_lag_yrvPRjja', '91_lag_traBS', '71_lag_alpi', '94_lag_ginwSSTjfm', '89_lag_ensoSSTjfm', '79_lag_nchinaPRjja', '77_lag_traCA', '70_lag_alpi']","[0.010957747154450437, 0.07915902680922274, 0.007636168386666282, 0.04176131563260766, 0.09406962005985173, 0.08604282604643991, 0.09220278391830751, 0.055032618307228, 0.14790174164609463, 0.084770080102256, 0.07905120418839386, 0.19403556865005978, 0.005969392825218618, 0.0692374978871693, 0.09929733201753947, 0.18356153366434416, 0.04054457362916723, 0.024931126255474934, 0.12776650399077907, 0.20166825006441022, 0.010991849478595196, 0.0874406187487904, 0.21595310404730758, 0.13061462902838553, 0.05478196094676692, 0.17628942645985782, 0.17608870772087865, 0.18544239702562107, 0.15855816755101154, 0.1068981247030817]","75_lag_stratZ50ndj01, 82_lag_traEU, 90_lag_ismPRjja, 77_lag_scpPSLjfm, 93_lag_stratZ50ndj01, 82_lag_yrvPRjja, 73_lag_eurPSLjfm, 79_lag_traTLS, 75_lag_traFS, 83_lag_traBS, 80_lag_nchinaPRjja, 89_lag_traDP, 78_lag_nchinaPRjja, 85_lag_stratZ50ndj03, 72_lag_alpi, 90_lag_ginwSSTjfm, 75_lag_seurTSjfm, 81_lag_seurTSjfm, 84_lag_stratZ50ndj03, 75_lag_eapPSLjfm, 90_lag_shSICmar, 92_lag_mhfIP30, 75_lag_yrvPRjja, 91_lag_traBS, 71_lag_alpi, 94_lag_ginwSSTjfm, 89_lag_ensoSSTjfm, 79_lag_nchinaPRjja, 77_lag_traCA, 70_lag_alpi_3835_70"
LinearRegression,81,30,ensoSSTjfm,slow,1795.5,2005.5,0.4,96,66,70,20.48234163347307,0.023249565704525067,3835,"['79_lag_mhfIP30', '80_lag_mhfATL60', '85_lag_stratZ50ndj03', '75_lag_eapPSLjfm', '90_lag_mhfIP30', '75_lag_seurTSjfm', '83_lag_traIT', '70_lag_ensoSSTjfm', '75_lag_nchinaPRjja', '91_lag_traBO', '70_lag_traEU', '81_lag_seurTSjfm', '77_lag_arcTSjfm', '90_lag_ginwSSTjfm', '94_lag_ginwSSTjfm', '93_lag_stratZ50ndj01', '79_lag_traTLS', '75_lag_traFS', '89_lag_ensoSSTjfm', '84_lag_stratZ50ndj03', '72_lag_alpi', '83_lag_traBS', '80_lag_nchinaPRjja', '71_lag_alpi', '75_lag_yrvPRjja', '92_lag_mhfIP30', '91_lag_traBS', '77_lag_traCA', '79_lag_nchinaPRjja', '70_lag_alpi']","[0.11924331815445215, 0.15482846849242332, 0.019372777304855687, 0.37626128815532567, 0.09727693260861875, 0.1629547537321334, 0.04115374322824603, 0.08845603520232322, 0.12658247893273453, 0.06669948806331204, 0.06809264518419109, 0.009071765576117708, 0.3865044152477412, 0.25837450915396565, 0.20732466593847004, 0.08503405034114207, 0.07763274786122319, 0.08432638303795027, 0.1677677487275965, 0.18585785448673453, 0.059069176587312866, 0.13688922083335894, 0.07538399042660976, 0.0019817693785657495, 0.27793936148795045, 0.07935457605074607, 0.17085869086501201, 0.10938508995708755, 0.213436047934697, 0.1443790495373075]","79_lag_mhfIP30, 80_lag_mhfATL60, 85_lag_stratZ50ndj03, 75_lag_eapPSLjfm, 90_lag_mhfIP30, 75_lag_seurTSjfm, 83_lag_traIT, 70_lag_ensoSSTjfm, 75_lag_nchinaPRjja, 91_lag_traBO, 70_lag_traEU, 81_lag_seurTSjfm, 77_lag_arcTSjfm, 90_lag_ginwSSTjfm, 94_lag_ginwSSTjfm, 93_lag_stratZ50ndj01, 79_lag_traTLS, 75_lag_traFS, 89_lag_ensoSSTjfm, 84_lag_stratZ50ndj03, 72_lag_alpi, 83_lag_traBS, 80_lag_nchinaPRjja, 71_lag_alpi, 75_lag_yrvPRjja, 92_lag_mhfIP30, 91_lag_traBS, 77_lag_traCA, 79_lag_nchinaPRjja, 70_lag_alpi_3835_70"
LinearRegression,82,30,ensoSSTjfm,slow,1796.5,2005.5,0.4,97,67,70,21.308130357377596,-0.04554840114288638,3835,"['79_lag_traEU', '83_lag_traBS', '90_lag_stratZ50ndj03', '75_lag_eapPSLjfm', '76_lag_shSICsep', '85_lag_stratZ50ndj03', '76_lag_stratZ50ndj03', '71_lag_alpi', '73_lag_alpi', '93_lag_stratZ50ndj01', '78_lag_nchinaPRjja', '80_lag_nchinaPRjja', '72_lag_stratZ50ndj03', '84_lag_stratZ50ndj03', '86_lag_yrvPRjja', '96_lag_eurPSLjfm', '85_lag_scpPSLjfm', '96_lag_cetTSjfm', '77_lag_arcTSjfm', '85_lag_shSICmar', '83_lag_traIT', '92_lag_mhfIP30', '79_lag_traTLS', '75_lag_traFS', '77_lag_scpPSLjfm', '75_lag_yrvPRjja', '70_lag_alpi', '91_lag_traBS', '79_lag_nchinaPRjja', '77_lag_traCA']","[0.23800143953035735, 0.14854853433136225, 0.11231493491280393, 0.08132388498969936, 0.08744058738383312, 0.11542520456049275, 0.0014879454772872356, 0.04285567489582529, 0.056364222018848366, 0.10468515068390535, 0.008243127530974786, 0.08587038922774282, 0.11245469402057584, 0.03922215091631277, 0.09980167841156537, 0.11150238717070247, 0.08066848163644312, 0.008279509896587767, 0.4433772398442192, 0.06814751298075074, 0.0055321023506104345, 0.08534231482196397, 0.005302283562742905, 0.21965520679456788, 0.09103271566843175, 0.217627775132636, 0.0861033822355863, 0.23688660627838867, 0.09078032691683338, 0.18049073899201837]","79_lag_traEU, 83_lag_traBS, 90_lag_stratZ50ndj03, 75_lag_eapPSLjfm, 76_lag_shSICsep, 85_lag_stratZ50ndj03, 76_lag_stratZ50ndj03, 71_lag_alpi, 73_lag_alpi, 93_lag_stratZ50ndj01, 78_lag_nchinaPRjja, 80_lag_nchinaPRjja, 72_lag_stratZ50ndj03, 84_lag_stratZ50ndj03, 86_lag_yrvPRjja, 96_lag_eurPSLjfm, 85_lag_scpPSLjfm, 96_lag_cetTSjfm, 77_lag_arcTSjfm, 85_lag_shSICmar, 83_lag_traIT, 92_lag_mhfIP30, 79_lag_traTLS, 75_lag_traFS, 77_lag_scpPSLjfm, 75_lag_yrvPRjja, 70_lag_alpi, 91_lag_traBS, 79_lag_nchinaPRjja, 77_lag_traCA_3835_70"
LinearRegression,83,30,ensoSSTjfm,slow,1797.5,2005.5,0.4,98,68,70,19.94959315103765,-0.044727923009019926,3835,"['85_lag_yrvPRjja', '90_lag_ginwSSTjfm', '75_lag_nchinaPRjja', '81_lag_scpPSLjfm', '86_lag_atlSICsep', '90_lag_stratZ50ndj03', '76_lag_stratZ50ndj03', '85_lag_scpPSLjfm', '78_lag_nchinaPRjja', '96_lag_eurPSLjfm', '71_lag_alpi', '86_lag_yrvPRjja', '73_lag_alpi', '84_lag_stratZ50ndj03', '77_lag_arcTSjfm', '96_lag_cetTSjfm', '76_lag_shSICsep', '85_lag_shSICmar', '72_lag_stratZ50ndj03', '97_lag_nchinaPRjja', '77_lag_scpPSLjfm', '83_lag_traIT', '92_lag_mhfIP30', '79_lag_traTLS', '70_lag_alpi', '75_lag_traFS', '75_lag_yrvPRjja', '91_lag_traBS', '79_lag_nchinaPRjja', '77_lag_traCA']","[0.11789646637827453, 0.152192043397682, 0.08529643413418524, 0.03363238355977555, 0.22245837506889682, 0.052327967837805404, 0.03532472720970577, 0.07137850628152839, 0.02779217996712748, 0.057206594089405885, 0.06204264025787487, 0.13063869752739782, 0.0721305908407445, 0.0035123207642838643, 0.38491390917814466, 0.03833609974885601, 0.06287563480309251, 0.0221033023267188, 0.14891449561361467, 0.12986108835144242, 0.11144961380542034, 0.002856134333770438, 0.08267365926126652, 0.020494822538758457, 0.07662789011581388, 0.3081004340964508, 0.20024355835692145, 0.23135582995948706, 0.12848825192223529, 0.05605985066928115]","85_lag_yrvPRjja, 90_lag_ginwSSTjfm, 75_lag_nchinaPRjja, 81_lag_scpPSLjfm, 86_lag_atlSICsep, 90_lag_stratZ50ndj03, 76_lag_stratZ50ndj03, 85_lag_scpPSLjfm, 78_lag_nchinaPRjja, 96_lag_eurPSLjfm, 71_lag_alpi, 86_lag_yrvPRjja, 73_lag_alpi, 84_lag_stratZ50ndj03, 77_lag_arcTSjfm, 96_lag_cetTSjfm, 76_lag_shSICsep, 85_lag_shSICmar, 72_lag_stratZ50ndj03, 97_lag_nchinaPRjja, 77_lag_scpPSLjfm, 83_lag_traIT, 92_lag_mhfIP30, 79_lag_traTLS, 70_lag_alpi, 75_lag_traFS, 75_lag_yrvPRjja, 91_lag_traBS, 79_lag_nchinaPRjja, 77_lag_traCA_3835_70"
LinearRegression,84,30,ensoSSTjfm,slow,1798.5,2005.5,0.4,99,69,69,19.79017140632803,-0.0822498615053966,3835,"['93_lag_mhfIP30', '69_lag_stratZ50ndj03', '96_lag_eurPSLjfm', '75_lag_alpi', '69_lag_eurPSLjfm', '70_lag_alpi', '69_lag_70_median_alpi', '83_lag_traBS', '80_lag_nchinaPRjja', '75_lag_traEC', '97_lag_nchinaPRjja', '81_lag_scpPSLjfm', '92_lag_mhfIP30', '84_lag_stratZ50ndj03', '79_lag_traTLS', '83_lag_eurPSLjfm', '86_lag_yrvPRjja', '78_lag_nchinaPRjja', '91_lag_traBS', '77_lag_scpPSLjfm', '85_lag_shSICmar', '72_lag_stratZ50ndj03', '98_lag_wnorPRjfm', '94_lag_nchinaPRjja', '75_lag_yrvPRjja', '75_lag_traFS', '83_lag_traIT', '85_lag_scpPSLjfm', '79_lag_nchinaPRjja', '77_lag_traCA']","[0.12773800313386807, 0.0006009237823577374, 0.018049722605386384, 0.06544965833750657, 0.04116477962373943, 2306950859504.7974, 2306950859504.9185, 0.17557689541310617, 0.04519397724690969, 0.06626950153079107, 0.13512255241664387, 0.03865083152585283, 0.024999431806157015, 0.0015258513295957927, 0.1317513441067765, 0.19641117028581864, 0.21039446518561614, 0.0006044680965411266, 0.1910529570958523, 0.013911696372212783, 0.023664140101408382, 0.20000815571281635, 0.17916653607002128, 0.02125747180431771, 0.2881489221427384, 0.21932702584953226, 0.10627960780874038, 0.0214945892089115, 0.07569571147190084, 0.11437020881512293]","93_lag_mhfIP30, 69_lag_stratZ50ndj03, 96_lag_eurPSLjfm, 75_lag_alpi, 69_lag_eurPSLjfm, 70_lag_alpi, 69_lag_70_median_alpi, 83_lag_traBS, 80_lag_nchinaPRjja, 75_lag_traEC, 97_lag_nchinaPRjja, 81_lag_scpPSLjfm, 92_lag_mhfIP30, 84_lag_stratZ50ndj03, 79_lag_traTLS, 83_lag_eurPSLjfm, 86_lag_yrvPRjja, 78_lag_nchinaPRjja, 91_lag_traBS, 77_lag_scpPSLjfm, 85_lag_shSICmar, 72_lag_stratZ50ndj03, 98_lag_wnorPRjfm, 94_lag_nchinaPRjja, 75_lag_yrvPRjja, 75_lag_traFS, 83_lag_traIT, 85_lag_scpPSLjfm, 79_lag_nchinaPRjja, 77_lag_traCA_3835_69"
LinearRegression,85,30,ensoSSTjfm,slow,1799.5,2005.5,0.4,100,70,70,19.816037426283625,-0.10593066859822041,3835,"['92_lag_mhfIP30', '86_lag_atlSICsep', '98_lag_scpPSLjfm', '75_lag_nchinaPRjja', '97_lag_nchinaPRjja', '91_lag_traBS', '77_lag_arcTSjfm', '80_lag_nchinaPRjja', '93_lag_mhfIP30', '88_lag_traBO', '75_lag_alpi', '75_lag_traEC', '81_lag_scpPSLjfm', '96_lag_eurPSLjfm', '77_lag_scpPSLjfm', '79_lag_traTLS', '72_lag_stratZ50ndj03', '78_lag_nchinaPRjja', '86_lag_yrvPRjja', '83_lag_eurPSLjfm', '85_lag_shSICmar', '98_lag_wnorPRjfm', '94_lag_nchinaPRjja', '70_lag_alpi', '83_lag_traIT', '75_lag_yrvPRjja', '75_lag_traFS', '79_lag_nchinaPRjja', '85_lag_scpPSLjfm', '77_lag_traCA']","[0.04360178898950546, 0.15805244214259134, 0.03984898353659994, 0.04619064606487236, 0.12679899616417944, 0.24965722796576426, 0.28569194812377363, 0.06936740724662992, 0.12924302087286083, 0.1500220021243527, 0.05290232386488137, 0.004870349825736991, 0.01893264496081321, 0.0014988670203179373, 0.03469416077378913, 0.07561952008267683, 0.18430789804580108, 0.028595339117876838, 0.20609213166322915, 0.15000056617104446, 0.007643033112033251, 0.17563308618400422, 0.024688093398803623, 0.07989931436163017, 0.11129780972159682, 0.16865339706003474, 0.22802659835374908, 0.07039545232485078, 0.07255239135958683, 0.025761046564306632]","92_lag_mhfIP30, 86_lag_atlSICsep, 98_lag_scpPSLjfm, 75_lag_nchinaPRjja, 97_lag_nchinaPRjja, 91_lag_traBS, 77_lag_arcTSjfm, 80_lag_nchinaPRjja, 93_lag_mhfIP30, 88_lag_traBO, 75_lag_alpi, 75_lag_traEC, 81_lag_scpPSLjfm, 96_lag_eurPSLjfm, 77_lag_scpPSLjfm, 79_lag_traTLS, 72_lag_stratZ50ndj03, 78_lag_nchinaPRjja, 86_lag_yrvPRjja, 83_lag_eurPSLjfm, 85_lag_shSICmar, 98_lag_wnorPRjfm, 94_lag_nchinaPRjja, 70_lag_alpi, 83_lag_traIT, 75_lag_yrvPRjja, 75_lag_traFS, 79_lag_nchinaPRjja, 85_lag_scpPSLjfm, 77_lag_traCA_3835_70"
