model,num_irrelevant,max_allowed_features,target_feature,dataset,year_start,year_end,splitsize,max_lag,init_lag,max_forecast,mae_score,corr_score,n_total_features,selected_feature_list,feature_importances,selected_features
LRforcedPSO,0,10,shSICsep,shigh,866.5,2005.5,0.8,15,1,1,28.204493999682807,-0.312545257819152,1755,"['6_lag_alpi', '10_lag_arcTSjfm', '3_lag_tripol2', '1_lag_10_median_shTSjfm', '13_lag_ginwSSTjfm', '1_lag_10_median_shSICmar', '1_lag_11_median_mhfIP30', '9_lag_samPSLann', '9_lag_traEC', '1_lag_12_median_traBS']","[5.39804516795564, 5.063880923324218, 2.7249824082772083, 6.68757388427778, 0.3411938174157658, 4.864925270415304, 2.6756275698444654, 0.8347361697219675, 1.1411621893982726, 8.491523061753469]","6_lag_alpi, 10_lag_arcTSjfm, 3_lag_tripol2, 1_lag_10_median_shTSjfm, 13_lag_ginwSSTjfm, 1_lag_10_median_shSICmar, 1_lag_11_median_mhfIP30, 9_lag_samPSLann, 9_lag_traEC, 1_lag_12_median_traBS_1755_1"
LRforcedPSO,1,10,shSICsep,shigh,867.5,2005.5,0.8,16,1,1,20.463027218974275,0.13234222200768722,1885,"['9_lag_traDP', '1_lag_12_median_nppc3SSTjfm', '13_lag_stratZ50ndj02', '11_lag_traDP', '5_lag_neurTSjfm', '15_lag_scpPSLjfm', '1_lag_3_median_traDP', '1_lag_10_median_ormenSSTjfm', '3_lag_nppc3SSTjfm', '12_lag_arcTSjfm']","[3.159611358157232, 0.18851839259831848, 0.5826438301679602, 7.837441868271583, 2.7877145871214655, 7.1847707762066975, 9.695148323299197, 1.5704806373567912, 5.320207248931183, 4.917968848125389]","9_lag_traDP, 1_lag_12_median_nppc3SSTjfm, 13_lag_stratZ50ndj02, 11_lag_traDP, 5_lag_neurTSjfm, 15_lag_scpPSLjfm, 1_lag_3_median_traDP, 1_lag_10_median_ormenSSTjfm, 3_lag_nppc3SSTjfm, 12_lag_arcTSjfm_1885_1"
LRforcedPSO,2,10,shSICsep,shigh,868.5,2005.5,0.8,17,1,1,24.05116060308123,0.13095853249320208,2015,"['1_lag_5_median_nhTSjfm', '1_lag_4_median_wnorPRjfm', '1_lag_5_median_traWP', '1_lag_6_median_shSICsep', '2_lag_mhfIP30', '16_lag_arcTSjfm', '6_lag_ismPRjja', '1_lag_16_median_nhSICsep', '14_lag_traFB', '1_lag_ormenSSTjfm']","[5.130626166710259, 2.7313936263582423, 2.8745761837264787, 9.226398659082573, 7.352066695085188, 7.981376291404477, 1.4461273157734489, 1.345921627119198, 3.9633738293045937, 4.334902352686621]","1_lag_5_median_nhTSjfm, 1_lag_4_median_wnorPRjfm, 1_lag_5_median_traWP, 1_lag_6_median_shSICsep, 2_lag_mhfIP30, 16_lag_arcTSjfm, 6_lag_ismPRjja, 1_lag_16_median_nhSICsep, 14_lag_traFB, 1_lag_ormenSSTjfm_2015_1"
LRforcedPSO,3,10,shSICsep,shigh,869.5,2005.5,0.8,18,1,1,29.327923420780724,0.06783094656256375,2145,"['9_lag_amo2', '1_lag_11_median_amoSSTmjjaso', '7_lag_mhfATL30', '16_lag_arcTSjfm', '1_lag_6_median_traFSC', '7_lag_glomaSSTjfm', '1_lag_9_median_eapPSLjfm', '12_lag_traEU', '1_lag_8_median_amo2', '1_lag_2_median_traIT']","[5.72259639438909, 0.5579097215884037, 0.6377984565038819, 0.09002272342503304, 8.004216605301288, 0.29939313889285124, 3.171982436399574, 6.93627241999037, 0.10198616881955225, 3.4011002448959626]","9_lag_amo2, 1_lag_11_median_amoSSTmjjaso, 7_lag_mhfATL30, 16_lag_arcTSjfm, 1_lag_6_median_traFSC, 7_lag_glomaSSTjfm, 1_lag_9_median_eapPSLjfm, 12_lag_traEU, 1_lag_8_median_amo2, 1_lag_2_median_traIT_2145_1"
LRforcedPSO,4,10,shSICsep,shigh,870.5,2005.5,0.8,19,1,1,15.265041445948468,0.0699869504349114,2275,"['1_lag_5_median_tripol3', '15_lag_traEC', '1_lag_10_median_traMC', '10_lag_yrvPRjja', '1_lag_9_median_nhSICjfm', '1_lag_8_median_naoPSLjfm', '2_lag_nhTSjfm', '1_lag_2_median_tripol2', '10_lag_traIT', '16_lag_tripol1']","[4.209685305332849, 4.18190258897956, 2.9215284166633175, 2.2229578476952767, 3.897265683692554, 4.409220288194657, 2.662512671516101, 3.4186967275484044, 3.040735033851032, 1.142563874261315]","1_lag_5_median_tripol3, 15_lag_traEC, 1_lag_10_median_traMC, 10_lag_yrvPRjja, 1_lag_9_median_nhSICjfm, 1_lag_8_median_naoPSLjfm, 2_lag_nhTSjfm, 1_lag_2_median_tripol2, 10_lag_traIT, 16_lag_tripol1_2275_1"
LRforcedPSO,5,10,shSICsep,shigh,871.5,2005.5,0.8,20,1,1,25.0418027480218,-0.08626951923995763,2405,"['5_lag_amo1', '5_lag_traFS', '1_lag_2_median_pdoSSTjfm', '1_lag_8_median_traDP', '18_lag_traFSC', '1_lag_18_median_nchinaPRjja', '6_lag_stratZ50ndj02', '1_lag_5_median_glomaSSTjfm', '1_lag_8_median_traFS', '1_lag_14_median_stratZ50ndj02']","[1.2354873263597668, 0.1542242261854021, 6.092384118943169, 3.9151748673394238, 3.819845339252506, 0.6877509323794424, 3.271118333840274, 9.289978610057858, 3.290633259324105, 2.547092050299402]","5_lag_amo1, 5_lag_traFS, 1_lag_2_median_pdoSSTjfm, 1_lag_8_median_traDP, 18_lag_traFSC, 1_lag_18_median_nchinaPRjja, 6_lag_stratZ50ndj02, 1_lag_5_median_glomaSSTjfm, 1_lag_8_median_traFS, 1_lag_14_median_stratZ50ndj02_2405_1"
LRforcedPSO,6,10,shSICsep,shigh,872.5,2005.5,0.8,21,1,1,31.8855358405475,-0.2326025037548039,2535,"['10_lag_nchinaPRjja', '4_lag_ormenSSTjfm', '1_lag_8_median_traWP', '2_lag_nhTSjfm', '1_lag_15_median_pdoSSTjfm', '10_lag_nhSICsep', '12_lag_scpPSLjfm', '8_lag_traEU', '3_lag_mhfIP30', '1_lag_20_median_stratZ50ndj03']","[0.7508435086262217, 3.133669720483092, 9.404306512988104, 4.999337075727719, 3.8234485336329787, 2.9051959878429017, 0.295714854865297, 5.686272289643604, 1.9872998302265152, 2.6675750048014146]","10_lag_nchinaPRjja, 4_lag_ormenSSTjfm, 1_lag_8_median_traWP, 2_lag_nhTSjfm, 1_lag_15_median_pdoSSTjfm, 10_lag_nhSICsep, 12_lag_scpPSLjfm, 8_lag_traEU, 3_lag_mhfIP30, 1_lag_20_median_stratZ50ndj03_2535_1"
LRforcedPSO,7,10,shSICsep,shigh,873.5,2005.5,0.8,22,1,1,18.403862542343152,0.069516390579997,2665,"['1_lag_10_median_traMC', '1_lag_9_median_mhfIP30', '20_lag_ensoSSTjfm', '1_lag_8_median_glomaSSTjfm', '1_lag_21_median_nhSICjfm', '9_lag_nchinaPRjja', '1_lag_8_median_tripol1', '1_lag_14_median_shSICsep', '1_lag_13_median_traWP', '17_lag_ginwSSTjfm']","[6.619003702052847, 5.999368234736182, 1.4095700078142421, 0.20588456226720453, 0.4114464658778729, 2.2609265395938234, 6.24326800048995, 7.556694562190902, 7.716626853312086, 0.5393895845293244]","1_lag_10_median_traMC, 1_lag_9_median_mhfIP30, 20_lag_ensoSSTjfm, 1_lag_8_median_glomaSSTjfm, 1_lag_21_median_nhSICjfm, 9_lag_nchinaPRjja, 1_lag_8_median_tripol1, 1_lag_14_median_shSICsep, 1_lag_13_median_traWP, 17_lag_ginwSSTjfm_2665_1"
LRforcedPSO,8,10,shSICsep,shigh,874.5,2005.5,0.8,23,1,1,20.05382327630854,0.05937684072363007,2795,"['1_lag_13_median_traCA', '1_lag_12_median_tripol3', '1_lag_15_median_shSICmar', '1_lag_4_median_nhSICjfm', '1_lag_6_median_labSSTjfm', '18_lag_traWP', '1_lag_17_median_neurTSjfm', '1_lag_9_median_mhfATL45', '7_lag_arcTSjfm', '20_lag_neurTSjfm']","[1.5071551512859678, 0.743438935020853, 7.685409336058257, 6.22514885331892, 0.15583623825798298, 8.32889820335338, 6.616441827707305, 4.256602383184688, 0.9422566609291128, 1.5724825691135358]","1_lag_13_median_traCA, 1_lag_12_median_tripol3, 1_lag_15_median_shSICmar, 1_lag_4_median_nhSICjfm, 1_lag_6_median_labSSTjfm, 18_lag_traWP, 1_lag_17_median_neurTSjfm, 1_lag_9_median_mhfATL45, 7_lag_arcTSjfm, 20_lag_neurTSjfm_2795_1"
LRforcedPSO,9,10,shSICsep,shigh,875.5,2005.5,0.8,24,1,1,30.805541610410174,-0.14385246549914676,2925,"['15_lag_glTSjfm', '1_lag_12_median_gyreSSTjfm', '13_lag_nhSICjfm', '22_lag_naoPSLjfm', '18_lag_cetTSjfm', '1_lag_4_median_traTLS', '1_lag_17_median_amo2', '1_lag_21_median_tripol1', '1_lag_23_median_alpi', '1_lag_7_median_ormenSSTjfm']","[3.3001661680917103, 6.446456361767172, 7.81816649604785, 0.9612148453271878, 3.367758154755771, 5.361491179021478, 8.059593158254062, 2.8836997857146756, 2.749171181074786, 0.2029301744286105]","15_lag_glTSjfm, 1_lag_12_median_gyreSSTjfm, 13_lag_nhSICjfm, 22_lag_naoPSLjfm, 18_lag_cetTSjfm, 1_lag_4_median_traTLS, 1_lag_17_median_amo2, 1_lag_21_median_tripol1, 1_lag_23_median_alpi, 1_lag_7_median_ormenSSTjfm_2925_1"
LRforcedPSO,10,10,shSICsep,shigh,876.5,2005.5,0.8,25,1,1,24.6289901061636,0.1974090309395382,3055,"['16_lag_traCA', '1_lag_16_median_shTSjfm', '17_lag_AMOCann', '1_lag_22_median_traMC', '1_lag_15_median_seurTSjfm', '5_lag_stratZ50ndj03', '12_lag_stratZ50ndj02', '1_lag_4_median_traBO', '1_lag_arcTSjfm', '1_lag_5_median_tripol2']","[5.559437456850085, 8.235732185860694, 1.7307667631582078, 3.759340943805631, 1.0086447964535168, 0.3477991194653427, 2.7747746238333804, 1.8829699863409584, 4.7227635768762894, 4.311519314776994]","16_lag_traCA, 1_lag_16_median_shTSjfm, 17_lag_AMOCann, 1_lag_22_median_traMC, 1_lag_15_median_seurTSjfm, 5_lag_stratZ50ndj03, 12_lag_stratZ50ndj02, 1_lag_4_median_traBO, 1_lag_arcTSjfm, 1_lag_5_median_tripol2_3055_1"
LRforcedPSO,11,10,shSICsep,shigh,877.5,2005.5,0.8,26,1,1,26.33660262801821,-0.16126561214092652,3185,"['16_lag_traDS', '1_lag_22_median_glTSjfm', '1_lag_7_median_glomaSSTjfm', '1_lag_22_median_traIFC', '1_lag_12_median_traDP', '13_lag_traEU', '2_lag_neurTSjfm', '1_lag_yrvPRjja', '1_lag_7_median_traIFC', '1_lag_4_median_traMC']","[5.869957190033322, 3.3323034261371953, 5.737003362166, 2.0861529881730405, 3.0117479391378446, 4.473819585888352, 2.335343958271924, 3.882375250741674, 1.3538632980838372, 2.169194041431428]","16_lag_traDS, 1_lag_22_median_glTSjfm, 1_lag_7_median_glomaSSTjfm, 1_lag_22_median_traIFC, 1_lag_12_median_traDP, 13_lag_traEU, 2_lag_neurTSjfm, 1_lag_yrvPRjja, 1_lag_7_median_traIFC, 1_lag_4_median_traMC_3185_1"
LRforcedPSO,12,10,shSICsep,shigh,878.5,2005.5,0.8,27,1,1,14.356159510694534,0.4188673137155297,3315,"['19_lag_shSICmar', '5_lag_traIFC', '1_lag_2_median_shSICsep', '19_lag_nppc3SSTjfm', '22_lag_cetTSjfm', '9_lag_eurPSLjfm', '8_lag_stratZ50ndj04', '5_lag_traBO', '1_lag_10_median_stratZ50ndj04', '1_lag_shTSjfm']","[0.2618378916138049, 5.023825578954854, 8.415597931827953, 5.174503240874704, 7.089549478715272, 0.9432715539772829, 7.4455487164031595, 1.5298093447032244, 4.013329298110477, 2.638658489015137]","19_lag_shSICmar, 5_lag_traIFC, 1_lag_2_median_shSICsep, 19_lag_nppc3SSTjfm, 22_lag_cetTSjfm, 9_lag_eurPSLjfm, 8_lag_stratZ50ndj04, 5_lag_traBO, 1_lag_10_median_stratZ50ndj04, 1_lag_shTSjfm_3315_1"
LRforcedPSO,13,10,shSICsep,shigh,879.5,2005.5,0.8,28,1,1,25.694750031091935,-0.07052951731264448,3445,"['1_lag_17_median_ormenSSTjfm', '21_lag_traFSC', '1_lag_24_median_stratZ50ndj03', '1_lag_17_median_mhfATL60', '13_lag_yrvPRjja', '27_lag_tripol2', '1_lag_5_median_ismPRjja', '3_lag_eapPSLjfm', '23_lag_amo3', '4_lag_eurPSLjfm']","[1.5294670231765153, 1.5151093935281583, 1.172397623491495, 5.830317299857555, 1.1169863623103922, 1.3786914711853004, 4.483499497031056, 5.997948445526882, 6.6301096331559535, 0.31740498885981516]","1_lag_17_median_ormenSSTjfm, 21_lag_traFSC, 1_lag_24_median_stratZ50ndj03, 1_lag_17_median_mhfATL60, 13_lag_yrvPRjja, 27_lag_tripol2, 1_lag_5_median_ismPRjja, 3_lag_eapPSLjfm, 23_lag_amo3, 4_lag_eurPSLjfm_3445_1"
LRforcedPSO,14,10,shSICsep,shigh,880.5,2005.5,0.8,29,1,1,17.131096345188563,0.2857209951722886,3575,"['1_lag_17_median_stratZ50ndj01', '1_lag_23_median_stratZ50ndj04', '1_lag_5_median_traEC', '1_lag_7_median_amoSSTmjjaso', '1_lag_24_median_gyreSSTjfm', '1_lag_14_median_pdoSSTjfm', '1_lag_4_median_stratZ50ndj03', '17_lag_cetTSjfm', '1_lag_18_median_scpPSLjfm', '11_lag_mhfATL30']","[3.5588853725153324, 5.8936030238409565, 5.808362540358287, 7.0043800095860185, 4.829936030736132, 0.14478392044192212, 4.492687513605118, 2.06510498043521, 3.016319935364571, 5.707950719570438]","1_lag_17_median_stratZ50ndj01, 1_lag_23_median_stratZ50ndj04, 1_lag_5_median_traEC, 1_lag_7_median_amoSSTmjjaso, 1_lag_24_median_gyreSSTjfm, 1_lag_14_median_pdoSSTjfm, 1_lag_4_median_stratZ50ndj03, 17_lag_cetTSjfm, 1_lag_18_median_scpPSLjfm, 11_lag_mhfATL30_3575_1"
LRforcedPSO,15,10,shSICsep,shigh,881.5,2005.5,0.8,30,1,1,23.644048966547587,-0.1819437000307587,3705,"['1_lag_26_median_traDP', '7_lag_traFB', '1_lag_24_median_traDS', '1_lag_22_median_shTSjfm', '1_lag_6_median_traDP', '14_lag_stratZ50ndj02', '1_lag_23_median_nhSICjfm', '13_lag_amo2', '1_lag_18_median_tripol3', '20_lag_traCA']","[3.6131784236768105, 2.58032977129516, 3.004269059437588, 5.886467383701833, 4.691854426458207, 0.3140668649140448, 2.962522061459186, 2.9601177867196284, 2.756111644683738, 4.198693069477756]","1_lag_26_median_traDP, 7_lag_traFB, 1_lag_24_median_traDS, 1_lag_22_median_shTSjfm, 1_lag_6_median_traDP, 14_lag_stratZ50ndj02, 1_lag_23_median_nhSICjfm, 13_lag_amo2, 1_lag_18_median_tripol3, 20_lag_traCA_3705_1"
LRforcedPSO,16,10,shSICsep,shigh,882.5,2005.5,0.8,31,1,1,13.931077248710919,0.5738370188876989,3835,"['21_lag_atlSICjfm', '25_lag_ismPRjja', '23_lag_traIFC', '1_lag_22_median_nppc2SSTjfm', '1_lag_16_median_tripol3', '1_lag_shSICsep', '12_lag_samPSLann', '1_lag_16_median_samPSLann', '13_lag_scpPSLjfm', '5_lag_nhSICsep']","[2.124184561857412, 2.2393898136295647, 8.107640737455952, 1.2782686115653803, 3.281684247909695, 9.855368975891707, 4.19054213097499, 6.70465606954307, 3.559553349121252, 3.695791183939752]","21_lag_atlSICjfm, 25_lag_ismPRjja, 23_lag_traIFC, 1_lag_22_median_nppc2SSTjfm, 1_lag_16_median_tripol3, 1_lag_shSICsep, 12_lag_samPSLann, 1_lag_16_median_samPSLann, 13_lag_scpPSLjfm, 5_lag_nhSICsep_3835_1"
LRforcedPSO,17,10,shSICsep,shigh,883.5,2005.5,0.8,32,2,2,20.26794462595599,-0.0640613611590757,3835,"['2_lag_20_median_nppc2SSTjfm', '17_lag_traIT', '23_lag_cetTSjfm', '2_lag_14_median_nchinaPRjja', '3_lag_mhfATL45', '2_lag_4_median_ormenSSTjfm', '2_lag_7_median_mhfATL30', '2_lag_29_median_samPSLann', '2_lag_29_median_pdoSSTjfm', '30_lag_nchinaPRjja']","[1.5489087035206808, 0.8467272349248152, 4.685332026261484, 0.2995341384551313, 1.483025173589688, 1.2644434271232647, 0.7998119896914258, 1.2987814551387729, 5.755372403810195, 4.258914902585563]","2_lag_20_median_nppc2SSTjfm, 17_lag_traIT, 23_lag_cetTSjfm, 2_lag_14_median_nchinaPRjja, 3_lag_mhfATL45, 2_lag_4_median_ormenSSTjfm, 2_lag_7_median_mhfATL30, 2_lag_29_median_samPSLann, 2_lag_29_median_pdoSSTjfm, 30_lag_nchinaPRjja_3835_2"
LRforcedPSO,18,10,shSICsep,shigh,884.5,2005.5,0.8,33,3,3,21.030690132921304,-0.11529390180032602,3835,"['3_lag_30_median_shSICmar', '29_lag_amo3', '12_lag_traCA', '3_lag_17_median_labSSTjfm', '23_lag_ormenSSTjfm', '17_lag_shSICmar', '3_lag_17_median_nchinaPRjja', '32_lag_ismPRjja', '31_lag_stratZ50ndj02', '11_lag_traFSC']","[3.7364295104237257, 1.2115894260657072, 2.6601443740645063, 3.6708012592161037, 7.497851697096316, 0.9487745602698627, 5.378484863879878, 6.018106226298851, 0.24143429072311484, 2.8858368534524086]","3_lag_30_median_shSICmar, 29_lag_amo3, 12_lag_traCA, 3_lag_17_median_labSSTjfm, 23_lag_ormenSSTjfm, 17_lag_shSICmar, 3_lag_17_median_nchinaPRjja, 32_lag_ismPRjja, 31_lag_stratZ50ndj02, 11_lag_traFSC_3835_3"
LRforcedPSO,19,10,shSICsep,shigh,885.5,2005.5,0.8,34,4,4,19.652711788510665,-0.12471081748897105,3835,"['4_lag_21_median_traTLS', '16_lag_ginwSSTjfm', '4_lag_23_median_traEC', '4_lag_21_median_stratZ50ndj01', '4_lag_21_median_traDP', '4_lag_15_median_traDP', '23_lag_amo2', '4_lag_5_median_solFORC', '10_lag_seurTSjfm', '26_lag_nchinaPRjja']","[3.7195407109909535, 2.4299599293080902, 4.013793444168236, 4.053383999988682, 7.400188992370406, 4.742235126615766, 0.9729818959777159, 0.31587426167848065, 3.890481396609605, 1.0602203263739405]","4_lag_21_median_traTLS, 16_lag_ginwSSTjfm, 4_lag_23_median_traEC, 4_lag_21_median_stratZ50ndj01, 4_lag_21_median_traDP, 4_lag_15_median_traDP, 23_lag_amo2, 4_lag_5_median_solFORC, 10_lag_seurTSjfm, 26_lag_nchinaPRjja_3835_4"
LRforcedPSO,20,10,shSICsep,shigh,886.5,2005.5,0.8,35,5,5,15.201183835765063,0.29384162409730075,3835,"['30_lag_wnorPRjfm', '5_lag_27_median_satlSSTjfm', '5_lag_25_median_atlSICsep', '29_lag_mhfATL45', '23_lag_yrvPRjja', '5_lag_14_median_traEU', '5_lag_wnorPRjfm', '25_lag_traDP', '9_lag_atlSICsep', '5_lag_16_median_labSSTjfm']","[5.492625890640825, 7.391674625028122, 5.393875402409285, 2.685039228213859, 0.9425276668020715, 0.7322530315262306, 3.0980111006641096, 7.01556403537985, 3.3943582001028005, 0.2689885488654564]","30_lag_wnorPRjfm, 5_lag_27_median_satlSSTjfm, 5_lag_25_median_atlSICsep, 29_lag_mhfATL45, 23_lag_yrvPRjja, 5_lag_14_median_traEU, 5_lag_wnorPRjfm, 25_lag_traDP, 9_lag_atlSICsep, 5_lag_16_median_labSSTjfm_3835_5"
LRforcedPSO,21,10,shSICsep,shigh,887.5,2005.5,0.8,36,6,6,26.29864215814286,-0.12314797083794088,3835,"['6_lag_9_median_nhSICjfm', '6_lag_23_median_glomaSSTjfm', '6_lag_7_median_stratZ50ndj03', '27_lag_nppc3SSTjfm', '27_lag_atlSICjfm', '27_lag_labSSTjfm', '26_lag_traFSC', '6_lag_9_median_traCA', '18_lag_ensoSSTjfm', '11_lag_wnorPRjfm']","[5.783238697441742, 8.432834415782736, 4.5424694983815534, 0.7216149819642066, 0.5904230058679616, 1.8402573584671167, 8.241815055349102, 2.822562952437117, 3.711164619782357, 3.397342896073683]","6_lag_9_median_nhSICjfm, 6_lag_23_median_glomaSSTjfm, 6_lag_7_median_stratZ50ndj03, 27_lag_nppc3SSTjfm, 27_lag_atlSICjfm, 27_lag_labSSTjfm, 26_lag_traFSC, 6_lag_9_median_traCA, 18_lag_ensoSSTjfm, 11_lag_wnorPRjfm_3835_6"
LRforcedPSO,22,10,shSICsep,shigh,888.5,2005.5,0.8,37,7,7,23.151664859587417,-0.02122468887722761,3835,"['28_lag_labSSTjfm', '7_lag_21_median_mhfATL60', '7_lag_25_median_eapPSLjfm', '7_lag_19_median_satlSSTjfm', '33_lag_labSSTjfm', '8_lag_tripol3', '7_lag_16_median_shTSjfm', '7_lag_tripol3', '14_lag_tripol3', '28_lag_traEC']","[1.337918267687801, 8.512422682387584, 2.8207843700518804, 5.957439322489201, 4.0513978915606135, 4.460291465982177, 9.80200701792294, 1.2383232798249715, 0.08087704449904365, 3.268105508569608]","28_lag_labSSTjfm, 7_lag_21_median_mhfATL60, 7_lag_25_median_eapPSLjfm, 7_lag_19_median_satlSSTjfm, 33_lag_labSSTjfm, 8_lag_tripol3, 7_lag_16_median_shTSjfm, 7_lag_tripol3, 14_lag_tripol3, 28_lag_traEC_3835_7"
LRforcedPSO,23,10,shSICsep,shigh,889.5,2005.5,0.8,38,8,8,22.12304302484407,-0.16529483235616962,3835,"['23_lag_traFB', '8_lag_22_median_ensoSSTjfm', '8_lag_18_median_nhSICsep', '8_lag_35_median_nhSICjfm', '8_lag_27_median_mhfATL30', '8_lag_13_median_samPSLann', '36_lag_traWP', '8_lag_14_median_nhSICsep', '8_lag_9_median_traFB', '8_lag_31_median_nchinaPRjja']","[3.1622595223906362, 8.779394321749479, 7.792535669622859, 5.915741196897796, 1.5217427161882604, 1.4533887869763156, 1.342146394515236, 7.5665929016477875, 2.066935163374362, 5.252428847846666]","23_lag_traFB, 8_lag_22_median_ensoSSTjfm, 8_lag_18_median_nhSICsep, 8_lag_35_median_nhSICjfm, 8_lag_27_median_mhfATL30, 8_lag_13_median_samPSLann, 36_lag_traWP, 8_lag_14_median_nhSICsep, 8_lag_9_median_traFB, 8_lag_31_median_nchinaPRjja_3835_8"
LRforcedPSO,24,10,shSICsep,shigh,890.5,2005.5,0.8,39,9,9,25.827556304200517,-0.09511728693198786,3835,"['28_lag_arcTSjfm', '23_lag_gyreSSTjfm', '9_lag_14_median_amoSSTmjjaso', '9_lag_22_median_traWP', '9_lag_20_median_shSICmar', '9_lag_14_median_atlSICsep', '24_lag_mhfIP30', '9_lag_19_median_traFSC', '9_lag_21_median_traFB', '9_lag_28_median_cetTSjfm']","[4.070553084191866, 0.5384705618249885, 5.235759326303895, 2.5311357403559054, 2.396791762663886, 3.3752240072049027, 7.32220344594015, 4.348343736835364, 4.384565662072806, 0.5273034634933094]","28_lag_arcTSjfm, 23_lag_gyreSSTjfm, 9_lag_14_median_amoSSTmjjaso, 9_lag_22_median_traWP, 9_lag_20_median_shSICmar, 9_lag_14_median_atlSICsep, 24_lag_mhfIP30, 9_lag_19_median_traFSC, 9_lag_21_median_traFB, 9_lag_28_median_cetTSjfm_3835_9"
LRforcedPSO,25,10,shSICsep,shigh,891.5,2005.5,0.8,40,10,10,15.456152100153716,-0.02412048959298345,3835,"['23_lag_amo3', '13_lag_traFS', '10_lag_12_median_solFORC', '38_lag_atlSICjfm', '10_lag_17_median_traFS', '21_lag_nhTSjfm', '10_lag_38_median_nchinaPRjja', '17_lag_traWP', '14_lag_samPSLann', '18_lag_traIFC']","[7.258633542811976, 2.608187588223574, 4.589062599267081, 2.1298735934532136, 0.5500102426848521, 3.778804659712714, 6.818141137333753, 0.5498980875608535, 0.08054039269728008, 2.788244100035115]","23_lag_amo3, 13_lag_traFS, 10_lag_12_median_solFORC, 38_lag_atlSICjfm, 10_lag_17_median_traFS, 21_lag_nhTSjfm, 10_lag_38_median_nchinaPRjja, 17_lag_traWP, 14_lag_samPSLann, 18_lag_traIFC_3835_10"
LRforcedPSO,26,10,shSICsep,shigh,892.5,2005.5,0.8,41,11,11,17.044335071995892,0.027758123963758215,3835,"['20_lag_ormenSSTjfm', '36_lag_traBS', '11_lag_36_median_shSICsep', '12_lag_seurTSjfm', '32_lag_shTSjfm', '33_lag_traDS', '29_lag_solFORC', '40_lag_amo1', '11_lag_25_median_traMC', '16_lag_shTSjfm']","[7.4427728938219, 0.5673071396340603, 6.4694929989248, 1.3574809271109913, 5.144977431814535, 5.713820781840575, 6.0092003253256765, 1.2095512153300962, 5.7570639001749555, 8.418143197802301]","20_lag_ormenSSTjfm, 36_lag_traBS, 11_lag_36_median_shSICsep, 12_lag_seurTSjfm, 32_lag_shTSjfm, 33_lag_traDS, 29_lag_solFORC, 40_lag_amo1, 11_lag_25_median_traMC, 16_lag_shTSjfm_3835_11"
LRforcedPSO,27,10,shSICsep,shigh,893.5,2005.5,0.8,42,12,12,24.472174561480376,-0.03220893669159241,3835,"['23_lag_traBO', '12_lag_41_median_shTSjfm', '20_lag_satlSSTjfm', '12_lag_36_median_stratZ50ndj02', '36_lag_traFS', '12_lag_28_median_shTSjfm', '12_lag_26_median_tripol1', '22_lag_traDP', '12_lag_26_median_nchinaPRjja', '36_lag_ormenSSTjfm']","[4.842278505354054, 3.1161929988822905, 0.5446886561988613, 3.4516220209544564, 6.52974847119796, 8.383978296988264, 3.6967319016446236, 1.301290971761686, 5.462507696020545, 6.53133629711126]","23_lag_traBO, 12_lag_41_median_shTSjfm, 20_lag_satlSSTjfm, 12_lag_36_median_stratZ50ndj02, 36_lag_traFS, 12_lag_28_median_shTSjfm, 12_lag_26_median_tripol1, 22_lag_traDP, 12_lag_26_median_nchinaPRjja, 36_lag_ormenSSTjfm_3835_12"
LRforcedPSO,28,10,shSICsep,shigh,894.5,2005.5,0.8,43,13,13,21.51347165346338,0.01856101640779433,3835,"['22_lag_shTSjfm', '22_lag_traTLS', '28_lag_ismPRjja', '13_lag_30_median_shTSjfm', '25_lag_atlSICsep', '13_lag_23_median_yrvPRjja', '14_lag_stratZ50ndj03', '34_lag_eapPSLjfm', '23_lag_nppc2SSTjfm', '19_lag_nhTSjfm']","[8.932601530557339, 2.428105162069027, 3.0840443160573976, 3.748791403196141, 7.206423556968165, 7.046569989818181, 3.87005751037349, 3.4500280451228367, 1.6437694979265203, 4.511558912827997]","22_lag_shTSjfm, 22_lag_traTLS, 28_lag_ismPRjja, 13_lag_30_median_shTSjfm, 25_lag_atlSICsep, 13_lag_23_median_yrvPRjja, 14_lag_stratZ50ndj03, 34_lag_eapPSLjfm, 23_lag_nppc2SSTjfm, 19_lag_nhTSjfm_3835_13"
LRforcedPSO,29,10,shSICsep,shigh,895.5,2005.5,0.8,44,14,14,17.334585636703345,0.3188245440866413,3835,"['14_lag_23_median_traBS', '14_lag_28_median_labSSTjfm', '14_lag_31_median_traTLS', '42_lag_samPSLann', '20_lag_nhTSjfm', '14_lag_15_median_atlSICsep', '14_lag_37_median_ginwSSTjfm', '34_lag_traDP', '29_lag_atlSICjfm', '14_lag_nhSICsep']","[4.531936254526078, 0.9626415370894676, 3.159097125644534, 1.328987335123026, 3.826695339384546, 5.349094589111585, 0.06114540876546393, 4.044169674519843, 5.321197018540216, 2.9807745094788825]","14_lag_23_median_traBS, 14_lag_28_median_labSSTjfm, 14_lag_31_median_traTLS, 42_lag_samPSLann, 20_lag_nhTSjfm, 14_lag_15_median_atlSICsep, 14_lag_37_median_ginwSSTjfm, 34_lag_traDP, 29_lag_atlSICjfm, 14_lag_nhSICsep_3835_14"
LRforcedPSO,30,10,shSICsep,shigh,896.5,2005.5,0.8,45,15,15,18.130444449126898,-0.14871707850027252,3835,"['15_lag_16_median_wnorPRjfm', '39_lag_stratZ50ndj04', '38_lag_traTLS', '24_lag_eapPSLjfm', '31_lag_ensoSSTjfm', '24_lag_traDS', '15_lag_31_median_neurTSjfm', '28_lag_satlSSTjfm', '15_lag_31_median_amoSSTmjjaso', '25_lag_ismPRjja']","[3.516209030869682, 4.408493563353795, 4.628910722920212, 1.3019335602385418, 1.1934394556455086, 0.7978543797467736, 4.493283663479248, 1.5601432389238923, 6.6480818083852, 4.752485854597452]","15_lag_16_median_wnorPRjfm, 39_lag_stratZ50ndj04, 38_lag_traTLS, 24_lag_eapPSLjfm, 31_lag_ensoSSTjfm, 24_lag_traDS, 15_lag_31_median_neurTSjfm, 28_lag_satlSSTjfm, 15_lag_31_median_amoSSTmjjaso, 25_lag_ismPRjja_3835_15"
LRforcedPSO,31,10,shSICsep,shigh,897.5,2005.5,0.8,46,16,16,25.81480510062091,0.35572396647399207,3835,"['16_lag_24_median_shTSjfm', '16_lag_33_median_shSICmar', '16_lag_24_median_tripol3', '16_lag_40_median_traFS', '16_lag_39_median_labSSTjfm', '28_lag_cetTSjfm', '16_lag_23_median_samPSLann', '16_lag_32_median_traCA', '21_lag_solFORC', '27_lag_traMC']","[6.163270711180747, 0.0017368871078176085, 5.235079781541085, 3.861658144708729, 0.03198211406617446, 0.7533513387572626, 0.751090128991521, 5.942830685875602, 3.166520459513819, 3.371545954768358]","16_lag_24_median_shTSjfm, 16_lag_33_median_shSICmar, 16_lag_24_median_tripol3, 16_lag_40_median_traFS, 16_lag_39_median_labSSTjfm, 28_lag_cetTSjfm, 16_lag_23_median_samPSLann, 16_lag_32_median_traCA, 21_lag_solFORC, 27_lag_traMC_3835_16"
LRforcedPSO,32,10,shSICsep,shigh,898.5,2005.5,0.8,47,17,17,23.518990884050808,-0.3453278643679425,3835,"['17_lag_38_median_samPSLann', '17_lag_45_median_neurTSjfm', '17_lag_38_median_traCA', '17_lag_28_median_wnorPRjfm', '17_lag_22_median_nhSICsep', '27_lag_AMOCann', '32_lag_amo3', '34_lag_traEU', '17_lag_40_median_shTSjfm', '17_lag_31_median_eapPSLjfm']","[0.18719045222216835, 2.35871100056446, 5.604677004278422, 3.0223923254156055, 3.6419687344776897, 9.00559166712318, 2.7567353145986004, 3.4604648110844494, 4.761528003041913, 8.322438056647574]","17_lag_38_median_samPSLann, 17_lag_45_median_neurTSjfm, 17_lag_38_median_traCA, 17_lag_28_median_wnorPRjfm, 17_lag_22_median_nhSICsep, 27_lag_AMOCann, 32_lag_amo3, 34_lag_traEU, 17_lag_40_median_shTSjfm, 17_lag_31_median_eapPSLjfm_3835_17"
LRforcedPSO,33,10,shSICsep,shigh,899.5,2005.5,0.8,48,18,18,19.636633964751635,0.1255675483637397,3835,"['39_lag_amo1', '18_lag_19_median_amo2', '29_lag_nppc3SSTjfm', '18_lag_47_median_shTSjfm', '18_lag_47_median_gyreSSTjfm', '18_lag_19_median_traBO', '18_lag_23_median_stratZ50ndj02', '43_lag_samPSLann', '33_lag_stratZ50ndj03', '35_lag_gyreSSTjfm']","[0.6796375379801045, 0.8546187503536693, 5.952914644138673, 9.852074398138255, 4.095706292655393, 7.453797125785574, 3.15222390919201, 6.271793374196621, 1.1496508253056916, 0.7169522267286315]","39_lag_amo1, 18_lag_19_median_amo2, 29_lag_nppc3SSTjfm, 18_lag_47_median_shTSjfm, 18_lag_47_median_gyreSSTjfm, 18_lag_19_median_traBO, 18_lag_23_median_stratZ50ndj02, 43_lag_samPSLann, 33_lag_stratZ50ndj03, 35_lag_gyreSSTjfm_3835_18"
LRforcedPSO,34,10,shSICsep,shigh,900.5,2005.5,0.8,49,19,19,18.473925863225578,-0.1437446186219369,3835,"['45_lag_mhfATL45', '19_lag_29_median_traBS', '34_lag_ginwSSTjfm', '19_lag_38_median_shSICmar', '43_lag_shSICsep', '44_lag_yrvPRjja', '19_lag_24_median_ormenSSTjfm', '34_lag_satlSSTjfm', '19_lag_24_median_traCA', '23_lag_glomaSSTjfm']","[0.12152000918010586, 5.030151826079525, 5.803701670641775, 1.5297464019253795, 5.800407220143384, 7.057838525864874, 4.122210340230568, 2.739855404632479, 3.3037418367279603, 1.1809772661047049]","45_lag_mhfATL45, 19_lag_29_median_traBS, 34_lag_ginwSSTjfm, 19_lag_38_median_shSICmar, 43_lag_shSICsep, 44_lag_yrvPRjja, 19_lag_24_median_ormenSSTjfm, 34_lag_satlSSTjfm, 19_lag_24_median_traCA, 23_lag_glomaSSTjfm_3835_19"
LRforcedPSO,35,10,shSICsep,shigh,901.5,2005.5,0.8,50,20,20,23.864246914711792,-0.18145747873895204,3835,"['45_lag_mhfATL45', '22_lag_mhfIP30', '33_lag_tripol2', '45_lag_traIT', '20_lag_31_median_pdoSSTjfm', '20_lag_48_median_gyreSSTjfm', '36_lag_traFS', '26_lag_traWP', '25_lag_amo1', '44_lag_nppc2SSTjfm']","[5.743965714395309, 0.5804607901021104, 4.694736936914733, 0.035419346262010265, 3.2198444447975287, 3.4585611029419994, 4.788257667624938, 2.836472134209778, 6.45950858030242, 1.704848388477906]","45_lag_mhfATL45, 22_lag_mhfIP30, 33_lag_tripol2, 45_lag_traIT, 20_lag_31_median_pdoSSTjfm, 20_lag_48_median_gyreSSTjfm, 36_lag_traFS, 26_lag_traWP, 25_lag_amo1, 44_lag_nppc2SSTjfm_3835_20"
LRforcedPSO,36,10,shSICsep,shigh,902.5,2005.5,0.8,51,21,21,14.319274370775723,0.36832206044256344,3835,"['40_lag_satlSSTjfm', '41_lag_nchinaPRjja', '42_lag_ismPRjja', '30_lag_gyreSSTjfm', '38_lag_traDP', '27_lag_traIFC', '43_lag_mhfATL30', '48_lag_naoPSLjfm', '34_lag_satlSSTjfm', '21_lag_48_median_samPSLann']","[1.128855479006635, 2.8034824612898674, 3.5599767814129883, 0.32621714204274177, 3.835373283016043, 2.0027733644853214, 2.163376604823302, 3.0168727052389848, 1.469608193273677, 3.331026761591305]","40_lag_satlSSTjfm, 41_lag_nchinaPRjja, 42_lag_ismPRjja, 30_lag_gyreSSTjfm, 38_lag_traDP, 27_lag_traIFC, 43_lag_mhfATL30, 48_lag_naoPSLjfm, 34_lag_satlSSTjfm, 21_lag_48_median_samPSLann_3835_21"
LRforcedPSO,37,10,shSICsep,shigh,903.5,2005.5,0.8,52,22,22,17.06341147155042,0.27489262983396634,3835,"['31_lag_mhfATL60', '23_lag_mhfATL30', '22_lag_30_median_nppc2SSTjfm', '22_lag_39_median_traWP', '22_lag_51_median_nppc2SSTjfm', '22_lag_24_median_traDP', '22_lag_47_median_nhTSjfm', '30_lag_traMC', '22_lag_27_median_shSICmar', '48_lag_eapPSLjfm']","[7.549202788465678, 2.0922329586428345, 0.23365962320800726, 0.3857267134994231, 5.582371966586807, 7.157207514746652, 0.7850437808231057, 0.12515328995444364, 0.44245931738854694, 1.544271116040278]","31_lag_mhfATL60, 23_lag_mhfATL30, 22_lag_30_median_nppc2SSTjfm, 22_lag_39_median_traWP, 22_lag_51_median_nppc2SSTjfm, 22_lag_24_median_traDP, 22_lag_47_median_nhTSjfm, 30_lag_traMC, 22_lag_27_median_shSICmar, 48_lag_eapPSLjfm_3835_22"
LRforcedPSO,38,10,shSICsep,shigh,904.5,2005.5,0.8,53,23,23,22.681674264832026,0.10041562343846061,3835,"['30_lag_amoSSTmjjaso', '33_lag_labSSTjfm', '23_lag_37_median_solFORC', '38_lag_yrvPRjja', '23_lag_45_median_AMOCann', '39_lag_traEC', '23_lag_42_median_mhfATL45', '44_lag_traWP', '23_lag_25_median_gyreSSTjfm', '41_lag_naoPSLjfm']","[5.61644939288235, 7.595316813333859, 6.19936895949224, 1.7775968242813818, 5.860517947840713, 2.2452119794442353, 2.5388896291671603, 0.04733191829738459, 9.186506663670077, 0.5780276071070407]","30_lag_amoSSTmjjaso, 33_lag_labSSTjfm, 23_lag_37_median_solFORC, 38_lag_yrvPRjja, 23_lag_45_median_AMOCann, 39_lag_traEC, 23_lag_42_median_mhfATL45, 44_lag_traWP, 23_lag_25_median_gyreSSTjfm, 41_lag_naoPSLjfm_3835_23"
LRforcedPSO,39,10,shSICsep,shigh,905.5,2005.5,0.8,54,24,24,21.29085489579743,0.04691014898328535,3835,"['24_lag_30_median_seurTSjfm', '24_lag_26_median_amo3', '51_lag_stratZ50ndj01', '45_lag_AMOCann', '49_lag_stratZ50ndj02', '24_lag_38_median_atlSICsep', '40_lag_amo3', '38_lag_traFSC', '24_lag_25_median_amo3', '39_lag_amoSSTmjjaso']","[3.918167782439168, 3.606533926096507, 4.854788471561942, 5.305515694918917, 2.349594333147631, 9.035633815664665, 6.134935237426557, 0.22432597056005577, 8.92270612169921, 5.140168033455832]","24_lag_30_median_seurTSjfm, 24_lag_26_median_amo3, 51_lag_stratZ50ndj01, 45_lag_AMOCann, 49_lag_stratZ50ndj02, 24_lag_38_median_atlSICsep, 40_lag_amo3, 38_lag_traFSC, 24_lag_25_median_amo3, 39_lag_amoSSTmjjaso_3835_24"
LRforcedPSO,40,10,shSICsep,shigh,906.5,2005.5,0.8,55,25,25,22.444423845281943,0.0144509765377455,3835,"['33_lag_glTSjfm', '25_lag_48_median_nppc3SSTjfm', '37_lag_nhSICjfm', '25_lag_43_median_labSSTjfm', '25_lag_31_median_nhTSjfm', '48_lag_stratZ50ndj04', '51_lag_amo1', '25_lag_29_median_alpi', '48_lag_samPSLann', '25_lag_42_median_samPSLann']","[3.6217308980143343, 0.5431662506331243, 7.745275869168693, 7.156857837319507, 1.557273535421455, 4.171943974302543, 0.6203396299722268, 1.452615804932588, 5.1341895910027056, 2.212123018586965]","33_lag_glTSjfm, 25_lag_48_median_nppc3SSTjfm, 37_lag_nhSICjfm, 25_lag_43_median_labSSTjfm, 25_lag_31_median_nhTSjfm, 48_lag_stratZ50ndj04, 51_lag_amo1, 25_lag_29_median_alpi, 48_lag_samPSLann, 25_lag_42_median_samPSLann_3835_25"
LRforcedPSO,41,10,shSICsep,shigh,907.5,2005.5,0.8,56,26,26,22.834387782033655,-0.13233837071972102,3835,"['37_lag_traEU', '28_lag_traEU', '32_lag_stratZ50ndj02', '45_lag_amo1', '54_lag_stratZ50ndj02', '55_lag_eurPSLjfm', '26_lag_44_median_stratZ50ndj03', '42_lag_nhTSjfm', '26_lag_29_median_neurTSjfm', '38_lag_traFS']","[3.581652473754069, 4.794137354761556, 0.6402790335140729, 1.4295118794698602, 3.786986108522674, 0.9578612571276715, 2.1017683648412415, 2.505439058051535, 7.560015492320289, 3.1257777511302054]","37_lag_traEU, 28_lag_traEU, 32_lag_stratZ50ndj02, 45_lag_amo1, 54_lag_stratZ50ndj02, 55_lag_eurPSLjfm, 26_lag_44_median_stratZ50ndj03, 42_lag_nhTSjfm, 26_lag_29_median_neurTSjfm, 38_lag_traFS_3835_26"
LRforcedPSO,42,10,shSICsep,shigh,908.5,2005.5,0.8,57,27,27,21.68224056534615,0.31934197673860415,3835,"['27_lag_38_median_traIT', '27_lag_53_median_stratZ50ndj03', '35_lag_scpPSLjfm', '27_lag_34_median_traEU', '42_lag_mhfATL60', '27_lag_51_median_nppc3SSTjfm', '27_lag_47_median_amo2', '27_lag_41_median_nhTSjfm', '43_lag_traEC', '47_lag_nchinaPRjja']","[2.2978988220009526, 2.8581701165230022, 0.6734479267702866, 0.8593870343619319, 5.823732217837634, 1.0679515739433558, 3.21688522634496, 2.2519159103271758, 2.3053580376864247, 5.6127413775932045]","27_lag_38_median_traIT, 27_lag_53_median_stratZ50ndj03, 35_lag_scpPSLjfm, 27_lag_34_median_traEU, 42_lag_mhfATL60, 27_lag_51_median_nppc3SSTjfm, 27_lag_47_median_amo2, 27_lag_41_median_nhTSjfm, 43_lag_traEC, 47_lag_nchinaPRjja_3835_27"
LRforcedPSO,43,10,shSICsep,shigh,909.5,2005.5,0.8,58,28,28,24.16117811413609,-0.11009405842609608,3835,"['28_lag_37_median_gyreSSTjfm', '34_lag_nppc3SSTjfm', '49_lag_arcTSjfm', '28_lag_amo2', '47_lag_solFORC', '46_lag_seurTSjfm', '28_lag_36_median_eurPSLjfm', '50_lag_amo2', '28_lag_31_median_nhSICjfm', '38_lag_seurTSjfm']","[6.8240009441829415, 4.060656433070012, 1.3696300467422944, 2.2872210886538813, 0.39021861076444964, 0.5205040732616961, 3.0886251140099255, 8.562203825112537, 2.7811730718293664, 0.1050305947795156]","28_lag_37_median_gyreSSTjfm, 34_lag_nppc3SSTjfm, 49_lag_arcTSjfm, 28_lag_amo2, 47_lag_solFORC, 46_lag_seurTSjfm, 28_lag_36_median_eurPSLjfm, 50_lag_amo2, 28_lag_31_median_nhSICjfm, 38_lag_seurTSjfm_3835_28"
LRforcedPSO,44,10,shSICsep,shigh,910.5,2005.5,0.8,59,29,29,19.67161678607429,0.1617132878624673,3835,"['29_lag_40_median_nhSICjfm', '32_lag_traFS', '55_lag_traFS', '48_lag_mhfIP30', '29_lag_31_median_shTSjfm', '42_lag_AMOCann', '36_lag_arcTSjfm', '29_lag_39_median_amo3', '49_lag_glomaSSTjfm', '35_lag_amoSSTmjjaso']","[2.291138936312067, 0.23699379650995667, 1.7909451836018775, 2.5295725111965917, 1.5160974881376923, 5.797820176389859, 3.7028609540687523, 1.9034342616015199, 1.7379638086756763, 0.14008925846561837]","29_lag_40_median_nhSICjfm, 32_lag_traFS, 55_lag_traFS, 48_lag_mhfIP30, 29_lag_31_median_shTSjfm, 42_lag_AMOCann, 36_lag_arcTSjfm, 29_lag_39_median_amo3, 49_lag_glomaSSTjfm, 35_lag_amoSSTmjjaso_3835_29"
LRforcedPSO,45,10,shSICsep,shigh,911.5,2005.5,0.8,60,30,30,18.142194892105703,0.026725987519775316,3835,"['50_lag_gyreSSTjfm', '30_lag_35_median_amo2', '30_lag_59_median_traDP', '34_lag_nhSICjfm', '30_lag_38_median_nppc2SSTjfm', '59_lag_eapPSLjfm', '30_lag_55_median_traBO', '40_lag_shSICmar', '52_lag_stratZ50ndj02', '45_lag_atlSICsep']","[2.280057416570596, 9.229173145040598, 2.008468919881558, 5.789899839481457, 2.7602038620136016, 3.8584744702788987, 7.533312373510711, 3.6849322762340364, 4.3806147368789095, 3.5175741484549405]","50_lag_gyreSSTjfm, 30_lag_35_median_amo2, 30_lag_59_median_traDP, 34_lag_nhSICjfm, 30_lag_38_median_nppc2SSTjfm, 59_lag_eapPSLjfm, 30_lag_55_median_traBO, 40_lag_shSICmar, 52_lag_stratZ50ndj02, 45_lag_atlSICsep_3835_30"
LRforcedPSO,46,10,shSICsep,shigh,912.5,2005.5,0.8,61,31,31,21.85197144380391,0.14005212985117496,3835,"['31_lag_38_median_nhTSjfm', '31_lag_49_median_nhSICjfm', '42_lag_neurTSjfm', '31_lag_55_median_amo2', '49_lag_ginwSSTjfm', '54_lag_traBS', '58_lag_traBS', '56_lag_traMC', '31_lag_52_median_stratZ50ndj04', '31_lag_32_median_samPSLann']","[5.215477550905323, 5.198703520095107, 2.7573403143774833, 1.7259815460258316, 2.811649386574153, 0.22325092993755646, 2.6307629657419884, 6.768103903418801, 5.683132230137056, 1.6713944241507601]","31_lag_38_median_nhTSjfm, 31_lag_49_median_nhSICjfm, 42_lag_neurTSjfm, 31_lag_55_median_amo2, 49_lag_ginwSSTjfm, 54_lag_traBS, 58_lag_traBS, 56_lag_traMC, 31_lag_52_median_stratZ50ndj04, 31_lag_32_median_samPSLann_3835_31"
LRforcedPSO,47,10,shSICsep,shigh,913.5,2005.5,0.8,62,32,32,24.314318718008394,-0.04071349777466889,3835,"['32_lag_53_median_mhfATL30', '54_lag_stratZ50ndj02', '60_lag_atlSICsep', '32_lag_38_median_glomaSSTjfm', '32_lag_59_median_nppc3SSTjfm', '32_lag_36_median_arcTSjfm', '32_lag_46_median_tripol2', '32_lag_46_median_nhSICsep', '49_lag_amo1', '53_lag_amo2']","[8.021999707075508, 0.8770195572580377, 4.679486118828018, 4.061741010805364, 2.4349238798238027, 0.3884291534603417, 4.0196743511627915, 0.05209103049818076, 6.00748512260153, 2.0257893264365716]","32_lag_53_median_mhfATL30, 54_lag_stratZ50ndj02, 60_lag_atlSICsep, 32_lag_38_median_glomaSSTjfm, 32_lag_59_median_nppc3SSTjfm, 32_lag_36_median_arcTSjfm, 32_lag_46_median_tripol2, 32_lag_46_median_nhSICsep, 49_lag_amo1, 53_lag_amo2_3835_32"
LRforcedPSO,48,10,shSICsep,shigh,914.5,2005.5,0.8,63,33,33,19.718695669202017,0.11800912646327293,3835,"['56_lag_tripol2', '61_lag_traWP', '58_lag_solFORC', '43_lag_naoPSLjfm', '33_lag_61_median_nppc3SSTjfm', '53_lag_traWP', '38_lag_traEU', '33_lag_61_median_traBO', '47_lag_atlSICjfm', '33_lag_40_median_samPSLann']","[5.589112280251751, 1.0254602201077354, 0.08946007609804418, 2.9833363705517275, 0.3847958610197608, 2.152669763111092, 0.8283994611095693, 9.212628199822635, 1.7885159049113568, 1.3012698961697584]","56_lag_tripol2, 61_lag_traWP, 58_lag_solFORC, 43_lag_naoPSLjfm, 33_lag_61_median_nppc3SSTjfm, 53_lag_traWP, 38_lag_traEU, 33_lag_61_median_traBO, 47_lag_atlSICjfm, 33_lag_40_median_samPSLann_3835_33"
LRforcedPSO,49,10,shSICsep,shigh,915.5,2005.5,0.8,64,34,34,20.687954117439745,0.2162249823486877,3835,"['34_lag_44_median_traFSC', '34_lag_44_median_satlSSTjfm', '34_lag_52_median_stratZ50ndj02', '34_lag_35_median_stratZ50ndj01', '43_lag_traEU', '34_lag_35_median_nchinaPRjja', '34_lag_55_median_eapPSLjfm', '34_lag_59_median_traIFC', '34_lag_55_median_traTLS', '34_lag_52_median_alpi']","[1.5766752929056782, 2.1169833102758906, 7.590219935412328, 2.431011523379386, 0.1459936909835733, 3.955975145218389, 0.4294657141413758, 0.38738022461225974, 6.20638802608418, 4.615896274406008]","34_lag_44_median_traFSC, 34_lag_44_median_satlSSTjfm, 34_lag_52_median_stratZ50ndj02, 34_lag_35_median_stratZ50ndj01, 43_lag_traEU, 34_lag_35_median_nchinaPRjja, 34_lag_55_median_eapPSLjfm, 34_lag_59_median_traIFC, 34_lag_55_median_traTLS, 34_lag_52_median_alpi_3835_34"
LRforcedPSO,50,10,shSICsep,shigh,916.5,2005.5,0.8,65,35,35,18.68198713163299,0.04181640451950668,3835,"['35_lag_37_median_ismPRjja', '58_lag_ensoSSTjfm', '35_lag_64_median_gyreSSTjfm', '35_lag_44_median_shSICsep', '47_lag_nchinaPRjja', '35_lag_64_median_amo1', '35_lag_41_median_nhTSjfm', '38_lag_shSICsep', '35_lag_37_median_amo3', '54_lag_ensoSSTjfm']","[7.186397804082734, 0.9228426576964726, 0.6872476572745079, 3.820086354843003, 1.570145889092787, 4.567843327770669, 3.4557539791043883, 2.5768577630259077, 1.84772354597661, 4.236851373663]","35_lag_37_median_ismPRjja, 58_lag_ensoSSTjfm, 35_lag_64_median_gyreSSTjfm, 35_lag_44_median_shSICsep, 47_lag_nchinaPRjja, 35_lag_64_median_amo1, 35_lag_41_median_nhTSjfm, 38_lag_shSICsep, 35_lag_37_median_amo3, 54_lag_ensoSSTjfm_3835_35"
LRforcedPSO,51,10,shSICsep,shigh,917.5,2005.5,0.8,66,36,36,19.615550934440567,0.22695959965087298,3835,"['36_lag_49_median_tripol2', '36_lag_40_median_traTLS', '39_lag_gyreSSTjfm', '36_lag_45_median_traBO', '36_lag_54_median_glTSjfm', '36_lag_42_median_shTSjfm', '36_lag_60_median_eurPSLjfm', '39_lag_traBS', '36_lag_54_median_ormenSSTjfm', '50_lag_nppc2SSTjfm']","[3.3628360068081298, 0.8811638563669977, 6.007834198656667, 3.7172028503872294, 0.202436829273827, 8.235056540275439, 6.4279622839032164, 4.688783696526311, 5.847111140310597, 1.0768028137777037]","36_lag_49_median_tripol2, 36_lag_40_median_traTLS, 39_lag_gyreSSTjfm, 36_lag_45_median_traBO, 36_lag_54_median_glTSjfm, 36_lag_42_median_shTSjfm, 36_lag_60_median_eurPSLjfm, 39_lag_traBS, 36_lag_54_median_ormenSSTjfm, 50_lag_nppc2SSTjfm_3835_36"
LRforcedPSO,52,10,shSICsep,shigh,918.5,2005.5,0.8,67,37,37,17.486555365091498,-0.006034280358918489,3835,"['37_lag_51_median_gyreSSTjfm', '53_lag_traFSC', '37_lag_49_median_atlSICjfm', '56_lag_amoSSTmjjaso', '37_lag_46_median_traIFC', '37_lag_65_median_mhfATL60', '37_lag_45_median_AMOCann', '61_lag_ormenSSTjfm', '37_lag_38_median_traFSC', '65_lag_ormenSSTjfm']","[2.2858397359654283, 0.44514384353744774, 1.025629225672164, 3.1500774364728272, 4.900929058314829, 0.8457173694657083, 2.473300091137456, 0.29558028758140864, 6.815363098235466, 3.2529151822452906]","37_lag_51_median_gyreSSTjfm, 53_lag_traFSC, 37_lag_49_median_atlSICjfm, 56_lag_amoSSTmjjaso, 37_lag_46_median_traIFC, 37_lag_65_median_mhfATL60, 37_lag_45_median_AMOCann, 61_lag_ormenSSTjfm, 37_lag_38_median_traFSC, 65_lag_ormenSSTjfm_3835_37"
LRforcedPSO,53,10,shSICsep,shigh,919.5,2005.5,0.8,68,38,38,20.812099391861672,0.14880020691559528,3835,"['38_lag_46_median_ismPRjja', '38_lag_61_median_ensoSSTjfm', '38_lag_66_median_gyreSSTjfm', '38_lag_42_median_nhTSjfm', '53_lag_traBS', '66_lag_nppc3SSTjfm', '38_lag_40_median_stratZ50ndj03', '38_lag_44_median_traFSC', '38_lag_63_median_traTLS', '67_lag_tripol1']","[2.9216458631859883, 3.4313429085526828, 2.3698237799879767, 3.252000123005927, 3.985581340814017, 1.2067784422992194, 5.298650359993113, 0.35919916391762996, 3.3425221873612525, 2.9164476199259717]","38_lag_46_median_ismPRjja, 38_lag_61_median_ensoSSTjfm, 38_lag_66_median_gyreSSTjfm, 38_lag_42_median_nhTSjfm, 53_lag_traBS, 66_lag_nppc3SSTjfm, 38_lag_40_median_stratZ50ndj03, 38_lag_44_median_traFSC, 38_lag_63_median_traTLS, 67_lag_tripol1_3835_38"
LRforcedPSO,54,10,shSICsep,shigh,920.5,2005.5,0.8,69,39,39,17.084750541181506,-0.013586953734732255,3835,"['39_lag_62_median_mhfATL45', '40_lag_shSICsep', '39_lag_47_median_naoPSLjfm', '48_lag_nppc3SSTjfm', '39_lag_68_median_glomaSSTjfm', '39_lag_43_median_glTSjfm', '64_lag_yrvPRjja', '39_lag_60_median_ginwSSTjfm', '39_lag_56_median_traIFC', '39_lag_60_median_cetTSjfm']","[0.026248867370997075, 3.4891270658447304, 5.931415849204733, 3.95361974202412, 5.413416732796897, 2.6364100575676037, 4.028504981833725, 2.6932188846352805, 4.0675682966637705, 9.711769219812671]","39_lag_62_median_mhfATL45, 40_lag_shSICsep, 39_lag_47_median_naoPSLjfm, 48_lag_nppc3SSTjfm, 39_lag_68_median_glomaSSTjfm, 39_lag_43_median_glTSjfm, 64_lag_yrvPRjja, 39_lag_60_median_ginwSSTjfm, 39_lag_56_median_traIFC, 39_lag_60_median_cetTSjfm_3835_39"
LRforcedPSO,55,10,shSICsep,shigh,921.5,2005.5,0.8,70,40,40,26.623642851797126,-0.12827672570004722,3835,"['42_lag_nhSICjfm', '40_lag_69_median_nhTSjfm', '42_lag_traMC', '61_lag_traFS', '40_lag_66_median_amo1', '55_lag_cetTSjfm', '50_lag_mhfATL30', '51_lag_traDP', '40_lag_50_median_nhSICjfm', '40_lag_tripol3']","[1.4470606926045537, 8.779222912797906, 1.49601523633965, 1.4196264607743547, 6.172739622528822, 4.2725429363410665, 0.9164574573772946, 9.265605669679541, 2.2189542837643828, 0.08696470847016613]","42_lag_nhSICjfm, 40_lag_69_median_nhTSjfm, 42_lag_traMC, 61_lag_traFS, 40_lag_66_median_amo1, 55_lag_cetTSjfm, 50_lag_mhfATL30, 51_lag_traDP, 40_lag_50_median_nhSICjfm, 40_lag_tripol3_3835_40"
LRforcedPSO,56,10,shSICsep,shigh,922.5,2005.5,0.8,71,41,41,20.63169907525307,0.05230654826324366,3835,"['67_lag_stratZ50ndj02', '41_lag_61_median_nhSICsep', '41_lag_46_median_stratZ50ndj02', '68_lag_nhSICjfm', '49_lag_stratZ50ndj03', '41_lag_43_median_traCA', '59_lag_traFS', '41_lag_68_median_nhSICjfm', '41_lag_58_median_stratZ50ndj03', '47_lag_traTLS']","[2.7350349675927568, 5.53060746408196, 3.3570579442029356, 4.111076931504611, 1.5087185306749937, 6.635773345615763, 1.8925776215876322, 0.26797433872134846, 4.435268199667089, 7.136475088573794]","67_lag_stratZ50ndj02, 41_lag_61_median_nhSICsep, 41_lag_46_median_stratZ50ndj02, 68_lag_nhSICjfm, 49_lag_stratZ50ndj03, 41_lag_43_median_traCA, 59_lag_traFS, 41_lag_68_median_nhSICjfm, 41_lag_58_median_stratZ50ndj03, 47_lag_traTLS_3835_41"
LRforcedPSO,57,10,shSICsep,shigh,923.5,2005.5,0.8,72,42,42,20.551364407093452,-0.18469243996202447,3835,"['56_lag_pdoSSTjfm', '44_lag_nhSICjfm', '42_lag_67_median_traWP', '42_lag_50_median_nhTSjfm', '51_lag_satlSSTjfm', '42_lag_52_median_traEC', '42_lag_58_median_seurTSjfm', '64_lag_amo3', '42_lag_63_median_traBO', '49_lag_satlSSTjfm']","[1.1593380501015353, 2.026609127476437, 2.30112089527442, 1.1586701131445487, 0.9332898318106757, 1.072542719516127, 5.879019333231861, 2.1507720416159266, 1.80531970331886, 2.246363391767419]","56_lag_pdoSSTjfm, 44_lag_nhSICjfm, 42_lag_67_median_traWP, 42_lag_50_median_nhTSjfm, 51_lag_satlSSTjfm, 42_lag_52_median_traEC, 42_lag_58_median_seurTSjfm, 64_lag_amo3, 42_lag_63_median_traBO, 49_lag_satlSSTjfm_3835_42"
LRforcedPSO,58,10,shSICsep,shigh,924.5,2005.5,0.8,73,43,43,19.022184986220175,0.3756506977684183,3835,"['68_lag_arcTSjfm', '43_lag_49_median_wnorPRjfm', '43_lag_62_median_eurPSLjfm', '56_lag_mhfIP30', '61_lag_mhfATL60', '43_lag_60_median_traEC', '43_lag_70_median_stratZ50ndj03', '43_lag_47_median_nhSICsep', '43_lag_69_median_neurTSjfm', '43_lag_46_median_AMOCann']","[6.32563889346164, 3.6521327432169457, 1.2559644894464146, 0.21959778245886952, 1.91077577948076, 0.5267638855330148, 0.08589573475953749, 8.788195323161837, 4.245600598450904, 0.8830438706810462]","68_lag_arcTSjfm, 43_lag_49_median_wnorPRjfm, 43_lag_62_median_eurPSLjfm, 56_lag_mhfIP30, 61_lag_mhfATL60, 43_lag_60_median_traEC, 43_lag_70_median_stratZ50ndj03, 43_lag_47_median_nhSICsep, 43_lag_69_median_neurTSjfm, 43_lag_46_median_AMOCann_3835_43"
LRforcedPSO,59,10,shSICsep,shigh,925.5,2005.5,0.8,74,44,44,17.059177529737454,-0.021127944802727373,3835,"['44_lag_53_median_atlSICsep', '59_lag_traBS', '44_lag_62_median_ginwSSTjfm', '44_lag_57_median_alpi', '44_lag_63_median_ensoSSTjfm', '44_lag_61_median_stratZ50ndj03', '52_lag_amo3', '44_lag_64_median_mhfATL30', '44_lag_68_median_nchinaPRjja', '44_lag_57_median_stratZ50ndj02']","[7.566629960053895, 4.976036681245843, 3.437266950582128, 2.1913267438770845, 1.9864145656512662, 0.6585476733942954, 3.403258949666455, 3.7263790539031945, 4.885780075327453, 4.765849376730216]","44_lag_53_median_atlSICsep, 59_lag_traBS, 44_lag_62_median_ginwSSTjfm, 44_lag_57_median_alpi, 44_lag_63_median_ensoSSTjfm, 44_lag_61_median_stratZ50ndj03, 52_lag_amo3, 44_lag_64_median_mhfATL30, 44_lag_68_median_nchinaPRjja, 44_lag_57_median_stratZ50ndj02_3835_44"
LRforcedPSO,60,10,shSICsep,shigh,926.5,2005.5,0.8,75,45,45,19.597701070664773,-0.1493465363146991,3835,"['71_lag_samPSLann', '67_lag_yrvPRjja', '53_lag_pdoSSTjfm', '62_lag_atlSICjfm', '45_lag_58_median_scpPSLjfm', '45_lag_71_median_eapPSLjfm', '45_lag_56_median_stratZ50ndj01', '45_lag_73_median_satlSSTjfm', '45_lag_57_median_mhfIP30', '71_lag_mhfIP30']","[6.114222478656387, 0.3064116068853231, 0.2880024270019437, 5.884633717303977, 3.1601742046402954, 3.560863811533814, 0.38398627425220333, 1.4614763945637836, 0.29989515898057206, 3.960178541061607]","71_lag_samPSLann, 67_lag_yrvPRjja, 53_lag_pdoSSTjfm, 62_lag_atlSICjfm, 45_lag_58_median_scpPSLjfm, 45_lag_71_median_eapPSLjfm, 45_lag_56_median_stratZ50ndj01, 45_lag_73_median_satlSSTjfm, 45_lag_57_median_mhfIP30, 71_lag_mhfIP30_3835_45"
LRforcedPSO,61,10,shSICsep,shigh,927.5,2005.5,0.8,76,46,46,21.491487450009167,-0.12571773999278474,3835,"['46_lag_64_median_ormenSSTjfm', '46_lag_47_median_stratZ50ndj04', '55_lag_gyreSSTjfm', '54_lag_solFORC', '47_lag_labSSTjfm', '46_lag_72_median_cetTSjfm', '46_lag_59_median_traIFC', '67_lag_neurTSjfm', '48_lag_mhfATL45', '50_lag_tripol2']","[2.660666651828702, 5.000161768461279, 4.272838550470956, 2.349849775722614, 0.624062703280563, 4.7364043132936136, 0.9848749328983413, 3.6271137591191405, 0.41701114466668443, 2.1718402047634777]","46_lag_64_median_ormenSSTjfm, 46_lag_47_median_stratZ50ndj04, 55_lag_gyreSSTjfm, 54_lag_solFORC, 47_lag_labSSTjfm, 46_lag_72_median_cetTSjfm, 46_lag_59_median_traIFC, 67_lag_neurTSjfm, 48_lag_mhfATL45, 50_lag_tripol2_3835_46"
LRforcedPSO,62,10,shSICsep,shigh,928.5,2005.5,0.8,77,47,47,17.477291980589882,-0.10942966026535386,3835,"['47_lag_55_median_nppc3SSTjfm', '66_lag_atlSICjfm', '47_lag_64_median_mhfATL60', '66_lag_mhfIP30', '53_lag_mhfIP30', '47_lag_72_median_mhfATL60', '47_lag_shSICsep', '63_lag_yrvPRjja', '47_lag_54_median_scpPSLjfm', '50_lag_gyreSSTjfm']","[3.830236320413185, 1.0049642992923467, 7.193502296563, 2.4152998628031384, 2.265964028900143, 4.478268093625532, 7.245483350711126, 7.145807160232467, 2.156606006345182, 3.551514985844282]","47_lag_55_median_nppc3SSTjfm, 66_lag_atlSICjfm, 47_lag_64_median_mhfATL60, 66_lag_mhfIP30, 53_lag_mhfIP30, 47_lag_72_median_mhfATL60, 47_lag_shSICsep, 63_lag_yrvPRjja, 47_lag_54_median_scpPSLjfm, 50_lag_gyreSSTjfm_3835_47"
LRforcedPSO,63,10,shSICsep,shigh,929.5,2005.5,0.8,78,48,48,20.78732969943071,0.05039938465326109,3835,"['48_lag_68_median_tripol1', '71_lag_shTSjfm', '57_lag_shSICmar', '60_lag_amo3', '49_lag_atlSICsep', '51_lag_nhSICsep', '64_lag_traDS', '73_lag_traMC', '64_lag_mhfATL45', '48_lag_67_median_mhfIP30']","[4.631622878309476, 2.961727185244099, 6.0748035630430985, 1.4765481621575542, 0.5840641149806753, 2.3722816792118095, 0.7476638138578178, 1.778285490279286, 3.498139040171109, 1.3081194797573552]","48_lag_68_median_tripol1, 71_lag_shTSjfm, 57_lag_shSICmar, 60_lag_amo3, 49_lag_atlSICsep, 51_lag_nhSICsep, 64_lag_traDS, 73_lag_traMC, 64_lag_mhfATL45, 48_lag_67_median_mhfIP30_3835_48"
LRforcedPSO,64,10,shSICsep,shigh,930.5,2005.5,0.8,79,49,49,22.54579082094192,0.09814833760462595,3835,"['72_lag_nhSICsep', '70_lag_nppc2SSTjfm', '49_lag_75_median_traTLS', '56_lag_seurTSjfm', '50_lag_amo2', '58_lag_atlSICsep', '52_lag_mhfATL45', '77_lag_glTSjfm', '73_lag_traFB', '49_lag_61_median_mhfIP30']","[1.7974844988356313, 2.0111076678320057, 5.300687427462741, 3.6364251372898373, 0.6872963925555737, 0.9875338837958143, 6.384965755018936, 0.6166990888380717, 2.7022435414157897, 0.38695518673313956]","72_lag_nhSICsep, 70_lag_nppc2SSTjfm, 49_lag_75_median_traTLS, 56_lag_seurTSjfm, 50_lag_amo2, 58_lag_atlSICsep, 52_lag_mhfATL45, 77_lag_glTSjfm, 73_lag_traFB, 49_lag_61_median_mhfIP30_3835_49"
LRforcedPSO,65,10,shSICsep,shigh,931.5,2005.5,0.8,80,50,50,14.422879198542223,0.09934033201759186,3835,"['62_lag_traFSC', '50_lag_51_median_traDP', '50_lag_73_median_satlSSTjfm', '61_lag_nchinaPRjja', '50_lag_62_median_traEU', '50_lag_57_median_tripol2', '50_lag_77_median_traBS', '50_lag_73_median_shSICmar', '50_lag_60_median_tripol1', '50_lag_74_median_traWP']","[0.6318599506404645, 4.92724374149638, 2.3914894960917987, 5.791821260053567, 1.8728079069410608, 3.155116393160821, 0.752792121420164, 5.103913703802396, 0.6952792980889733, 4.751138274431124]","62_lag_traFSC, 50_lag_51_median_traDP, 50_lag_73_median_satlSSTjfm, 61_lag_nchinaPRjja, 50_lag_62_median_traEU, 50_lag_57_median_tripol2, 50_lag_77_median_traBS, 50_lag_73_median_shSICmar, 50_lag_60_median_tripol1, 50_lag_74_median_traWP_3835_50"
LRforcedPSO,66,10,shSICsep,shigh,932.5,2005.5,0.8,81,51,51,18.304918214945882,0.06678805578109448,3835,"['62_lag_scpPSLjfm', '55_lag_traIT', '51_lag_55_median_tripol1', '51_lag_77_median_nhSICsep', '79_lag_traWP', '65_lag_stratZ50ndj04', '64_lag_solFORC', '51_lag_58_median_nhSICsep', '60_lag_naoPSLjfm', '79_lag_amoSSTmjjaso']","[0.3015290631525307, 3.9105133013132143, 5.882417317428857, 4.418538085297897, 3.6031200556327434, 6.859688627621166, 0.2779982662946061, 3.732338315527464, 1.4532626049236193, 3.5880026147324884]","62_lag_scpPSLjfm, 55_lag_traIT, 51_lag_55_median_tripol1, 51_lag_77_median_nhSICsep, 79_lag_traWP, 65_lag_stratZ50ndj04, 64_lag_solFORC, 51_lag_58_median_nhSICsep, 60_lag_naoPSLjfm, 79_lag_amoSSTmjjaso_3835_51"
LRforcedPSO,67,10,shSICsep,shigh,933.5,2005.5,0.8,82,52,52,24.87263377753034,0.2847605761370595,3835,"['52_lag_79_median_wnorPRjfm', '76_lag_nppc2SSTjfm', '52_lag_64_median_traIFC', '56_lag_solFORC', '52_lag_81_median_tripol3', '52_lag_58_median_labSSTjfm', '80_lag_mhfIP30', '52_lag_64_median_mhfIP30', '52_lag_traEU', '80_lag_traWP']","[2.8977007658159293, 3.2684540216347955, 1.3545705937994672, 8.2044510408927, 1.3084336018991891, 3.4462495929771464, 3.7166474113451446, 2.258724086414542, 0.10148716929172075, 0.6877848752258622]","52_lag_79_median_wnorPRjfm, 76_lag_nppc2SSTjfm, 52_lag_64_median_traIFC, 56_lag_solFORC, 52_lag_81_median_tripol3, 52_lag_58_median_labSSTjfm, 80_lag_mhfIP30, 52_lag_64_median_mhfIP30, 52_lag_traEU, 80_lag_traWP_3835_52"
LRforcedPSO,68,10,shSICsep,shigh,934.5,2005.5,0.8,83,53,53,24.981317908576763,0.0279387586640658,3835,"['53_lag_82_median_solFORC', '53_lag_63_median_amo2', '70_lag_ismPRjja', '53_lag_72_median_amoSSTmjjaso', '53_lag_80_median_arcTSjfm', '61_lag_seurTSjfm', '59_lag_nppc2SSTjfm', '73_lag_pdoSSTjfm', '56_lag_atlSICsep', '59_lag_mhfATL60']","[7.986399855080261, 5.340606923135587, 2.9670557988361868, 2.403066975552748, 5.995290065027056, 2.4308739513274364, 0.595250990988303, 4.275918600230819, 3.127951501086013, 1.159859053141643]","53_lag_82_median_solFORC, 53_lag_63_median_amo2, 70_lag_ismPRjja, 53_lag_72_median_amoSSTmjjaso, 53_lag_80_median_arcTSjfm, 61_lag_seurTSjfm, 59_lag_nppc2SSTjfm, 73_lag_pdoSSTjfm, 56_lag_atlSICsep, 59_lag_mhfATL60_3835_53"
LRforcedPSO,69,10,shSICsep,shigh,935.5,2005.5,0.8,84,54,54,15.625739312619704,0.03271796941243471,3835,"['54_lag_71_median_mhfIP30', '54_lag_80_median_amo2', '83_lag_traCA', '64_lag_satlSSTjfm', '54_lag_68_median_mhfIP30', '54_lag_67_median_shSICsep', '59_lag_atlSICsep', '63_lag_traFSC', '74_lag_traMC', '69_lag_amo2']","[2.013414555568631, 5.244956537130632, 1.0546111490462078, 4.111255376386556, 2.68627945518816, 0.6725136719667582, 0.5008111890279778, 1.8717880020627078, 5.086737425317612, 5.054997574345316]","54_lag_71_median_mhfIP30, 54_lag_80_median_amo2, 83_lag_traCA, 64_lag_satlSSTjfm, 54_lag_68_median_mhfIP30, 54_lag_67_median_shSICsep, 59_lag_atlSICsep, 63_lag_traFSC, 74_lag_traMC, 69_lag_amo2_3835_54"
LRforcedPSO,70,10,shSICsep,shigh,936.5,2005.5,0.8,85,55,55,19.752726222925432,-0.016186785980488817,3835,"['59_lag_tripol1', '57_lag_mhfATL60', '59_lag_samPSLann', '55_lag_68_median_stratZ50ndj02', '68_lag_alpi', '55_lag_65_median_neurTSjfm', '58_lag_glTSjfm', '55_lag_70_median_tripol2', '62_lag_satlSSTjfm', '55_lag_77_median_traCA']","[1.131756895243015, 2.253064838954839, 5.608711011561622, 0.4687413022314697, 6.315922346884562, 2.974324952968823, 0.35324650529450885, 0.8277218495138889, 0.02442453847924675, 1.0731377564374647]","59_lag_tripol1, 57_lag_mhfATL60, 59_lag_samPSLann, 55_lag_68_median_stratZ50ndj02, 68_lag_alpi, 55_lag_65_median_neurTSjfm, 58_lag_glTSjfm, 55_lag_70_median_tripol2, 62_lag_satlSSTjfm, 55_lag_77_median_traCA_3835_55"
LRforcedPSO,71,10,shSICsep,shigh,937.5,2005.5,0.8,86,56,56,13.855401001016629,0.18576140223035448,3835,"['56_lag_81_median_traTLS', '69_lag_traFSC', '72_lag_nhSICjfm', '84_lag_amo2', '56_lag_73_median_atlSICsep', '56_lag_78_median_amo3', '71_lag_nhSICsep', '56_lag_74_median_amo1', '59_lag_arcTSjfm', '56_lag_78_median_traEC']","[0.27374409230731267, 0.8731556129720275, 0.38082152987343143, 0.13753644638722307, 0.7839603991683646, 5.0472840099826115, 4.253637779399465, 2.1659039777328104, 5.272693653751304, 5.696382205726344]","56_lag_81_median_traTLS, 69_lag_traFSC, 72_lag_nhSICjfm, 84_lag_amo2, 56_lag_73_median_atlSICsep, 56_lag_78_median_amo3, 71_lag_nhSICsep, 56_lag_74_median_amo1, 59_lag_arcTSjfm, 56_lag_78_median_traEC_3835_56"
LRforcedPSO,72,10,shSICsep,shigh,938.5,2005.5,0.8,87,57,57,20.535178214426924,-0.002492589391361143,3835,"['57_lag_74_median_arcTSjfm', '57_lag_78_median_atlSICjfm', '57_lag_84_median_traCA', '57_lag_71_median_traFB', '57_lag_61_median_arcTSjfm', '57_lag_74_median_mhfATL45', '57_lag_77_median_traDP', '75_lag_shSICsep', '75_lag_atlSICsep', '57_lag_63_median_shTSjfm']","[3.8146410891566234, 9.512297184425918, 7.4690902904345275, 3.277976276693785, 4.357711389017464, 6.921495864948524, 3.0957234635616215, 1.5293993744949397, 4.933329160247855, 6.5822563610671185]","57_lag_74_median_arcTSjfm, 57_lag_78_median_atlSICjfm, 57_lag_84_median_traCA, 57_lag_71_median_traFB, 57_lag_61_median_arcTSjfm, 57_lag_74_median_mhfATL45, 57_lag_77_median_traDP, 75_lag_shSICsep, 75_lag_atlSICsep, 57_lag_63_median_shTSjfm_3835_57"
LRforcedPSO,73,10,shSICsep,shigh,939.5,2005.5,0.8,88,58,58,19.789279047111037,0.19974621411997032,3835,"['58_lag_75_median_nppc2SSTjfm', '86_lag_traEU', '58_lag_80_median_eapPSLjfm', '68_lag_ensoSSTjfm', '86_lag_stratZ50ndj01', '87_lag_yrvPRjja', '58_lag_75_median_ginwSSTjfm', '76_lag_nppc3SSTjfm', '82_lag_yrvPRjja', '70_lag_AMOCann']","[0.18245076050465414, 0.18668087013907808, 4.454723040841294, 2.025658586439521, 6.82672546990112, 4.616791187281413, 3.023112537700854, 3.822029423499787, 2.116641712247544, 5.408974956004626]","58_lag_75_median_nppc2SSTjfm, 86_lag_traEU, 58_lag_80_median_eapPSLjfm, 68_lag_ensoSSTjfm, 86_lag_stratZ50ndj01, 87_lag_yrvPRjja, 58_lag_75_median_ginwSSTjfm, 76_lag_nppc3SSTjfm, 82_lag_yrvPRjja, 70_lag_AMOCann_3835_58"
LRforcedPSO,74,10,shSICsep,shigh,940.5,2005.5,0.8,89,59,59,19.568902083224263,0.0925475910159175,3835,"['59_lag_74_median_nhSICjfm', '61_lag_mhfATL60', '59_lag_64_median_mhfATL30', '59_lag_84_median_pdoSSTjfm', '71_lag_tripol2', '59_lag_63_median_atlSICsep', '59_lag_77_median_glTSjfm', '72_lag_traBS', '59_lag_73_median_atlSICjfm', '59_lag_68_median_arcTSjfm']","[4.298714339478198, 3.4765174232191747, 2.9979971842521946, 1.5794103700922903, 4.928108849276073, 6.630315883089337, 4.188826228565725, 0.20982499440173719, 7.723318675628967, 3.4600637638372085]","59_lag_74_median_nhSICjfm, 61_lag_mhfATL60, 59_lag_64_median_mhfATL30, 59_lag_84_median_pdoSSTjfm, 71_lag_tripol2, 59_lag_63_median_atlSICsep, 59_lag_77_median_glTSjfm, 72_lag_traBS, 59_lag_73_median_atlSICjfm, 59_lag_68_median_arcTSjfm_3835_59"
LRforcedPSO,75,10,shSICsep,shigh,941.5,2005.5,0.8,90,60,60,14.477765281248342,0.1078551702688731,3835,"['80_lag_ismPRjja', '83_lag_ensoSSTjfm', '70_lag_samPSLann', '68_lag_amo2', '60_lag_63_median_amoSSTmjjaso', '60_lag_83_median_traIT', '60_lag_68_median_labSSTjfm', '81_lag_traDS', '84_lag_solFORC', '77_lag_naoPSLjfm']","[2.818093712048211, 3.5140568633592313, 0.3759947009065385, 4.8737877756358605, 4.060967339485808, 3.482521663458373, 0.8032353334410214, 1.8338100148709096, 5.217425798176148, 3.7252706589119473]","80_lag_ismPRjja, 83_lag_ensoSSTjfm, 70_lag_samPSLann, 68_lag_amo2, 60_lag_63_median_amoSSTmjjaso, 60_lag_83_median_traIT, 60_lag_68_median_labSSTjfm, 81_lag_traDS, 84_lag_solFORC, 77_lag_naoPSLjfm_3835_60"
LRforcedPSO,76,10,shSICsep,shigh,942.5,2005.5,0.8,91,61,61,18.66916963796669,-0.1371666389607585,3835,"['76_lag_glTSjfm', '61_lag_87_median_nppc3SSTjfm', '75_lag_glomaSSTjfm', '61_lag_69_median_solFORC', '61_lag_66_median_tripol2', '62_lag_alpi', '63_lag_traMC', '61_lag_90_median_traDS', '61_lag_89_median_nhSICsep', '74_lag_cetTSjfm']","[5.227504083401591, 1.2347818071218502, 6.138696987660531, 2.987775890653568, 0.5971472761897996, 2.2887081988714986, 3.5417125116169785, 1.9525735604406194, 0.22867192458487295, 1.832306201402714]","76_lag_glTSjfm, 61_lag_87_median_nppc3SSTjfm, 75_lag_glomaSSTjfm, 61_lag_69_median_solFORC, 61_lag_66_median_tripol2, 62_lag_alpi, 63_lag_traMC, 61_lag_90_median_traDS, 61_lag_89_median_nhSICsep, 74_lag_cetTSjfm_3835_61"
LRforcedPSO,77,10,shSICsep,shigh,943.5,2005.5,0.8,92,62,62,22.899353388825144,-0.10690250136990022,3835,"['62_lag_81_median_mhfIP30', '62_lag_84_median_stratZ50ndj01', '65_lag_traBO', '73_lag_nhSICjfm', '62_lag_91_median_atlSICsep', '69_lag_seurTSjfm', '84_lag_stratZ50ndj04', '69_lag_gyreSSTjfm', '77_lag_nchinaPRjja', '83_lag_traFSC']","[4.879375947917954, 4.517169701332446, 8.841012029392385, 3.080747349509279, 4.310482699643046, 6.695000449006557, 0.2772517060730948, 0.08175358596391469, 1.6750169422318955, 1.2018878730412563]","62_lag_81_median_mhfIP30, 62_lag_84_median_stratZ50ndj01, 65_lag_traBO, 73_lag_nhSICjfm, 62_lag_91_median_atlSICsep, 69_lag_seurTSjfm, 84_lag_stratZ50ndj04, 69_lag_gyreSSTjfm, 77_lag_nchinaPRjja, 83_lag_traFSC_3835_62"
LRforcedPSO,78,10,shSICsep,shigh,944.5,2005.5,0.8,93,63,63,21.331996886699876,-0.047278926549597616,3835,"['63_lag_amoSSTmjjaso', '90_lag_traFSC', '63_lag_84_median_nppc3SSTjfm', '82_lag_traTLS', '80_lag_scpPSLjfm', '74_lag_nhSICsep', '63_lag_80_median_shSICsep', '63_lag_85_median_alpi', '63_lag_traBO', '76_lag_traCA']","[6.514658816243277, 9.718462288340623, 4.258223075280581, 1.5930371039584674, 2.321098464384839, 3.019201554133173, 2.4182204691134874, 3.285414644967597, 1.6375097109054302, 2.4956524832868894]","63_lag_amoSSTmjjaso, 90_lag_traFSC, 63_lag_84_median_nppc3SSTjfm, 82_lag_traTLS, 80_lag_scpPSLjfm, 74_lag_nhSICsep, 63_lag_80_median_shSICsep, 63_lag_85_median_alpi, 63_lag_traBO, 76_lag_traCA_3835_63"
LRforcedPSO,79,10,shSICsep,shigh,945.5,2005.5,0.8,94,64,64,18.389214408495548,0.07041580390894349,3835,"['64_lag_81_median_tripol2', '64_lag_83_median_traDS', '64_lag_81_median_traIT', '64_lag_74_median_traFS', '67_lag_mhfATL30', '64_lag_72_median_tripol3', '74_lag_amo2', '64_lag_66_median_shSICmar', '64_lag_67_median_atlSICsep', '69_lag_traDS']","[1.3297677201679718, 0.31101544087442434, 1.3659925415598124, 2.2566585027150694, 0.13749737911892623, 3.562956632465859, 7.587707733200448, 1.1129954644533377, 2.5379917551652937, 4.505912901752847]","64_lag_81_median_tripol2, 64_lag_83_median_traDS, 64_lag_81_median_traIT, 64_lag_74_median_traFS, 67_lag_mhfATL30, 64_lag_72_median_tripol3, 74_lag_amo2, 64_lag_66_median_shSICmar, 64_lag_67_median_atlSICsep, 69_lag_traDS_3835_64"
LRforcedPSO,80,10,shSICsep,shigh,946.5,2005.5,0.8,95,65,65,20.94560126126693,-0.16231413122546523,3835,"['81_lag_alpi', '65_lag_85_median_nhTSjfm', '65_lag_86_median_wnorPRjfm', '65_lag_67_median_traEC', '74_lag_ormenSSTjfm', '90_lag_shTSjfm', '65_lag_88_median_traFS', '65_lag_92_median_traFSC', '73_lag_atlSICjfm', '80_lag_eurPSLjfm']","[0.41922537810162375, 3.4099583741612634, 1.10438013057089, 4.316888759569451, 4.225068922942107, 4.1522147673700704, 2.93958361982138, 2.490151598045836, 0.09798027652151475, 3.154385550857983]","81_lag_alpi, 65_lag_85_median_nhTSjfm, 65_lag_86_median_wnorPRjfm, 65_lag_67_median_traEC, 74_lag_ormenSSTjfm, 90_lag_shTSjfm, 65_lag_88_median_traFS, 65_lag_92_median_traFSC, 73_lag_atlSICjfm, 80_lag_eurPSLjfm_3835_65"
LRforcedPSO,81,10,shSICsep,shigh,947.5,2005.5,0.8,96,66,66,28.46100854636111,0.08290471541219059,3835,"['66_lag_69_median_ginwSSTjfm', '66_lag_95_median_traEU', '73_lag_tripol1', '86_lag_ensoSSTjfm', '66_lag_70_median_glTSjfm', '66_lag_72_median_satlSSTjfm', '66_lag_89_median_tripol1', '74_lag_wnorPRjfm', '66_lag_92_median_traMC', '66_lag_84_median_ormenSSTjfm']","[8.591672029825428, 2.3663254936802396, 3.898857397361583, 1.5208265752898917, 0.06799699223599376, 3.0094644959860055, 3.6385932604093814, 2.6673322931220884, 4.983124318504741, 9.497019728434886]","66_lag_69_median_ginwSSTjfm, 66_lag_95_median_traEU, 73_lag_tripol1, 86_lag_ensoSSTjfm, 66_lag_70_median_glTSjfm, 66_lag_72_median_satlSSTjfm, 66_lag_89_median_tripol1, 74_lag_wnorPRjfm, 66_lag_92_median_traMC, 66_lag_84_median_ormenSSTjfm_3835_66"
LRforcedPSO,82,10,shSICsep,shigh,948.5,2005.5,0.8,97,67,67,15.40113626868164,0.26286267885248993,3835,"['69_lag_neurTSjfm', '72_lag_traTLS', '67_lag_71_median_stratZ50ndj01', '67_lag_96_median_atlSICjfm', '67_lag_94_median_traIFC', '67_lag_77_median_traFSC', '67_lag_nhSICsep', '67_lag_74_median_traFB', '67_lag_74_median_gyreSSTjfm', '67_lag_89_median_amo3']","[5.30750895295013, 2.1439042129533465, 2.3762642641870357, 2.237192865146099, 3.2967996325592193, 0.5434887771987036, 3.330059460725481, 3.496384819120328, 5.015555162323684, 1.0699412371561206]","69_lag_neurTSjfm, 72_lag_traTLS, 67_lag_71_median_stratZ50ndj01, 67_lag_96_median_atlSICjfm, 67_lag_94_median_traIFC, 67_lag_77_median_traFSC, 67_lag_nhSICsep, 67_lag_74_median_traFB, 67_lag_74_median_gyreSSTjfm, 67_lag_89_median_amo3_3835_67"
LRforcedPSO,83,10,shSICsep,shigh,949.5,2005.5,0.8,98,68,68,18.47063167004719,0.23077898410113384,3835,"['68_lag_74_median_tripol3', '68_lag_74_median_eapPSLjfm', '68_lag_70_median_stratZ50ndj03', '80_lag_neurTSjfm', '68_lag_70_median_ismPRjja', '68_lag_81_median_traDS', '70_lag_wnorPRjfm', '89_lag_traEC', '68_lag_79_median_mhfATL30', '81_lag_glTSjfm']","[2.5450220135046013, 2.9801115450194544, 0.2556748093232777, 3.613766319070862, 6.022298108962325, 5.354850264405844, 1.1325081659514318, 2.9615743145252615, 8.318931989756939, 5.715952363207336]","68_lag_74_median_tripol3, 68_lag_74_median_eapPSLjfm, 68_lag_70_median_stratZ50ndj03, 80_lag_neurTSjfm, 68_lag_70_median_ismPRjja, 68_lag_81_median_traDS, 70_lag_wnorPRjfm, 89_lag_traEC, 68_lag_79_median_mhfATL30, 81_lag_glTSjfm_3835_68"
LRforcedPSO,84,10,shSICsep,shigh,950.5,2005.5,0.8,99,69,69,21.83727740708427,-0.13999055294427198,3835,"['69_lag_93_median_labSSTjfm', '69_lag_87_median_cetTSjfm', '69_lag_96_median_nhSICsep', '69_lag_81_median_traFS', '69_lag_71_median_amo1', '81_lag_naoPSLjfm', '70_lag_traFSC', '69_lag_87_median_amo1', '69_lag_nppc2SSTjfm', '75_lag_amoSSTmjjaso']","[7.676657779298107, 1.7923035756756462, 0.7326277254054396, 2.465899437183891, 8.963652424820868, 9.939729754160808, 1.7993526345739603, 3.5829122566167264, 0.4041353720317975, 3.7327696734338307]","69_lag_93_median_labSSTjfm, 69_lag_87_median_cetTSjfm, 69_lag_96_median_nhSICsep, 69_lag_81_median_traFS, 69_lag_71_median_amo1, 81_lag_naoPSLjfm, 70_lag_traFSC, 69_lag_87_median_amo1, 69_lag_nppc2SSTjfm, 75_lag_amoSSTmjjaso_3835_69"
LRforcedPSO,85,10,shSICsep,shigh,951.5,2005.5,0.8,100,70,70,25.919015901404617,-0.19355514828742748,3835,"['70_lag_76_median_samPSLann', '70_lag_94_median_traEU', '70_lag_80_median_nppc3SSTjfm', '70_lag_79_median_shTSjfm', '70_lag_75_median_cetTSjfm', '87_lag_mhfATL60', '85_lag_nhSICjfm', '79_lag_mhfATL30', '70_lag_81_median_amo1', '70_lag_96_median_traIT']","[2.2407148738366995, 1.6605461623475115, 3.222511315980629, 6.938536628613228, 3.5948539156220782, 1.5383402264831076, 1.2399078951532605, 3.641581908618498, 7.39964002886148, 1.4859075687843397]","70_lag_76_median_samPSLann, 70_lag_94_median_traEU, 70_lag_80_median_nppc3SSTjfm, 70_lag_79_median_shTSjfm, 70_lag_75_median_cetTSjfm, 87_lag_mhfATL60, 85_lag_nhSICjfm, 79_lag_mhfATL30, 70_lag_81_median_amo1, 70_lag_96_median_traIT_3835_70"
